6ACiYVKbmPM/00000613.jpg	0	870	168	999	297	id0
6ACiYVKbmPM/00001359.jpg	0	755	196	884	325	id0
6ACiYVKbmPM/00000776.jpg	0	1113	116	1268	270	id0
6ACiYVKbmPM/00001124.jpg	0	1005	139	1191	325	id0
6ACiYVKbmPM/00000575.jpg	0	975	133	1130	288	id0
6ACiYVKbmPM/00000590.jpg	0	913	168	1042	297	id0
6ACiYVKbmPM/00001316.jpg	0	820	184	975	339	id0
6ACiYVKbmPM/00000612.jpg	0	870	168	999	297	id0
6ACiYVKbmPM/00001021.jpg	0	1044	150	1199	305	id0
6ACiYVKbmPM/00000617.jpg	0	870	182	999	311	id0
6ACiYVKbmPM/00000767.jpg	0	1088	98	1274	284	id0
6ACiYVKbmPM/00000761.jpg	0	1096	116	1250	270	id0
6ACiYVKbmPM/00001037.jpg	0	1044	167	1199	322	id0
6ACiYVKbmPM/00001388.jpg	0	666	150	820	305	id0
6ACiYVKbmPM/00000610.jpg	0	872	150	1027	305	id0
6ACiYVKbmPM/00000602.jpg	0	872	150	1027	305	id0
6ACiYVKbmPM/00000589.jpg	0	906	150	1061	305	id0
6ACiYVKbmPM/00000566.jpg	0	1044	116	1199	270	id0
6ACiYVKbmPM/00000609.jpg	0	872	150	1027	305	id0
6ACiYVKbmPM/00001047.jpg	0	1044	167	1199	322	id0
6ACiYVKbmPM/00000622.jpg	0	855	167	1010	322	id0
6ACiYVKbmPM/00001043.jpg	0	1044	167	1199	322	id0
6ACiYVKbmPM/00000995.jpg	0	1061	167	1216	322	id0
6ACiYVKbmPM/00000728.jpg	0	992	133	1147	288	id0
6ACiYVKbmPM/00000998.jpg	0	1061	167	1216	322	id0
6ACiYVKbmPM/00001383.jpg	0	683	167	838	322	id0
6ACiYVKbmPM/00000803.jpg	1	1164	116	1319	270	id0
6ACiYVKbmPM/00000619.jpg	0	855	167	1010	322	id0
6ACiYVKbmPM/00000756.jpg	0	1096	116	1250	270	id0
6ACiYVKbmPM/00001015.jpg	0	1026	139	1212	325	id0
6ACiYVKbmPM/00001137.jpg	0	1010	167	1164	322	id0
6ACiYVKbmPM/00001407.jpg	0	640	182	769	311	id0
6ACiYVKbmPM/00001375.jpg	0	700	167	855	322	id0
6ACiYVKbmPM/00000775.jpg	0	1113	116	1268	270	id0
6ACiYVKbmPM/00000573.jpg	0	992	133	1147	288	id0
6ACiYVKbmPM/00001117.jpg	0	1027	167	1182	322	id0
6ACiYVKbmPM/00000778.jpg	0	1130	116	1285	270	id0
6ACiYVKbmPM/00000560.jpg	0	1096	116	1250	270	id0
6ACiYVKbmPM/00001391.jpg	0	666	150	820	305	id0
6ACiYVKbmPM/00000747.jpg	0	1047	98	1232	284	id0
6ACiYVKbmPM/00000763.jpg	0	1088	98	1274	284	id0
6ACiYVKbmPM/00001347.jpg	0	769	184	924	339	id0
6ACiYVKbmPM/00000758.jpg	0	1096	116	1250	270	id0
6ACiYVKbmPM/00001365.jpg	0	717	167	872	322	id0
6ACiYVKbmPM/00001408.jpg	0	640	182	769	311	id0
6ACiYVKbmPM/00000556.jpg	0	1109	98	1294	284	id0
6ACiYVKbmPM/00000781.jpg	0	1130	116	1285	270	id0
6ACiYVKbmPM/00001011.jpg	0	1026	139	1212	325	id0
6ACiYVKbmPM/00001126.jpg	0	1005	139	1191	325	id0
6ACiYVKbmPM/00000752.jpg	0	1078	116	1233	270	id0
6ACiYVKbmPM/00000580.jpg	0	941	133	1096	288	id0
6ACiYVKbmPM/00001129.jpg	0	1005	139	1191	325	id0
6ACiYVKbmPM/00001393.jpg	0	666	167	820	322	id0
6ACiYVKbmPM/00001050.jpg	0	1044	167	1199	322	id0
6ACiYVKbmPM/00000570.jpg	0	1010	116	1164	270	id0
6ACiYVKbmPM/00001322.jpg	0	803	184	958	339	id0
6ACiYVKbmPM/00000754.jpg	0	1096	116	1250	270	id0
6ACiYVKbmPM/00001386.jpg	0	683	167	838	322	id0
6ACiYVKbmPM/00001005.jpg	0	1026	139	1212	325	id0
6ACiYVKbmPM/00001057.jpg	0	1044	167	1199	322	id0
6ACiYVKbmPM/00001369.jpg	0	726	182	855	311	id0
6ACiYVKbmPM/00000579.jpg	0	958	133	1113	288	id0
6ACiYVKbmPM/00000564.jpg	0	1061	116	1216	270	id0
6ACiYVKbmPM/00000793.jpg	0	1147	116	1302	270	id0
6ACiYVKbmPM/00001390.jpg	0	666	150	820	305	id0
6ACiYVKbmPM/00000762.jpg	0	1096	116	1250	270	id0
6ACiYVKbmPM/00001355.jpg	0	752	184	906	339	id0
6ACiYVKbmPM/00000583.jpg	0	941	153	1070	282	id0
6ACiYVKbmPM/00000574.jpg	0	992	133	1147	288	id0
6ACiYVKbmPM/00001054.jpg	0	1044	167	1199	322	id0
6ACiYVKbmPM/00000777.jpg	0	1130	116	1285	270	id0
6ACiYVKbmPM/00000787.jpg	0	1147	116	1302	270	id0
6ACiYVKbmPM/00000749.jpg	0	1078	116	1233	270	id0
6ACiYVKbmPM/00001139.jpg	0	1005	139	1191	325	id0
6ACiYVKbmPM/00001148.jpg	0	1027	150	1182	305	id0
6ACiYVKbmPM/00001135.jpg	0	1005	139	1191	325	id0
6ACiYVKbmPM/00000751.jpg	0	1078	116	1233	270	id0
6ACiYVKbmPM/00001409.jpg	0	614	167	769	322	id0
6ACiYVKbmPM/00001382.jpg	0	683	150	838	305	id0
6ACiYVKbmPM/00000729.jpg	0	1010	133	1164	288	id0
6ACiYVKbmPM/00001349.jpg	0	769	184	924	339	id0
6ACiYVKbmPM/00001320.jpg	0	820	184	975	339	id0
6ACiYVKbmPM/00001121.jpg	0	1027	167	1182	322	id0
6ACiYVKbmPM/00001048.jpg	0	1044	167	1199	322	id0
6ACiYVKbmPM/00001362.jpg	0	734	184	889	339	id0
6ACiYVKbmPM/00000599.jpg	0	898	168	1027	297	id0
6ACiYVKbmPM/00001402.jpg	0	655	182	784	311	id0
6ACiYVKbmPM/00001039.jpg	0	1044	167	1199	322	id0
6ACiYVKbmPM/00000779.jpg	0	1130	116	1285	270	id0
6ACiYVKbmPM/00001354.jpg	0	752	184	906	339	id0
6ACiYVKbmPM/00000584.jpg	0	924	150	1078	305	id0
6ACiYVKbmPM/00001033.jpg	0	1044	167	1199	322	id0
6ACiYVKbmPM/00001046.jpg	0	1044	167	1199	322	id0
6ACiYVKbmPM/00000615.jpg	0	870	182	999	311	id0
6ACiYVKbmPM/00000766.jpg	0	1088	98	1274	284	id0
6ACiYVKbmPM/00000611.jpg	0	872	150	1027	305	id0
6ACiYVKbmPM/00001003.jpg	0	1026	139	1212	325	id0
6ACiYVKbmPM/00001049.jpg	0	1044	167	1199	322	id0
6ACiYVKbmPM/00000595.jpg	0	889	150	1044	305	id0
6ACiYVKbmPM/00001059.jpg	0	1044	167	1199	322	id0
6ACiYVKbmPM/00001056.jpg	0	1044	167	1199	322	id0
6ACiYVKbmPM/00001387.jpg	0	683	168	812	297	id0
6ACiYVKbmPM/00000625.jpg	0	838	167	992	322	id0
6ACiYVKbmPM/00000768.jpg	0	1113	116	1268	270	id0
6ACiYVKbmPM/00001060.jpg	0	1044	167	1199	322	id0
6ACiYVKbmPM/00000750.jpg	0	1078	116	1233	270	id0
6ACiYVKbmPM/00001323.jpg	0	803	184	958	339	id0
6ACiYVKbmPM/00001038.jpg	0	1044	167	1199	322	id0
6ACiYVKbmPM/00001149.jpg	0	1027	150	1182	305	id0
6ACiYVKbmPM/00001317.jpg	0	820	184	975	339	id0
6ACiYVKbmPM/00000553.jpg	0	1156	125	1285	254	id0
6ACiYVKbmPM/00000790.jpg	0	1147	116	1302	270	id0
6ACiYVKbmPM/00000795.jpg	0	1147	116	1302	270	id0
6ACiYVKbmPM/00001026.jpg	0	1061	167	1216	322	id0
6ACiYVKbmPM/00001020.jpg	0	1044	150	1199	305	id0
6ACiYVKbmPM/00001134.jpg	0	1010	167	1164	322	id0
6ACiYVKbmPM/00001395.jpg	0	669	182	798	311	id0
6ACiYVKbmPM/00000572.jpg	0	1010	116	1164	270	id0
6ACiYVKbmPM/00001345.jpg	0	769	184	924	339	id0
6ACiYVKbmPM/00001356.jpg	0	752	184	906	339	id0
6ACiYVKbmPM/00001389.jpg	0	666	150	820	305	id0
6ACiYVKbmPM/00000562.jpg	0	1078	116	1233	270	id0
6ACiYVKbmPM/00001009.jpg	0	1026	139	1212	325	id0
6ACiYVKbmPM/00000748.jpg	0	1047	98	1232	284	id0
6ACiYVKbmPM/00000554.jpg	0	1156	125	1285	254	id0
6ACiYVKbmPM/00001350.jpg	0	769	196	898	325	id0
6ACiYVKbmPM/00001017.jpg	0	1044	150	1199	305	id0
6ACiYVKbmPM/00000733.jpg	0	1027	133	1182	288	id0
6ACiYVKbmPM/00001399.jpg	0	648	167	803	322	id0
6ACiYVKbmPM/00001377.jpg	0	700	167	855	322	id0
6ACiYVKbmPM/00001012.jpg	0	1026	139	1212	325	id0
6ACiYVKbmPM/00001321.jpg	0	820	184	975	339	id0
6ACiYVKbmPM/00001371.jpg	0	726	182	855	311	id0
6ACiYVKbmPM/00000731.jpg	0	1010	133	1164	288	id0
6ACiYVKbmPM/00000726.jpg	0	992	133	1147	288	id0
6ACiYVKbmPM/00001028.jpg	0	1061	167	1216	322	id0
6ACiYVKbmPM/00000769.jpg	0	1113	116	1268	270	id0
6ACiYVKbmPM/00000791.jpg	0	1147	116	1302	270	id0
6ACiYVKbmPM/00000551.jpg	0	1171	125	1300	254	id0
6ACiYVKbmPM/00001042.jpg	0	1044	167	1199	322	id0
6ACiYVKbmPM/00000800.jpg	1	1164	116	1319	270	id0
6ACiYVKbmPM/00001401.jpg	0	655	182	784	311	id0
6ACiYVKbmPM/00001400.jpg	0	655	182	784	311	id0
6ACiYVKbmPM/00001034.jpg	0	1044	150	1199	305	id0
6ACiYVKbmPM/00001404.jpg	0	631	167	786	322	id0
6ACiYVKbmPM/00000738.jpg	0	1044	133	1199	288	id0
6ACiYVKbmPM/00000796.jpg	0	1147	116	1302	270	id0
6ACiYVKbmPM/00000727.jpg	0	992	133	1147	288	id0
6ACiYVKbmPM/00000730.jpg	0	1010	133	1164	288	id0
6ACiYVKbmPM/00000620.jpg	0	855	167	1010	322	id0
6ACiYVKbmPM/00001324.jpg	0	803	167	958	322	id0
6ACiYVKbmPM/00000605.jpg	0	872	150	1027	305	id0
6ACiYVKbmPM/00000586.jpg	0	927	168	1056	297	id0
6ACiYVKbmPM/00001125.jpg	0	1005	139	1191	325	id0
6ACiYVKbmPM/00001041.jpg	0	1044	167	1199	322	id0
6ACiYVKbmPM/00000732.jpg	0	1010	133	1164	288	id0
6ACiYVKbmPM/00001030.jpg	0	1061	167	1216	322	id0
6ACiYVKbmPM/00000797.jpg	0	1164	116	1319	270	id0
6ACiYVKbmPM/00000788.jpg	0	1147	116	1302	270	id0
6ACiYVKbmPM/00001027.jpg	0	1061	167	1216	322	id0
6ACiYVKbmPM/00001023.jpg	0	1061	167	1216	322	id0
6ACiYVKbmPM/00001045.jpg	0	1044	167	1199	322	id0
6ACiYVKbmPM/00000626.jpg	0	855	182	984	311	id0
6ACiYVKbmPM/00001061.jpg	0	1044	167	1199	322	id0
6ACiYVKbmPM/00001405.jpg	0	640	182	769	311	id0
6ACiYVKbmPM/00001036.jpg	0	1026	139	1212	325	id0
6ACiYVKbmPM/00001013.jpg	0	1044	150	1199	305	id0
6ACiYVKbmPM/00001051.jpg	0	1044	167	1199	322	id0
6ACiYVKbmPM/00000597.jpg	0	889	150	1044	305	id0
6ACiYVKbmPM/00000794.jpg	0	1147	116	1302	270	id0
6ACiYVKbmPM/00001360.jpg	0	734	184	889	339	id0
6ACiYVKbmPM/00001370.jpg	0	726	182	855	311	id0
6ACiYVKbmPM/00001313.jpg	0	838	184	992	339	id0
6ACiYVKbmPM/00000591.jpg	0	913	168	1042	297	id0
6ACiYVKbmPM/00000593.jpg	0	889	150	1044	305	id0
6ACiYVKbmPM/00001029.jpg	0	1061	167	1216	322	id0
6ACiYVKbmPM/00001406.jpg	0	631	167	786	322	id0
6ACiYVKbmPM/00001040.jpg	0	1044	167	1199	322	id0
6ACiYVKbmPM/00001319.jpg	0	820	184	975	339	id0
6ACiYVKbmPM/00001016.jpg	0	1044	150	1199	305	id0
6ACiYVKbmPM/00001374.jpg	0	700	167	855	322	id0
6ACiYVKbmPM/00001133.jpg	0	1010	167	1164	322	id0
6ACiYVKbmPM/00001147.jpg	0	1027	150	1182	305	id0
6ACiYVKbmPM/00000603.jpg	0	872	150	1027	305	id0
6ACiYVKbmPM/00000801.jpg	1	1164	116	1319	270	id0
6ACiYVKbmPM/00001025.jpg	0	1061	167	1216	322	id0
6ACiYVKbmPM/00001010.jpg	0	1026	139	1212	325	id0
6ACiYVKbmPM/00000783.jpg	0	1130	116	1285	270	id0
6ACiYVKbmPM/00000771.jpg	0	1113	116	1268	270	id0
6ACiYVKbmPM/00000594.jpg	0	889	150	1044	305	id0
6ACiYVKbmPM/00001118.jpg	0	1027	167	1182	322	id0
6ACiYVKbmPM/00000568.jpg	0	1027	116	1182	270	id0
6ACiYVKbmPM/00001032.jpg	0	1044	150	1199	305	id0
6ACiYVKbmPM/00001035.jpg	0	1044	150	1199	305	id0
6ACiYVKbmPM/00001397.jpg	0	648	167	803	322	id0
6ACiYVKbmPM/00001044.jpg	0	1044	167	1199	322	id0
6ACiYVKbmPM/00001367.jpg	0	717	167	872	322	id0
6ACiYVKbmPM/00000764.jpg	0	1088	98	1274	284	id0
6ACiYVKbmPM/00001140.jpg	0	1005	139	1191	325	id0
6ACiYVKbmPM/00000989.jpg	0	1061	167	1216	322	id0
6ACiYVKbmPM/00001373.jpg	0	700	167	855	322	id0
6ACiYVKbmPM/00000582.jpg	0	941	153	1070	282	id0
6ACiYVKbmPM/00000988.jpg	0	1061	167	1216	322	id0
6ACiYVKbmPM/00000772.jpg	0	1113	116	1268	270	id0
6ACiYVKbmPM/00001000.jpg	0	1061	167	1216	322	id0
6ACiYVKbmPM/00001396.jpg	0	669	182	798	311	id0
6ACiYVKbmPM/00001136.jpg	0	1005	139	1191	325	id0
6ACiYVKbmPM/00001007.jpg	0	1026	139	1212	325	id0
6ACiYVKbmPM/00001008.jpg	0	1026	139	1212	325	id0
6ACiYVKbmPM/00000740.jpg	0	1044	133	1199	288	id0
6ACiYVKbmPM/00000585.jpg	0	927	153	1056	282	id0
6ACiYVKbmPM/00000577.jpg	0	958	133	1113	288	id0
6ACiYVKbmPM/00000990.jpg	0	1061	167	1216	322	id0
6ACiYVKbmPM/00001346.jpg	0	769	184	924	339	id0
6ACiYVKbmPM/00000760.jpg	0	1096	116	1250	270	id0
6ACiYVKbmPM/00000802.jpg	1	1164	116	1319	270	id0
6ACiYVKbmPM/00001384.jpg	0	683	167	838	322	id0
6ACiYVKbmPM/00000627.jpg	0	838	167	992	322	id0
6ACiYVKbmPM/00001031.jpg	0	1061	167	1216	322	id0
6ACiYVKbmPM/00000735.jpg	0	1027	133	1182	288	id0
6ACiYVKbmPM/00001381.jpg	0	700	167	855	322	id0
6ACiYVKbmPM/00000753.jpg	0	1096	116	1250	270	id0
6ACiYVKbmPM/00001364.jpg	0	741	196	870	325	id0
6ACiYVKbmPM/00001122.jpg	0	1027	167	1182	322	id0
6ACiYVKbmPM/00000600.jpg	0	898	168	1027	297	id0
6ACiYVKbmPM/00001150.jpg	0	1027	150	1182	305	id0
6ACiYVKbmPM/00000596.jpg	0	889	150	1044	305	id0
6ACiYVKbmPM/00001058.jpg	0	1044	167	1199	322	id0
6ACiYVKbmPM/00001053.jpg	0	1044	167	1199	322	id0
6ACiYVKbmPM/00000606.jpg	0	872	150	1027	305	id0
6ACiYVKbmPM/00000587.jpg	0	906	150	1061	305	id0
6ACiYVKbmPM/00000588.jpg	0	906	150	1061	305	id0
6ACiYVKbmPM/00000786.jpg	0	1147	116	1302	270	id0
6ACiYVKbmPM/00001348.jpg	0	769	184	924	339	id0
6ACiYVKbmPM/00000984.jpg	0	1061	167	1216	322	id0
6ACiYVKbmPM/00001002.jpg	0	1061	167	1216	322	id0
6ACiYVKbmPM/00000755.jpg	0	1096	116	1250	270	id0
6ACiYVKbmPM/00000792.jpg	0	1147	116	1302	270	id0
6ACiYVKbmPM/00000628.jpg	0	838	167	992	322	id0
6ACiYVKbmPM/00000559.jpg	0	1088	98	1274	284	id0
6ACiYVKbmPM/00000757.jpg	0	1096	116	1250	270	id0
6ACiYVKbmPM/00001063.jpg	0	1027	167	1182	322	id0
6ACiYVKbmPM/00001019.jpg	0	1026	139	1212	325	id0
6ACiYVKbmPM/00001379.jpg	0	700	167	855	322	id0
6ACiYVKbmPM/00001146.jpg	0	1027	150	1182	305	id0
6ACiYVKbmPM/00001361.jpg	0	734	184	889	339	id0
6ACiYVKbmPM/00000623.jpg	0	855	167	1010	322	id0
6ACiYVKbmPM/00000799.jpg	1	1164	116	1319	270	id0
6ACiYVKbmPM/00001403.jpg	0	631	167	786	322	id0
6ACiYVKbmPM/00000561.jpg	0	1067	98	1253	284	id0
6ACiYVKbmPM/00001138.jpg	0	1005	139	1191	325	id0
6ACiYVKbmPM/00001123.jpg	0	1027	167	1182	322	id0
6ACiYVKbmPM/00000994.jpg	0	1061	167	1216	322	id0
6ACiYVKbmPM/00000784.jpg	0	1130	116	1285	270	id0
6ACiYVKbmPM/00001131.jpg	0	1005	139	1191	325	id0
6ACiYVKbmPM/00000616.jpg	0	870	182	999	311	id0
6ACiYVKbmPM/00001398.jpg	0	648	167	803	322	id0
6ACiYVKbmPM/00000742.jpg	0	1044	133	1199	288	id0
6ACiYVKbmPM/00000571.jpg	0	1010	116	1164	270	id0
6ACiYVKbmPM/00001014.jpg	0	1026	139	1212	325	id0
6ACiYVKbmPM/00001372.jpg	0	726	182	855	311	id0
6ACiYVKbmPM/00001022.jpg	0	1044	150	1199	305	id0
6ACiYVKbmPM/00001055.jpg	0	1044	167	1199	322	id0
6ACiYVKbmPM/00001062.jpg	0	1027	167	1182	322	id0
6ACiYVKbmPM/00000743.jpg	0	1061	133	1216	288	id0
6ACiYVKbmPM/00001128.jpg	0	1005	139	1191	325	id0
6ACiYVKbmPM/00000555.jpg	0	1130	116	1285	270	id0
6ACiYVKbmPM/00000744.jpg	0	1061	116	1216	270	id0
6ACiYVKbmPM/00000770.jpg	0	1113	116	1268	270	id0
6ACiYVKbmPM/00001352.jpg	0	752	184	906	339	id0
6ACiYVKbmPM/00000604.jpg	0	872	150	1027	305	id0
6ACiYVKbmPM/00000774.jpg	0	1113	116	1268	270	id0
6ACiYVKbmPM/00000765.jpg	0	1088	98	1274	284	id0
6ACiYVKbmPM/00001130.jpg	0	1005	139	1191	325	id0
6ACiYVKbmPM/00001144.jpg	0	1027	150	1182	305	id0
6ACiYVKbmPM/00000581.jpg	0	941	133	1096	288	id0
6ACiYVKbmPM/00000798.jpg	0	1164	116	1319	270	id0
6ACiYVKbmPM/00001358.jpg	0	755	196	884	325	id0
6ACiYVKbmPM/00000552.jpg	1	1147	116	1302	270	id0
6ACiYVKbmPM/00001410.jpg	0	614	167	769	322	id0
6ACiYVKbmPM/00001325.jpg	0	803	184	958	339	id0
6ACiYVKbmPM/00000736.jpg	0	1027	133	1182	288	id0
6ACiYVKbmPM/00000746.jpg	0	1061	116	1216	270	id0
6ACiYVKbmPM/00001378.jpg	0	700	167	855	322	id0
6ACiYVKbmPM/00001141.jpg	0	1005	139	1191	325	id0
6ACiYVKbmPM/00001001.jpg	0	1061	167	1216	322	id0
6ACiYVKbmPM/00000782.jpg	0	1130	116	1285	270	id0
6ACiYVKbmPM/00000569.jpg	0	1027	116	1182	270	id0
6ACiYVKbmPM/00000804.jpg	1	1164	116	1319	270	id0
6ACiYVKbmPM/00000601.jpg	0	898	168	1027	297	id0
6ACiYVKbmPM/00000745.jpg	0	1061	116	1216	270	id0
6ACiYVKbmPM/00000985.jpg	0	1061	167	1216	322	id0
6ACiYVKbmPM/00001385.jpg	0	683	167	838	322	id0
6ACiYVKbmPM/00001357.jpg	0	755	196	884	325	id0
6ACiYVKbmPM/00001006.jpg	0	1026	139	1212	325	id0
6ACiYVKbmPM/00000999.jpg	0	1061	167	1216	322	id0
6ACiYVKbmPM/00001119.jpg	0	1027	167	1182	322	id0
6ACiYVKbmPM/00000618.jpg	0	855	167	1010	322	id0
6ACiYVKbmPM/00001353.jpg	0	752	184	906	339	id0
6ACiYVKbmPM/00000558.jpg	0	1113	116	1268	270	id0
6ACiYVKbmPM/00000780.jpg	0	1130	116	1285	270	id0
6ACiYVKbmPM/00000996.jpg	0	1061	167	1216	322	id0
6ACiYVKbmPM/00001024.jpg	0	1026	139	1212	325	id0
6ACiYVKbmPM/00000785.jpg	0	1147	116	1302	270	id0
6ACiYVKbmPM/00001143.jpg	0	1005	139	1191	325	id0
6ACiYVKbmPM/00000741.jpg	0	1044	133	1199	288	id0
6ACiYVKbmPM/00001394.jpg	0	669	182	798	311	id0
6ACiYVKbmPM/00001120.jpg	0	1027	167	1182	322	id0
6ACiYVKbmPM/00000624.jpg	0	855	167	1010	322	id0
6ACiYVKbmPM/00001366.jpg	0	717	167	872	322	id0
6ACiYVKbmPM/00000739.jpg	0	1044	133	1199	288	id0
6ACiYVKbmPM/00001376.jpg	0	700	167	855	322	id0
6ACiYVKbmPM/00000598.jpg	0	898	168	1027	297	id0
6ACiYVKbmPM/00000557.jpg	0	1128	125	1257	254	id0
6ACiYVKbmPM/00000734.jpg	0	1027	133	1182	288	id0
6ACiYVKbmPM/00000759.jpg	0	1096	116	1250	270	id0
6ACiYVKbmPM/00001411.jpg	0	614	167	769	322	id0
6ACiYVKbmPM/00001004.jpg	0	1026	139	1212	325	id0
6ACiYVKbmPM/00001380.jpg	0	700	167	855	322	id0
6ACiYVKbmPM/00001363.jpg	0	734	184	889	339	id0
6ACiYVKbmPM/00001142.jpg	0	1005	139	1191	325	id0
6ACiYVKbmPM/00001368.jpg	0	717	167	872	322	id0
6ACiYVKbmPM/00000614.jpg	0	870	182	999	311	id0
6ACiYVKbmPM/00001052.jpg	0	1044	167	1199	322	id0
6ACiYVKbmPM/00000567.jpg	0	1044	116	1199	270	id0
6ACiYVKbmPM/00000621.jpg	0	855	167	1010	322	id0
6ACiYVKbmPM/00000565.jpg	0	1061	116	1216	270	id0
6ACiYVKbmPM/00001392.jpg	0	666	167	820	322	id0
6ACiYVKbmPM/00001132.jpg	0	1005	139	1191	325	id0
6ACiYVKbmPM/00001318.jpg	0	820	184	975	339	id0
6ACiYVKbmPM/00000789.jpg	0	1147	116	1302	270	id0
6ACiYVKbmPM/00001145.jpg	0	1027	150	1182	305	id0
6ACiYVKbmPM/00001315.jpg	0	820	167	975	322	id0
6ACiYVKbmPM/00001351.jpg	0	769	196	898	325	id0
6ACiYVKbmPM/00000576.jpg	0	975	133	1130	288	id0
6ACiYVKbmPM/00000737.jpg	0	1044	133	1199	288	id0
6ACiYVKbmPM/00001018.jpg	0	1044	150	1199	305	id0
6ACiYVKbmPM/00000592.jpg	0	913	168	1042	297	id0
6ACiYVKbmPM/00000563.jpg	0	1078	116	1233	270	id0
6ACiYVKbmPM/00000773.jpg	0	1113	116	1268	270	id0
6ACiYVKbmPM/00001127.jpg	0	1005	139	1191	325	id0
6ACiYVKbmPM/00000578.jpg	0	958	133	1113	288	id0
6ACiYVKbmPM/00000608.jpg	0	872	150	1027	305	id0
6ACiYVKbmPM/00000607.jpg	0	872	150	1027	305	id0
6ACiYVKbmPM/00000613.jpg	1	204	247	589	632	id1
6ACiYVKbmPM/00000516.jpg	0	332	162	718	547	id1
6ACiYVKbmPM/00000776.jpg	1	297	143	759	605	id1
6ACiYVKbmPM/00000575.jpg	1	290	204	675	590	id1
6ACiYVKbmPM/00000590.jpg	1	247	247	632	632	id1
6ACiYVKbmPM/00000544.jpg	0	332	162	718	547	id1
6ACiYVKbmPM/00000506.jpg	0	332	162	718	547	id1
6ACiYVKbmPM/00000490.jpg	0	332	162	718	547	id1
6ACiYVKbmPM/00000492.jpg	0	332	162	718	547	id1
6ACiYVKbmPM/00000612.jpg	1	204	247	589	632	id1
6ACiYVKbmPM/00000617.jpg	1	204	247	589	632	id1
6ACiYVKbmPM/00000761.jpg	1	332	204	718	590	id1
6ACiYVKbmPM/00000610.jpg	1	204	247	589	632	id1
6ACiYVKbmPM/00000602.jpg	1	204	247	589	632	id1
6ACiYVKbmPM/00000589.jpg	1	247	247	632	632	id1
6ACiYVKbmPM/00000566.jpg	1	290	162	675	547	id1
6ACiYVKbmPM/00000609.jpg	1	204	247	589	632	id1
6ACiYVKbmPM/00000622.jpg	1	204	247	589	632	id1
6ACiYVKbmPM/00000467.jpg	0	297	143	759	605	id1
6ACiYVKbmPM/00000529.jpg	0	375	162	760	547	id1
6ACiYVKbmPM/00000728.jpg	1	247	204	632	590	id1
6ACiYVKbmPM/00000803.jpg	0	418	204	803	590	id1
6ACiYVKbmPM/00000619.jpg	1	204	247	589	632	id1
6ACiYVKbmPM/00000756.jpg	1	332	204	718	590	id1
6ACiYVKbmPM/00000507.jpg	0	332	162	718	547	id1
6ACiYVKbmPM/00000452.jpg	0	418	162	803	547	id1
6ACiYVKbmPM/00000775.jpg	1	332	162	718	547	id1
6ACiYVKbmPM/00000573.jpg	1	290	204	675	590	id1
6ACiYVKbmPM/00000496.jpg	0	332	162	718	547	id1
6ACiYVKbmPM/00000778.jpg	1	297	143	759	605	id1
6ACiYVKbmPM/00000560.jpg	1	245	143	707	605	id1
6ACiYVKbmPM/00000486.jpg	0	332	162	718	547	id1
6ACiYVKbmPM/00000465.jpg	0	332	162	718	547	id1
6ACiYVKbmPM/00000747.jpg	1	290	162	675	547	id1
6ACiYVKbmPM/00000479.jpg	0	290	162	675	547	id1
6ACiYVKbmPM/00000758.jpg	1	332	204	718	590	id1
6ACiYVKbmPM/00000455.jpg	0	418	162	803	547	id1
6ACiYVKbmPM/00000065.jpg	0	755	67	884	196	id1
6ACiYVKbmPM/00000483.jpg	0	332	162	718	547	id1
6ACiYVKbmPM/00000556.jpg	1	290	162	675	547	id1
6ACiYVKbmPM/00000781.jpg	1	332	204	718	590	id1
6ACiYVKbmPM/00000580.jpg	1	245	194	707	657	id1
6ACiYVKbmPM/00000056.jpg	0	792	76	882	166	id1
6ACiYVKbmPM/00000460.jpg	0	375	204	760	590	id1
6ACiYVKbmPM/00000451.jpg	0	399	143	861	605	id1
6ACiYVKbmPM/00000454.jpg	0	418	162	803	547	id1
6ACiYVKbmPM/00000570.jpg	1	245	143	707	605	id1
6ACiYVKbmPM/00000754.jpg	1	297	143	759	605	id1
6ACiYVKbmPM/00000458.jpg	0	375	204	760	590	id1
6ACiYVKbmPM/00000564.jpg	1	290	204	675	590	id1
6ACiYVKbmPM/00000489.jpg	0	332	162	718	547	id1
6ACiYVKbmPM/00000793.jpg	1	332	204	718	590	id1
6ACiYVKbmPM/00000449.jpg	0	418	162	803	547	id1
6ACiYVKbmPM/00000464.jpg	0	332	162	718	547	id1
6ACiYVKbmPM/00000762.jpg	1	332	204	718	590	id1
6ACiYVKbmPM/00000583.jpg	1	247	204	632	590	id1
6ACiYVKbmPM/00000574.jpg	1	290	204	675	590	id1
6ACiYVKbmPM/00000476.jpg	0	290	162	675	547	id1
6ACiYVKbmPM/00000777.jpg	1	332	162	718	547	id1
6ACiYVKbmPM/00000787.jpg	1	332	204	718	590	id1
6ACiYVKbmPM/00000505.jpg	0	332	162	718	547	id1
6ACiYVKbmPM/00000064.jpg	0	755	67	884	196	id1
6ACiYVKbmPM/00000729.jpg	1	247	204	632	590	id1
6ACiYVKbmPM/00000062.jpg	0	760	68	868	175	id1
6ACiYVKbmPM/00000546.jpg	0	332	162	718	547	id1
6ACiYVKbmPM/00000543.jpg	0	332	162	718	547	id1
6ACiYVKbmPM/00000779.jpg	1	332	204	718	590	id1
6ACiYVKbmPM/00000448.jpg	0	418	162	803	547	id1
6ACiYVKbmPM/00000584.jpg	1	247	204	632	590	id1
6ACiYVKbmPM/00000615.jpg	1	204	247	589	632	id1
6ACiYVKbmPM/00000491.jpg	0	332	162	718	547	id1
6ACiYVKbmPM/00000611.jpg	1	204	247	589	632	id1
6ACiYVKbmPM/00000595.jpg	1	247	247	632	632	id1
6ACiYVKbmPM/00000487.jpg	0	332	162	718	547	id1
6ACiYVKbmPM/00000450.jpg	0	418	162	803	547	id1
6ACiYVKbmPM/00000625.jpg	1	204	247	589	632	id1
6ACiYVKbmPM/00000768.jpg	1	332	204	718	590	id1
6ACiYVKbmPM/00000060.jpg	0	760	68	868	175	id1
6ACiYVKbmPM/00000553.jpg	1	290	162	675	547	id1
6ACiYVKbmPM/00000790.jpg	1	332	204	718	590	id1
6ACiYVKbmPM/00000795.jpg	1	332	204	718	590	id1
6ACiYVKbmPM/00000550.jpg	1	290	162	675	547	id1
6ACiYVKbmPM/00000572.jpg	1	290	204	675	590	id1
6ACiYVKbmPM/00000517.jpg	0	332	162	718	547	id1
6ACiYVKbmPM/00000562.jpg	1	290	204	675	590	id1
6ACiYVKbmPM/00000748.jpg	1	290	162	675	547	id1
6ACiYVKbmPM/00000533.jpg	0	375	162	760	547	id1
6ACiYVKbmPM/00000536.jpg	0	375	162	760	547	id1
6ACiYVKbmPM/00000733.jpg	1	247	204	632	590	id1
6ACiYVKbmPM/00000443.jpg	0	418	162	803	547	id1
6ACiYVKbmPM/00000484.jpg	0	332	162	718	547	id1
6ACiYVKbmPM/00000731.jpg	1	247	204	632	590	id1
6ACiYVKbmPM/00000726.jpg	1	247	204	632	590	id1
6ACiYVKbmPM/00000769.jpg	1	332	204	718	590	id1
6ACiYVKbmPM/00000791.jpg	1	332	204	718	590	id1
6ACiYVKbmPM/00000551.jpg	1	290	162	675	547	id1
6ACiYVKbmPM/00000800.jpg	0	375	204	760	590	id1
6ACiYVKbmPM/00000504.jpg	0	332	162	718	547	id1
6ACiYVKbmPM/00000511.jpg	0	332	162	718	547	id1
6ACiYVKbmPM/00000512.jpg	0	332	162	718	547	id1
6ACiYVKbmPM/00000738.jpg	1	290	204	675	590	id1
6ACiYVKbmPM/00000796.jpg	1	332	204	718	590	id1
6ACiYVKbmPM/00000727.jpg	1	247	204	632	590	id1
6ACiYVKbmPM/00000524.jpg	0	375	162	760	547	id1
6ACiYVKbmPM/00000730.jpg	1	247	204	632	590	id1
6ACiYVKbmPM/00000620.jpg	1	204	247	589	632	id1
6ACiYVKbmPM/00000537.jpg	0	375	162	760	547	id1
6ACiYVKbmPM/00000447.jpg	0	418	162	803	547	id1
6ACiYVKbmPM/00000605.jpg	1	204	247	589	632	id1
6ACiYVKbmPM/00000586.jpg	1	247	247	632	632	id1
6ACiYVKbmPM/00000732.jpg	1	247	204	632	590	id1
6ACiYVKbmPM/00000797.jpg	1	332	204	718	590	id1
6ACiYVKbmPM/00000068.jpg	0	755	67	884	196	id1
6ACiYVKbmPM/00000494.jpg	0	332	162	718	547	id1
6ACiYVKbmPM/00000788.jpg	1	332	204	718	590	id1
6ACiYVKbmPM/00000626.jpg	1	194	194	656	657	id1
6ACiYVKbmPM/00000540.jpg	0	375	162	760	547	id1
6ACiYVKbmPM/00000485.jpg	0	332	162	718	547	id1
6ACiYVKbmPM/00000444.jpg	0	418	162	803	547	id1
6ACiYVKbmPM/00000070.jpg	0	760	80	868	187	id1
6ACiYVKbmPM/00000597.jpg	1	247	247	632	632	id1
6ACiYVKbmPM/00000538.jpg	0	375	162	760	547	id1
6ACiYVKbmPM/00000063.jpg	0	760	68	868	175	id1
6ACiYVKbmPM/00000591.jpg	1	247	247	632	632	id1
6ACiYVKbmPM/00000593.jpg	1	247	247	632	632	id1
6ACiYVKbmPM/00000468.jpg	0	332	162	718	547	id1
6ACiYVKbmPM/00000061.jpg	0	760	68	868	175	id1
6ACiYVKbmPM/00000478.jpg	0	290	162	675	547	id1
6ACiYVKbmPM/00000603.jpg	1	204	247	589	632	id1
6ACiYVKbmPM/00000801.jpg	0	375	204	760	590	id1
6ACiYVKbmPM/00000493.jpg	0	332	162	718	547	id1
6ACiYVKbmPM/00000783.jpg	1	332	204	718	590	id1
6ACiYVKbmPM/00000771.jpg	1	332	204	718	590	id1
6ACiYVKbmPM/00000594.jpg	1	247	247	632	632	id1
6ACiYVKbmPM/00000441.jpg	0	418	119	803	504	id1
6ACiYVKbmPM/00000568.jpg	1	290	162	675	547	id1
6ACiYVKbmPM/00000514.jpg	0	332	162	718	547	id1
6ACiYVKbmPM/00000518.jpg	0	332	162	718	547	id1
6ACiYVKbmPM/00000495.jpg	0	332	162	718	547	id1
6ACiYVKbmPM/00000445.jpg	0	418	162	803	547	id1
6ACiYVKbmPM/00000067.jpg	0	755	67	884	196	id1
6ACiYVKbmPM/00000497.jpg	0	332	162	718	547	id1
6ACiYVKbmPM/00000527.jpg	0	375	162	760	547	id1
6ACiYVKbmPM/00000535.jpg	0	375	162	760	547	id1
6ACiYVKbmPM/00000453.jpg	0	418	162	803	547	id1
6ACiYVKbmPM/00000066.jpg	0	755	67	884	196	id1
6ACiYVKbmPM/00000530.jpg	0	375	162	760	547	id1
6ACiYVKbmPM/00000482.jpg	0	332	162	718	547	id1
6ACiYVKbmPM/00000582.jpg	1	247	204	632	590	id1
6ACiYVKbmPM/00000772.jpg	1	332	204	718	590	id1
6ACiYVKbmPM/00000069.jpg	0	760	80	868	187	id1
6ACiYVKbmPM/00000545.jpg	0	332	162	718	547	id1
6ACiYVKbmPM/00000740.jpg	1	290	204	675	590	id1
6ACiYVKbmPM/00000585.jpg	1	247	204	632	590	id1
6ACiYVKbmPM/00000577.jpg	1	247	204	632	590	id1
6ACiYVKbmPM/00000760.jpg	1	332	204	718	590	id1
6ACiYVKbmPM/00000802.jpg	0	375	204	760	590	id1
6ACiYVKbmPM/00000627.jpg	1	194	194	656	657	id1
6ACiYVKbmPM/00000735.jpg	1	290	204	675	590	id1
6ACiYVKbmPM/00000466.jpg	0	332	162	718	547	id1
6ACiYVKbmPM/00000600.jpg	1	204	247	589	632	id1
6ACiYVKbmPM/00000596.jpg	1	247	247	632	632	id1
6ACiYVKbmPM/00000606.jpg	1	204	247	589	632	id1
6ACiYVKbmPM/00000587.jpg	1	247	247	632	632	id1
6ACiYVKbmPM/00000588.jpg	1	247	247	632	632	id1
6ACiYVKbmPM/00000786.jpg	1	332	204	718	590	id1
6ACiYVKbmPM/00000755.jpg	1	297	143	759	605	id1
6ACiYVKbmPM/00000628.jpg	1	194	194	656	657	id1
6ACiYVKbmPM/00000559.jpg	1	290	162	675	547	id1
6ACiYVKbmPM/00000757.jpg	1	297	143	759	605	id1
6ACiYVKbmPM/00000534.jpg	0	375	162	760	547	id1
6ACiYVKbmPM/00000442.jpg	0	418	162	803	547	id1
6ACiYVKbmPM/00000532.jpg	0	375	162	760	547	id1
6ACiYVKbmPM/00000623.jpg	1	204	247	589	632	id1
6ACiYVKbmPM/00000799.jpg	0	375	204	760	590	id1
6ACiYVKbmPM/00000561.jpg	1	245	143	707	605	id1
6ACiYVKbmPM/00000523.jpg	0	375	162	760	547	id1
6ACiYVKbmPM/00000471.jpg	0	290	162	675	547	id1
6ACiYVKbmPM/00000807.jpg	0	399	143	861	605	id1
6ACiYVKbmPM/00000784.jpg	1	332	204	718	590	id1
6ACiYVKbmPM/00000510.jpg	0	332	162	718	547	id1
6ACiYVKbmPM/00000481.jpg	0	332	162	718	547	id1
6ACiYVKbmPM/00000488.jpg	0	332	162	718	547	id1
6ACiYVKbmPM/00000616.jpg	1	204	247	589	632	id1
6ACiYVKbmPM/00000742.jpg	1	290	204	675	590	id1
6ACiYVKbmPM/00000571.jpg	1	290	204	675	590	id1
6ACiYVKbmPM/00000509.jpg	0	332	162	718	547	id1
6ACiYVKbmPM/00000503.jpg	0	332	162	718	547	id1
6ACiYVKbmPM/00000526.jpg	0	375	162	760	547	id1
6ACiYVKbmPM/00000743.jpg	1	290	204	675	590	id1
6ACiYVKbmPM/00000805.jpg	0	418	204	803	590	id1
6ACiYVKbmPM/00000555.jpg	1	290	162	675	547	id1
6ACiYVKbmPM/00000744.jpg	1	290	204	675	590	id1
6ACiYVKbmPM/00000770.jpg	1	332	204	718	590	id1
6ACiYVKbmPM/00000604.jpg	1	204	247	589	632	id1
6ACiYVKbmPM/00000774.jpg	1	332	162	718	547	id1
6ACiYVKbmPM/00000581.jpg	1	245	194	707	657	id1
6ACiYVKbmPM/00000798.jpg	1	375	204	760	590	id1
6ACiYVKbmPM/00000552.jpg	0	290	162	675	547	id1
6ACiYVKbmPM/00000736.jpg	1	290	204	675	590	id1
6ACiYVKbmPM/00000746.jpg	1	290	204	675	590	id1
6ACiYVKbmPM/00000501.jpg	0	332	162	718	547	id1
6ACiYVKbmPM/00000539.jpg	0	375	162	760	547	id1
6ACiYVKbmPM/00000782.jpg	1	332	204	718	590	id1
6ACiYVKbmPM/00000569.jpg	1	245	143	707	605	id1
6ACiYVKbmPM/00000804.jpg	0	418	204	803	590	id1
6ACiYVKbmPM/00000601.jpg	1	204	247	589	632	id1
6ACiYVKbmPM/00000745.jpg	1	290	204	675	590	id1
6ACiYVKbmPM/00000531.jpg	0	375	162	760	547	id1
6ACiYVKbmPM/00000500.jpg	0	332	162	718	547	id1
6ACiYVKbmPM/00000618.jpg	1	204	247	589	632	id1
6ACiYVKbmPM/00000558.jpg	1	290	162	675	547	id1
6ACiYVKbmPM/00000780.jpg	1	332	204	718	590	id1
6ACiYVKbmPM/00000785.jpg	1	332	204	718	590	id1
6ACiYVKbmPM/00000058.jpg	0	782	76	872	166	id1
6ACiYVKbmPM/00000741.jpg	1	290	204	675	590	id1
6ACiYVKbmPM/00000624.jpg	1	204	247	589	632	id1
6ACiYVKbmPM/00000739.jpg	1	290	204	675	590	id1
6ACiYVKbmPM/00000598.jpg	1	247	247	632	632	id1
6ACiYVKbmPM/00000547.jpg	0	297	143	759	605	id1
6ACiYVKbmPM/00000557.jpg	1	290	162	675	547	id1
6ACiYVKbmPM/00000734.jpg	1	247	204	632	590	id1
6ACiYVKbmPM/00000071.jpg	0	741	67	870	196	id1
6ACiYVKbmPM/00000759.jpg	1	332	204	718	590	id1
6ACiYVKbmPM/00000525.jpg	0	375	162	760	547	id1
6ACiYVKbmPM/00000498.jpg	0	332	162	718	547	id1
6ACiYVKbmPM/00000463.jpg	0	332	162	718	547	id1
6ACiYVKbmPM/00000499.jpg	0	332	162	718	547	id1
6ACiYVKbmPM/00000614.jpg	1	204	247	589	632	id1
6ACiYVKbmPM/00000446.jpg	0	418	162	803	547	id1
6ACiYVKbmPM/00000567.jpg	1	290	162	675	547	id1
6ACiYVKbmPM/00000459.jpg	0	375	204	760	590	id1
6ACiYVKbmPM/00000508.jpg	0	332	162	718	547	id1
6ACiYVKbmPM/00000621.jpg	1	204	247	589	632	id1
6ACiYVKbmPM/00000565.jpg	1	290	204	675	590	id1
6ACiYVKbmPM/00000806.jpg	0	399	143	861	605	id1
6ACiYVKbmPM/00000789.jpg	1	332	204	718	590	id1
6ACiYVKbmPM/00000502.jpg	0	332	162	718	547	id1
6ACiYVKbmPM/00000737.jpg	1	290	204	675	590	id1
6ACiYVKbmPM/00000592.jpg	1	247	247	632	632	id1
6ACiYVKbmPM/00000563.jpg	1	290	204	675	590	id1
6ACiYVKbmPM/00000773.jpg	1	297	143	759	605	id1
6ACiYVKbmPM/00000608.jpg	1	204	247	589	632	id1
6ACiYVKbmPM/00000607.jpg	1	204	247	589	632	id1
6ACiYVKbmPM/00000957.jpg	0	382	182	511	311	id2
6ACiYVKbmPM/00001182.jpg	0	297	92	759	554	id2
6ACiYVKbmPM/00000699.jpg	0	385	150	421	186	id2
6ACiYVKbmPM/00001281.jpg	0	297	143	759	605	id2
6ACiYVKbmPM/00000851.jpg	0	397	182	526	311	id2
6ACiYVKbmPM/00000662.jpg	0	285	154	321	190	id2
6ACiYVKbmPM/00001111.jpg	0	297	92	759	554	id2
6ACiYVKbmPM/00000862.jpg	0	382	182	511	311	id2
6ACiYVKbmPM/00001274.jpg	0	297	143	759	605	id2
6ACiYVKbmPM/00000904.jpg	0	397	168	526	297	id2
6ACiYVKbmPM/00001082.jpg	0	297	92	759	554	id2
6ACiYVKbmPM/00001194.jpg	0	297	92	759	554	id2
6ACiYVKbmPM/00001086.jpg	0	297	92	759	554	id2
6ACiYVKbmPM/00001193.jpg	0	297	92	759	554	id2
6ACiYVKbmPM/00001242.jpg	0	297	92	759	554	id2
6ACiYVKbmPM/00000635.jpg	0	29	158	65	194	id2
6ACiYVKbmPM/00000933.jpg	0	397	168	526	297	id2
6ACiYVKbmPM/00001220.jpg	0	297	40	759	502	id2
6ACiYVKbmPM/00000701.jpg	0	385	150	421	186	id2
6ACiYVKbmPM/00000692.jpg	0	381	150	417	186	id2
6ACiYVKbmPM/00001077.jpg	0	297	92	759	554	id2
6ACiYVKbmPM/00001257.jpg	0	297	92	759	554	id2
6ACiYVKbmPM/00001219.jpg	0	297	40	759	502	id2
6ACiYVKbmPM/00001183.jpg	0	297	92	759	554	id2
6ACiYVKbmPM/00001262.jpg	0	233	49	788	603	id2
6ACiYVKbmPM/00001273.jpg	0	297	143	759	605	id2
6ACiYVKbmPM/00001206.jpg	0	297	92	759	554	id2
6ACiYVKbmPM/00001110.jpg	0	297	92	759	554	id2
6ACiYVKbmPM/00000711.jpg	0	381	154	417	190	id2
6ACiYVKbmPM/00000880.jpg	0	368	182	497	311	id2
6ACiYVKbmPM/00000946.jpg	0	382	182	511	311	id2
6ACiYVKbmPM/00000689.jpg	0	381	150	417	186	id2
6ACiYVKbmPM/00000715.jpg	0	367	151	410	194	id2
6ACiYVKbmPM/00001228.jpg	0	297	40	759	502	id2
6ACiYVKbmPM/00000722.jpg	0	357	151	400	194	id2
6ACiYVKbmPM/00001112.jpg	0	297	92	759	554	id2
6ACiYVKbmPM/00000676.jpg	0	349	154	385	190	id2
6ACiYVKbmPM/00001267.jpg	0	297	92	759	554	id2
6ACiYVKbmPM/00000684.jpg	0	373	150	409	186	id2
6ACiYVKbmPM/00000914.jpg	0	390	167	545	322	id2
6ACiYVKbmPM/00000659.jpg	0	261	158	297	194	id2
6ACiYVKbmPM/00000907.jpg	0	397	168	526	297	id2
6ACiYVKbmPM/00000934.jpg	0	397	168	526	297	id2
6ACiYVKbmPM/00000954.jpg	0	382	182	511	311	id2
6ACiYVKbmPM/00001196.jpg	0	297	92	759	554	id2
6ACiYVKbmPM/00000687.jpg	0	377	150	413	186	id2
6ACiYVKbmPM/00000706.jpg	0	385	154	421	190	id2
6ACiYVKbmPM/00001102.jpg	0	297	143	759	605	id2
6ACiYVKbmPM/00001277.jpg	0	297	143	759	605	id2
6ACiYVKbmPM/00001201.jpg	0	297	92	759	554	id2
6ACiYVKbmPM/00001179.jpg	0	297	143	759	605	id2
6ACiYVKbmPM/00001278.jpg	0	297	143	759	605	id2
6ACiYVKbmPM/00001188.jpg	0	297	92	759	554	id2
6ACiYVKbmPM/00001185.jpg	0	297	92	759	554	id2
6ACiYVKbmPM/00000881.jpg	0	368	182	497	311	id2
6ACiYVKbmPM/00001224.jpg	0	297	40	759	502	id2
6ACiYVKbmPM/00000685.jpg	0	373	150	409	186	id2
6ACiYVKbmPM/00001108.jpg	0	297	92	759	554	id2
6ACiYVKbmPM/00000693.jpg	0	385	150	421	186	id2
6ACiYVKbmPM/00000636.jpg	0	41	158	77	194	id2
6ACiYVKbmPM/00001285.jpg	0	297	143	759	605	id2
6ACiYVKbmPM/00000855.jpg	0	397	182	526	311	id2
6ACiYVKbmPM/00000710.jpg	0	381	154	417	190	id2
6ACiYVKbmPM/00001197.jpg	0	297	92	759	554	id2
6ACiYVKbmPM/00000853.jpg	0	397	182	526	311	id2
6ACiYVKbmPM/00000664.jpg	0	297	154	333	190	id2
6ACiYVKbmPM/00001093.jpg	0	297	92	759	554	id2
6ACiYVKbmPM/00001233.jpg	0	297	40	759	502	id2
6ACiYVKbmPM/00000900.jpg	0	397	168	526	297	id2
6ACiYVKbmPM/00001287.jpg	0	297	143	759	605	id2
6ACiYVKbmPM/00001170.jpg	0	245	143	707	605	id2
6ACiYVKbmPM/00000962.jpg	0	382	182	511	311	id2
6ACiYVKbmPM/00001066.jpg	0	297	92	759	554	id2
6ACiYVKbmPM/00001275.jpg	0	297	143	759	605	id2
6ACiYVKbmPM/00000663.jpg	0	293	154	329	190	id2
6ACiYVKbmPM/00000897.jpg	0	382	168	511	297	id2
6ACiYVKbmPM/00001069.jpg	0	297	92	759	554	id2
6ACiYVKbmPM/00000661.jpg	0	277	154	313	190	id2
6ACiYVKbmPM/00000964.jpg	0	397	182	526	311	id2
6ACiYVKbmPM/00000885.jpg	0	356	167	511	322	id2
6ACiYVKbmPM/00000678.jpg	0	357	154	393	190	id2
6ACiYVKbmPM/00000860.jpg	0	402	199	509	307	id2
6ACiYVKbmPM/00000665.jpg	0	305	154	341	190	id2
6ACiYVKbmPM/00000864.jpg	0	382	182	511	311	id2
6ACiYVKbmPM/00001205.jpg	0	297	92	759	554	id2
6ACiYVKbmPM/00000956.jpg	0	382	182	511	311	id2
6ACiYVKbmPM/00001186.jpg	0	297	92	759	554	id2
6ACiYVKbmPM/00001235.jpg	0	297	40	759	502	id2
6ACiYVKbmPM/00000931.jpg	0	397	168	526	297	id2
6ACiYVKbmPM/00000669.jpg	0	321	154	357	190	id2
6ACiYVKbmPM/00000675.jpg	0	345	154	381	190	id2
6ACiYVKbmPM/00001078.jpg	0	297	92	759	554	id2
6ACiYVKbmPM/00000858.jpg	0	397	196	526	325	id2
6ACiYVKbmPM/00001202.jpg	0	297	92	759	554	id2
6ACiYVKbmPM/00001211.jpg	0	297	92	759	554	id2
6ACiYVKbmPM/00000845.jpg	0	397	168	526	297	id2
6ACiYVKbmPM/00000694.jpg	0	385	150	421	186	id2
6ACiYVKbmPM/00001271.jpg	0	297	143	759	605	id2
6ACiYVKbmPM/00001260.jpg	0	297	92	759	554	id2
6ACiYVKbmPM/00000937.jpg	0	397	168	526	297	id2
6ACiYVKbmPM/00001255.jpg	0	297	92	759	554	id2
6ACiYVKbmPM/00001187.jpg	0	297	92	759	554	id2
6ACiYVKbmPM/00001175.jpg	0	245	143	707	605	id2
6ACiYVKbmPM/00000670.jpg	0	325	154	361	190	id2
6ACiYVKbmPM/00001095.jpg	0	297	143	759	605	id2
6ACiYVKbmPM/00000720.jpg	0	361	154	397	190	id2
6ACiYVKbmPM/00001074.jpg	0	297	92	759	554	id2
6ACiYVKbmPM/00001237.jpg	0	297	40	759	502	id2
6ACiYVKbmPM/00001263.jpg	0	233	49	788	603	id2
6ACiYVKbmPM/00000848.jpg	0	397	168	526	297	id2
6ACiYVKbmPM/00000878.jpg	0	368	182	497	311	id2
6ACiYVKbmPM/00001076.jpg	0	297	92	759	554	id2
6ACiYVKbmPM/00000842.jpg	0	397	168	526	297	id2
6ACiYVKbmPM/00000873.jpg	0	382	182	511	311	id2
6ACiYVKbmPM/00001216.jpg	0	297	92	759	554	id2
6ACiYVKbmPM/00001269.jpg	0	297	143	759	605	id2
6ACiYVKbmPM/00001244.jpg	0	297	92	759	554	id2
6ACiYVKbmPM/00001270.jpg	0	297	143	759	605	id2
6ACiYVKbmPM/00001229.jpg	0	297	40	759	502	id2
6ACiYVKbmPM/00001081.jpg	0	297	143	759	605	id2
6ACiYVKbmPM/00001089.jpg	0	297	92	759	554	id2
6ACiYVKbmPM/00000884.jpg	0	368	168	497	297	id2
6ACiYVKbmPM/00000656.jpg	0	241	158	277	194	id2
6ACiYVKbmPM/00000654.jpg	0	221	158	257	194	id2
6ACiYVKbmPM/00001107.jpg	0	297	92	759	554	id2
6ACiYVKbmPM/00000682.jpg	0	369	150	405	186	id2
6ACiYVKbmPM/00001094.jpg	0	297	92	759	554	id2
6ACiYVKbmPM/00000889.jpg	0	382	168	511	297	id2
6ACiYVKbmPM/00001189.jpg	0	297	92	759	554	id2
6ACiYVKbmPM/00000928.jpg	0	397	168	526	297	id2
6ACiYVKbmPM/00000905.jpg	0	397	168	526	297	id2
6ACiYVKbmPM/00000691.jpg	0	381	150	417	186	id2
6ACiYVKbmPM/00000932.jpg	0	397	168	526	297	id2
6ACiYVKbmPM/00001087.jpg	0	297	92	759	554	id2
6ACiYVKbmPM/00000863.jpg	0	382	182	511	311	id2
6ACiYVKbmPM/00000929.jpg	0	397	168	526	297	id2
6ACiYVKbmPM/00001258.jpg	0	297	92	759	554	id2
6ACiYVKbmPM/00000943.jpg	0	397	182	526	311	id2
6ACiYVKbmPM/00001207.jpg	0	297	92	759	554	id2
6ACiYVKbmPM/00001166.jpg	0	245	143	707	605	id2
6ACiYVKbmPM/00000714.jpg	0	373	154	409	190	id2
6ACiYVKbmPM/00001105.jpg	0	297	143	759	605	id2
6ACiYVKbmPM/00000944.jpg	0	382	182	511	311	id2
6ACiYVKbmPM/00000672.jpg	0	333	154	369	190	id2
6ACiYVKbmPM/00001245.jpg	0	297	92	759	554	id2
6ACiYVKbmPM/00001241.jpg	0	297	92	759	554	id2
6ACiYVKbmPM/00000958.jpg	0	382	182	511	311	id2
6ACiYVKbmPM/00000700.jpg	0	385	150	421	186	id2
6ACiYVKbmPM/00000721.jpg	0	357	151	400	194	id2
6ACiYVKbmPM/00000915.jpg	0	390	167	545	322	id2
6ACiYVKbmPM/00000713.jpg	0	371	151	415	194	id2
6ACiYVKbmPM/00000856.jpg	0	397	182	526	311	id2
6ACiYVKbmPM/00000968.jpg	0	397	182	526	311	id2
6ACiYVKbmPM/00001226.jpg	0	297	40	759	502	id2
6ACiYVKbmPM/00000871.jpg	0	382	182	511	311	id2
6ACiYVKbmPM/00000940.jpg	0	397	182	526	311	id2
6ACiYVKbmPM/00000901.jpg	0	397	168	526	297	id2
6ACiYVKbmPM/00001256.jpg	0	297	92	759	554	id2
6ACiYVKbmPM/00001176.jpg	0	245	143	707	605	id2
6ACiYVKbmPM/00000705.jpg	0	385	150	421	186	id2
6ACiYVKbmPM/00001088.jpg	0	297	92	759	554	id2
6ACiYVKbmPM/00001221.jpg	0	297	40	759	502	id2
6ACiYVKbmPM/00000890.jpg	0	382	168	511	297	id2
6ACiYVKbmPM/00000649.jpg	0	173	158	209	194	id2
6ACiYVKbmPM/00001200.jpg	0	297	92	759	554	id2
6ACiYVKbmPM/00000930.jpg	0	397	168	526	297	id2
6ACiYVKbmPM/00001199.jpg	0	297	92	759	554	id2
6ACiYVKbmPM/00001115.jpg	0	297	92	759	554	id2
6ACiYVKbmPM/00001174.jpg	0	245	143	707	605	id2
6ACiYVKbmPM/00000963.jpg	0	397	182	526	311	id2
6ACiYVKbmPM/00001212.jpg	0	297	92	759	554	id2
6ACiYVKbmPM/00001195.jpg	0	297	92	759	554	id2
6ACiYVKbmPM/00001208.jpg	0	297	92	759	554	id2
6ACiYVKbmPM/00000941.jpg	0	397	182	526	311	id2
6ACiYVKbmPM/00001068.jpg	0	297	92	759	554	id2
6ACiYVKbmPM/00001243.jpg	0	297	92	759	554	id2
6ACiYVKbmPM/00000910.jpg	0	397	168	526	297	id2
6ACiYVKbmPM/00000917.jpg	0	390	167	545	322	id2
6ACiYVKbmPM/00000841.jpg	0	397	168	526	297	id2
6ACiYVKbmPM/00001073.jpg	0	297	92	759	554	id2
6ACiYVKbmPM/00001169.jpg	0	245	143	707	605	id2
6ACiYVKbmPM/00001230.jpg	0	297	40	759	502	id2
6ACiYVKbmPM/00000865.jpg	0	382	182	511	311	id2
6ACiYVKbmPM/00000892.jpg	0	382	168	511	297	id2
6ACiYVKbmPM/00001177.jpg	0	245	143	707	605	id2
6ACiYVKbmPM/00000716.jpg	0	369	154	405	190	id2
6ACiYVKbmPM/00000961.jpg	0	382	182	511	311	id2
6ACiYVKbmPM/00001104.jpg	0	297	143	759	605	id2
6ACiYVKbmPM/00000637.jpg	0	49	158	85	194	id2
6ACiYVKbmPM/00001232.jpg	0	297	40	759	502	id2
6ACiYVKbmPM/00000960.jpg	0	382	182	511	311	id2
6ACiYVKbmPM/00000926.jpg	0	397	168	526	297	id2
6ACiYVKbmPM/00001213.jpg	0	297	92	759	554	id2
6ACiYVKbmPM/00000868.jpg	0	382	182	511	311	id2
6ACiYVKbmPM/00000690.jpg	0	381	150	417	186	id2
6ACiYVKbmPM/00000919.jpg	0	390	167	545	322	id2
6ACiYVKbmPM/00000888.jpg	0	382	168	511	297	id2
6ACiYVKbmPM/00001065.jpg	0	297	92	759	554	id2
6ACiYVKbmPM/00000709.jpg	0	385	154	421	190	id2
6ACiYVKbmPM/00001282.jpg	0	297	143	759	605	id2
6ACiYVKbmPM/00000681.jpg	0	365	150	401	186	id2
6ACiYVKbmPM/00000893.jpg	0	382	168	511	297	id2
6ACiYVKbmPM/00001234.jpg	0	297	40	759	502	id2
6ACiYVKbmPM/00000867.jpg	0	382	182	511	311	id2
6ACiYVKbmPM/00000879.jpg	0	368	182	497	311	id2
6ACiYVKbmPM/00001223.jpg	0	297	40	759	502	id2
6ACiYVKbmPM/00000695.jpg	0	385	150	421	186	id2
6ACiYVKbmPM/00000642.jpg	0	101	162	137	198	id2
6ACiYVKbmPM/00000648.jpg	0	161	158	197	194	id2
6ACiYVKbmPM/00000895.jpg	0	382	168	511	297	id2
6ACiYVKbmPM/00001218.jpg	0	297	40	759	502	id2
6ACiYVKbmPM/00000866.jpg	0	382	182	511	311	id2
6ACiYVKbmPM/00001209.jpg	0	297	92	759	554	id2
6ACiYVKbmPM/00000925.jpg	0	397	168	526	297	id2
6ACiYVKbmPM/00001083.jpg	0	297	92	759	554	id2
6ACiYVKbmPM/00001192.jpg	0	297	92	759	554	id2
6ACiYVKbmPM/00001239.jpg	0	297	40	759	502	id2
6ACiYVKbmPM/00000894.jpg	0	382	168	511	297	id2
6ACiYVKbmPM/00000948.jpg	0	382	182	511	311	id2
6ACiYVKbmPM/00001103.jpg	0	297	143	759	605	id2
6ACiYVKbmPM/00001090.jpg	0	297	92	759	554	id2
6ACiYVKbmPM/00000911.jpg	0	397	182	526	311	id2
6ACiYVKbmPM/00000953.jpg	0	382	182	511	311	id2
6ACiYVKbmPM/00000859.jpg	0	397	182	526	311	id2
6ACiYVKbmPM/00001222.jpg	0	297	40	759	502	id2
6ACiYVKbmPM/00001191.jpg	0	297	92	759	554	id2
6ACiYVKbmPM/00001283.jpg	0	297	143	759	605	id2
6ACiYVKbmPM/00000870.jpg	0	382	182	511	311	id2
6ACiYVKbmPM/00000667.jpg	0	313	158	349	194	id2
6ACiYVKbmPM/00001259.jpg	0	297	92	759	554	id2
6ACiYVKbmPM/00001288.jpg	0	297	143	759	605	id2
6ACiYVKbmPM/00000718.jpg	0	362	151	405	194	id2
6ACiYVKbmPM/00000950.jpg	0	382	182	511	311	id2
6ACiYVKbmPM/00000906.jpg	0	397	168	526	297	id2
6ACiYVKbmPM/00001261.jpg	0	233	49	788	603	id2
6ACiYVKbmPM/00000688.jpg	0	377	150	413	186	id2
6ACiYVKbmPM/00001252.jpg	0	297	92	759	554	id2
6ACiYVKbmPM/00000887.jpg	0	382	168	511	297	id2
6ACiYVKbmPM/00000857.jpg	0	397	196	526	325	id2
6ACiYVKbmPM/00000936.jpg	0	397	168	526	297	id2
6ACiYVKbmPM/00000916.jpg	0	390	167	545	322	id2
6ACiYVKbmPM/00000668.jpg	0	317	158	353	194	id2
6ACiYVKbmPM/00000939.jpg	0	397	182	526	311	id2
6ACiYVKbmPM/00000923.jpg	0	397	168	526	297	id2
6ACiYVKbmPM/00000673.jpg	0	337	154	373	190	id2
6ACiYVKbmPM/00000955.jpg	0	382	182	511	311	id2
6ACiYVKbmPM/00000938.jpg	0	397	182	526	311	id2
6ACiYVKbmPM/00000883.jpg	0	356	167	511	322	id2
6ACiYVKbmPM/00001264.jpg	0	233	49	788	603	id2
6ACiYVKbmPM/00000861.jpg	0	402	199	509	307	id2
6ACiYVKbmPM/00001203.jpg	0	297	92	759	554	id2
6ACiYVKbmPM/00001215.jpg	0	297	92	759	554	id2
6ACiYVKbmPM/00000843.jpg	0	397	168	526	297	id2
6ACiYVKbmPM/00000724.jpg	0	357	146	400	190	id2
6ACiYVKbmPM/00000898.jpg	0	373	167	528	322	id2
6ACiYVKbmPM/00000876.jpg	0	382	182	511	311	id2
6ACiYVKbmPM/00001091.jpg	0	297	92	759	554	id2
6ACiYVKbmPM/00001204.jpg	0	297	92	759	554	id2
6ACiYVKbmPM/00001236.jpg	0	297	40	759	502	id2
6ACiYVKbmPM/00001190.jpg	0	297	92	759	554	id2
6ACiYVKbmPM/00000674.jpg	0	341	154	377	190	id2
6ACiYVKbmPM/00001067.jpg	0	297	92	759	554	id2
6ACiYVKbmPM/00000896.jpg	0	373	167	528	322	id2
6ACiYVKbmPM/00000913.jpg	0	397	182	526	311	id2
6ACiYVKbmPM/00000969.jpg	0	397	182	526	311	id2
6ACiYVKbmPM/00000723.jpg	0	357	151	400	194	id2
6ACiYVKbmPM/00000902.jpg	0	397	168	526	297	id2
6ACiYVKbmPM/00001113.jpg	0	297	92	759	554	id2
6ACiYVKbmPM/00001284.jpg	0	297	143	759	605	id2
6ACiYVKbmPM/00001172.jpg	0	245	143	707	605	id2
6ACiYVKbmPM/00001279.jpg	0	297	143	759	605	id2
6ACiYVKbmPM/00000660.jpg	0	269	158	305	194	id2
6ACiYVKbmPM/00001106.jpg	0	297	92	759	554	id2
6ACiYVKbmPM/00000922.jpg	0	397	168	526	297	id2
6ACiYVKbmPM/00000708.jpg	0	385	154	421	190	id2
6ACiYVKbmPM/00000945.jpg	0	382	182	511	311	id2
6ACiYVKbmPM/00000697.jpg	0	385	150	421	186	id2
6ACiYVKbmPM/00001098.jpg	0	297	143	759	605	id2
6ACiYVKbmPM/00000921.jpg	0	397	168	526	297	id2
6ACiYVKbmPM/00001181.jpg	0	297	143	759	605	id2
6ACiYVKbmPM/00001240.jpg	0	297	40	759	502	id2
6ACiYVKbmPM/00000698.jpg	0	385	150	421	186	id2
6ACiYVKbmPM/00000951.jpg	0	382	182	511	311	id2
6ACiYVKbmPM/00001249.jpg	0	297	92	759	554	id2
6ACiYVKbmPM/00000949.jpg	0	382	182	511	311	id2
6ACiYVKbmPM/00000959.jpg	0	382	182	511	311	id2
6ACiYVKbmPM/00000719.jpg	0	362	151	405	194	id2
6ACiYVKbmPM/00000875.jpg	0	382	182	511	311	id2
6ACiYVKbmPM/00001248.jpg	0	297	92	759	554	id2
6ACiYVKbmPM/00001085.jpg	0	297	92	759	554	id2
6ACiYVKbmPM/00000965.jpg	0	397	182	526	311	id2
6ACiYVKbmPM/00000840.jpg	0	397	168	526	297	id2
6ACiYVKbmPM/00000707.jpg	0	385	154	421	190	id2
6ACiYVKbmPM/00001096.jpg	0	297	143	759	605	id2
6ACiYVKbmPM/00000677.jpg	0	353	154	389	190	id2
6ACiYVKbmPM/00001238.jpg	0	297	40	759	502	id2
6ACiYVKbmPM/00001100.jpg	0	297	143	759	605	id2
6ACiYVKbmPM/00001064.jpg	0	297	92	759	554	id2
6ACiYVKbmPM/00000920.jpg	0	397	168	526	297	id2
6ACiYVKbmPM/00000679.jpg	0	361	154	397	190	id2
6ACiYVKbmPM/00001178.jpg	0	245	143	707	605	id2
6ACiYVKbmPM/00001254.jpg	0	297	92	759	554	id2
6ACiYVKbmPM/00001198.jpg	0	297	92	759	554	id2
6ACiYVKbmPM/00000882.jpg	0	356	167	511	322	id2
6ACiYVKbmPM/00000903.jpg	0	397	168	526	297	id2
6ACiYVKbmPM/00001070.jpg	0	297	92	759	554	id2
6ACiYVKbmPM/00000666.jpg	0	309	158	345	194	id2
6ACiYVKbmPM/00001084.jpg	0	297	92	759	554	id2
6ACiYVKbmPM/00000912.jpg	0	397	182	526	311	id2
6ACiYVKbmPM/00001247.jpg	0	297	92	759	554	id2
6ACiYVKbmPM/00001092.jpg	0	297	92	759	554	id2
6ACiYVKbmPM/00001101.jpg	0	297	143	759	605	id2
6ACiYVKbmPM/00001071.jpg	0	297	92	759	554	id2
6ACiYVKbmPM/00001168.jpg	0	245	143	707	605	id2
6ACiYVKbmPM/00001246.jpg	0	297	92	759	554	id2
6ACiYVKbmPM/00000844.jpg	0	397	168	526	297	id2
6ACiYVKbmPM/00001109.jpg	0	297	92	759	554	id2
6ACiYVKbmPM/00000680.jpg	0	361	150	397	186	id2
6ACiYVKbmPM/00000849.jpg	0	397	182	526	311	id2
6ACiYVKbmPM/00000658.jpg	0	253	158	289	194	id2
6ACiYVKbmPM/00000638.jpg	0	61	158	97	194	id2
6ACiYVKbmPM/00000908.jpg	0	397	168	526	297	id2
6ACiYVKbmPM/00001214.jpg	0	297	92	759	554	id2
6ACiYVKbmPM/00001080.jpg	0	297	143	759	605	id2
6ACiYVKbmPM/00001227.jpg	0	297	40	759	502	id2
6ACiYVKbmPM/00000872.jpg	0	382	182	511	311	id2
6ACiYVKbmPM/00000717.jpg	0	365	154	401	190	id2
6ACiYVKbmPM/00000725.jpg	0	357	146	400	190	id2
6ACiYVKbmPM/00001114.jpg	0	297	92	759	554	id2
6ACiYVKbmPM/00000852.jpg	0	397	182	526	311	id2
6ACiYVKbmPM/00000891.jpg	0	382	168	511	297	id2
6ACiYVKbmPM/00000869.jpg	0	382	182	511	311	id2
6ACiYVKbmPM/00000712.jpg	0	377	154	413	190	id2
6ACiYVKbmPM/00001184.jpg	0	297	92	759	554	id2
6ACiYVKbmPM/00001079.jpg	0	297	92	759	554	id2
6ACiYVKbmPM/00001280.jpg	0	297	143	759	605	id2
6ACiYVKbmPM/00001167.jpg	0	245	143	707	605	id2
6ACiYVKbmPM/00001231.jpg	0	297	40	759	502	id2
6ACiYVKbmPM/00000702.jpg	0	385	150	421	186	id2
6ACiYVKbmPM/00001217.jpg	0	297	92	759	554	id2
6ACiYVKbmPM/00001265.jpg	0	233	49	788	603	id2
6ACiYVKbmPM/00001272.jpg	0	297	143	759	605	id2
6ACiYVKbmPM/00001099.jpg	0	297	143	759	605	id2
6ACiYVKbmPM/00000935.jpg	0	397	168	526	297	id2
6ACiYVKbmPM/00000966.jpg	0	397	182	526	311	id2
6ACiYVKbmPM/00001075.jpg	0	297	92	759	554	id2
6ACiYVKbmPM/00001251.jpg	0	297	92	759	554	id2
6ACiYVKbmPM/00001180.jpg	0	297	143	759	605	id2
6ACiYVKbmPM/00000854.jpg	0	397	182	526	311	id2
6ACiYVKbmPM/00001116.jpg	0	297	92	759	554	id2
6ACiYVKbmPM/00000686.jpg	0	377	150	413	186	id2
6ACiYVKbmPM/00000927.jpg	0	397	168	526	297	id2
6ACiYVKbmPM/00001072.jpg	0	297	92	759	554	id2
6ACiYVKbmPM/00000877.jpg	0	368	182	497	311	id2
6ACiYVKbmPM/00001253.jpg	0	297	92	759	554	id2
6ACiYVKbmPM/00000918.jpg	0	390	167	545	322	id2
6ACiYVKbmPM/00000850.jpg	0	397	182	526	311	id2
6ACiYVKbmPM/00001210.jpg	0	297	92	759	554	id2
6ACiYVKbmPM/00000942.jpg	0	397	182	526	311	id2
6ACiYVKbmPM/00001266.jpg	0	233	49	788	603	id2
6ACiYVKbmPM/00001097.jpg	0	297	143	759	605	id2
6ACiYVKbmPM/00000703.jpg	0	385	150	421	186	id2
6ACiYVKbmPM/00000671.jpg	0	329	154	365	190	id2
6ACiYVKbmPM/00000846.jpg	0	397	168	526	297	id2
6ACiYVKbmPM/00000886.jpg	0	382	182	511	311	id2
6ACiYVKbmPM/00001268.jpg	0	297	143	759	605	id2
6ACiYVKbmPM/00000683.jpg	0	369	150	405	186	id2
6ACiYVKbmPM/00001173.jpg	0	245	143	707	605	id2
6ACiYVKbmPM/00001171.jpg	0	245	143	707	605	id2
6ACiYVKbmPM/00000967.jpg	0	397	182	526	311	id2
6ACiYVKbmPM/00001225.jpg	0	297	40	759	502	id2
6ACiYVKbmPM/00000952.jpg	0	382	182	511	311	id2
6ACiYVKbmPM/00001250.jpg	0	297	92	759	554	id2
6ACiYVKbmPM/00000696.jpg	0	385	150	421	186	id2
6ACiYVKbmPM/00000899.jpg	0	397	168	526	297	id2
6ACiYVKbmPM/00000924.jpg	0	397	168	526	297	id2
6ACiYVKbmPM/00000704.jpg	0	385	150	421	186	id2
6ACiYVKbmPM/00000657.jpg	0	249	158	285	194	id2
6ACiYVKbmPM/00000909.jpg	0	397	168	526	297	id2
6ACiYVKbmPM/00000639.jpg	0	69	158	105	194	id2
6ACiYVKbmPM/00001276.jpg	0	297	143	759	605	id2
6ACiYVKbmPM/00000847.jpg	0	397	168	526	297	id2
6ACiYVKbmPM/00000874.jpg	0	382	182	511	311	id2
6ACiYVKbmPM/00000947.jpg	0	382	182	511	311	id2
6ACiYVKbmPM/00001286.jpg	0	297	143	759	605	id2
6ACiYVKbmPM/00000253.jpg	0	1081	106	1171	196	id3
6ACiYVKbmPM/00000266.jpg	0	802	96	892	186	id3
6ACiYVKbmPM/00000267.jpg	0	784	105	859	179	id3
6ACiYVKbmPM/00000252.jpg	0	1101	96	1191	186	id3
6ACiYVKbmPM/00000251.jpg	0	1121	96	1210	186	id3
6ACiYVKbmPM/00000258.jpg	0	972	106	1061	196	id3
6ACiYVKbmPM/00000264.jpg	0	842	96	932	186	id3
6ACiYVKbmPM/00000257.jpg	0	991	106	1081	196	id3
6ACiYVKbmPM/00000249.jpg	0	1171	96	1260	186	id3
6ACiYVKbmPM/00000254.jpg	0	1061	106	1151	196	id3
6ACiYVKbmPM/00000255.jpg	0	1041	106	1131	196	id3
6ACiYVKbmPM/00000265.jpg	0	822	96	912	186	id3
6ACiYVKbmPM/00000548.jpg	0	1190	128	1298	235	id4
6ACiYVKbmPM/00000550.jpg	0	1178	128	1286	235	id4
6ACiYVKbmPM/00000547.jpg	1	1190	128	1298	235	id4
6ACiYVKbmPM/00000147.jpg	0	818	108	861	151	id5
6ACiYVKbmPM/00000148.jpg	0	818	108	861	151	id5
6ACiYVKbmPM/00000321.jpg	0	583	139	712	268	id6
6ACiYVKbmPM/00000202.jpg	0	497	67	626	196	id6
6ACiYVKbmPM/00000322.jpg	0	583	139	712	268	id6
6ACiYVKbmPM/00000281.jpg	0	511	96	640	225	id6
6ACiYVKbmPM/00000205.jpg	0	526	82	655	211	id6
6ACiYVKbmPM/00000390.jpg	0	526	125	655	254	id6
6ACiYVKbmPM/00000996.jpg	1	1051	331	1103	383	id6
6ACiYVKbmPM/00000308.jpg	0	540	110	669	239	id6
6ACiYVKbmPM/00000218.jpg	0	511	110	640	239	id6
6ACiYVKbmPM/00000278.jpg	0	511	96	640	225	id6
6ACiYVKbmPM/00000275.jpg	0	511	96	640	225	id6
6ACiYVKbmPM/00000276.jpg	0	511	96	640	225	id6
6ACiYVKbmPM/00000277.jpg	0	511	96	640	225	id6
6ACiYVKbmPM/00000280.jpg	0	511	96	640	225	id6
6ACiYVKbmPM/00000870.jpg	1	361	674	397	710	id7
