75aYGKQdQxo/00000284.jpg	0	560	96	635	171	id0
75aYGKQdQxo/00000613.jpg	0	557	108	619	170	id0
75aYGKQdQxo/00000516.jpg	0	550	108	612	170	id0
75aYGKQdQxo/00001359.jpg	0	557	108	619	170	id0
75aYGKQdQxo/00000957.jpg	0	522	108	584	170	id0
75aYGKQdQxo/00000143.jpg	0	543	108	605	170	id0
75aYGKQdQxo/00001124.jpg	0	515	101	577	163	id0
75aYGKQdQxo/00000575.jpg	0	557	108	619	170	id0
75aYGKQdQxo/00001182.jpg	0	563	108	626	170	id0
75aYGKQdQxo/00001417.jpg	0	515	101	577	163	id0
75aYGKQdQxo/00000699.jpg	0	552	105	627	179	id0
75aYGKQdQxo/00000590.jpg	0	557	108	619	170	id0
75aYGKQdQxo/00001418.jpg	0	515	101	577	163	id0
75aYGKQdQxo/00000197.jpg	0	563	108	626	170	id0
75aYGKQdQxo/00001281.jpg	0	543	108	605	170	id0
75aYGKQdQxo/00001316.jpg	0	550	108	612	170	id0
75aYGKQdQxo/00000851.jpg	0	487	101	550	163	id0
75aYGKQdQxo/00000544.jpg	0	550	108	612	170	id0
75aYGKQdQxo/00000662.jpg	0	563	108	626	170	id0
75aYGKQdQxo/00000204.jpg	0	563	108	626	170	id0
75aYGKQdQxo/00000506.jpg	0	544	96	619	171	id0
75aYGKQdQxo/00000195.jpg	0	563	108	626	170	id0
75aYGKQdQxo/00001111.jpg	0	487	108	550	170	id0
75aYGKQdQxo/00000862.jpg	0	508	101	570	163	id0
75aYGKQdQxo/00000180.jpg	0	563	115	626	177	id0
75aYGKQdQxo/00001274.jpg	0	543	108	605	170	id0
75aYGKQdQxo/00000342.jpg	0	560	96	635	171	id0
75aYGKQdQxo/00000097.jpg	0	557	108	619	170	id0
75aYGKQdQxo/00000987.jpg	0	515	101	577	163	id0
75aYGKQdQxo/00000336.jpg	0	560	96	635	171	id0
75aYGKQdQxo/00000490.jpg	0	557	108	619	170	id0
75aYGKQdQxo/00001194.jpg	0	563	108	626	170	id0
75aYGKQdQxo/00000492.jpg	0	557	108	619	170	id0
75aYGKQdQxo/00000035.jpg	0	570	108	633	170	id0
75aYGKQdQxo/00001193.jpg	0	563	108	626	170	id0
75aYGKQdQxo/00001242.jpg	0	550	108	612	170	id0
75aYGKQdQxo/00000612.jpg	0	557	108	619	170	id0
75aYGKQdQxo/00000635.jpg	0	563	101	626	163	id0
75aYGKQdQxo/00001021.jpg	0	529	101	591	163	id0
75aYGKQdQxo/00000122.jpg	0	550	108	612	170	id0
75aYGKQdQxo/00000617.jpg	0	557	108	619	170	id0
75aYGKQdQxo/00001432.jpg	0	515	108	577	170	id0
75aYGKQdQxo/00000120.jpg	0	550	108	612	170	id0
75aYGKQdQxo/00001152.jpg	0	550	108	612	170	id0
75aYGKQdQxo/00001434.jpg	0	515	108	577	170	id0
75aYGKQdQxo/00001310.jpg	0	543	108	605	170	id0
75aYGKQdQxo/00000933.jpg	0	486	96	560	171	id0
75aYGKQdQxo/00000020.jpg	0	570	101	633	163	id0
75aYGKQdQxo/00001220.jpg	0	550	108	612	170	id0
75aYGKQdQxo/00000270.jpg	0	570	108	633	170	id0
75aYGKQdQxo/00000074.jpg	0	552	96	627	171	id0
75aYGKQdQxo/00000317.jpg	0	560	105	635	179	id0
75aYGKQdQxo/00001037.jpg	0	529	101	591	163	id0
75aYGKQdQxo/00000298.jpg	0	563	108	626	170	id0
75aYGKQdQxo/00000392.jpg	0	563	101	626	163	id0
75aYGKQdQxo/00000701.jpg	0	552	105	627	179	id0
75aYGKQdQxo/00000242.jpg	0	560	96	635	171	id0
75aYGKQdQxo/00000010.jpg	0	560	96	635	171	id0
75aYGKQdQxo/00000652.jpg	0	563	108	626	170	id0
75aYGKQdQxo/00000085.jpg	0	563	108	626	170	id0
75aYGKQdQxo/00001290.jpg	0	543	108	605	170	id0
75aYGKQdQxo/00000241.jpg	0	560	96	635	171	id0
75aYGKQdQxo/00000692.jpg	0	552	105	627	179	id0
75aYGKQdQxo/00000372.jpg	0	563	108	626	170	id0
75aYGKQdQxo/00000179.jpg	0	563	115	626	177	id0
75aYGKQdQxo/00000273.jpg	0	570	108	633	170	id0
75aYGKQdQxo/00000111.jpg	0	557	101	619	163	id0
75aYGKQdQxo/00000457.jpg	0	563	108	626	170	id0
75aYGKQdQxo/00001388.jpg	0	550	108	612	170	id0
75aYGKQdQxo/00000610.jpg	0	557	115	619	177	id0
75aYGKQdQxo/00000602.jpg	0	557	108	619	170	id0
75aYGKQdQxo/00001327.jpg	0	550	108	612	170	id0
75aYGKQdQxo/00000589.jpg	0	557	108	619	170	id0
75aYGKQdQxo/00000099.jpg	0	557	108	619	170	id0
75aYGKQdQxo/00001257.jpg	0	543	108	605	170	id0
75aYGKQdQxo/00001304.jpg	0	544	105	619	179	id0
75aYGKQdQxo/00000566.jpg	0	550	108	612	170	id0
75aYGKQdQxo/00000609.jpg	0	557	115	619	177	id0
75aYGKQdQxo/00001219.jpg	0	557	108	619	170	id0
75aYGKQdQxo/00001183.jpg	0	563	108	626	170	id0
75aYGKQdQxo/00000153.jpg	0	550	108	612	170	id0
75aYGKQdQxo/00000351.jpg	0	563	108	626	170	id0
75aYGKQdQxo/00000119.jpg	0	550	108	612	170	id0
75aYGKQdQxo/00000291.jpg	0	563	108	626	170	id0
75aYGKQdQxo/00000034.jpg	0	570	108	633	170	id0
75aYGKQdQxo/00000295.jpg	0	563	108	626	170	id0
75aYGKQdQxo/00000431.jpg	0	563	101	626	163	id0
75aYGKQdQxo/00001305.jpg	0	544	105	619	179	id0
75aYGKQdQxo/00001262.jpg	0	543	108	605	170	id0
75aYGKQdQxo/00001047.jpg	0	529	108	591	170	id0
75aYGKQdQxo/00001273.jpg	0	543	108	605	170	id0
75aYGKQdQxo/00000221.jpg	0	560	96	635	171	id0
75aYGKQdQxo/00001296.jpg	0	536	105	610	179	id0
75aYGKQdQxo/00000081.jpg	0	552	105	627	179	id0
75aYGKQdQxo/00000246.jpg	0	560	105	635	179	id0
75aYGKQdQxo/00000356.jpg	0	563	108	626	170	id0
75aYGKQdQxo/00001206.jpg	0	552	105	627	179	id0
75aYGKQdQxo/00001110.jpg	0	481	108	543	170	id0
75aYGKQdQxo/00000622.jpg	0	552	105	627	179	id0
75aYGKQdQxo/00001043.jpg	0	529	108	591	170	id0
75aYGKQdQxo/00000995.jpg	0	508	101	570	163	id0
75aYGKQdQxo/00000711.jpg	0	552	105	627	179	id0
75aYGKQdQxo/00000880.jpg	0	527	96	602	171	id0
75aYGKQdQxo/00000467.jpg	0	557	101	619	163	id0
75aYGKQdQxo/00001339.jpg	0	557	108	619	170	id0
75aYGKQdQxo/00000529.jpg	0	550	108	612	170	id0
75aYGKQdQxo/00000946.jpg	0	502	96	577	171	id0
75aYGKQdQxo/00000689.jpg	0	563	108	626	170	id0
75aYGKQdQxo/00000728.jpg	0	552	113	627	188	id0
75aYGKQdQxo/00001426.jpg	0	515	108	577	170	id0
75aYGKQdQxo/00000715.jpg	0	552	105	627	179	id0
75aYGKQdQxo/00001228.jpg	0	550	108	612	170	id0
75aYGKQdQxo/00000378.jpg	0	563	108	626	170	id0
75aYGKQdQxo/00001332.jpg	0	557	108	619	170	id0
75aYGKQdQxo/00000156.jpg	0	550	108	612	170	id0
75aYGKQdQxo/00000998.jpg	0	508	101	570	163	id0
75aYGKQdQxo/00000102.jpg	0	557	108	619	170	id0
75aYGKQdQxo/00001338.jpg	0	557	108	619	170	id0
75aYGKQdQxo/00001383.jpg	0	550	108	612	170	id0
75aYGKQdQxo/00000199.jpg	0	563	108	626	170	id0
75aYGKQdQxo/00000136.jpg	0	543	108	605	170	id0
75aYGKQdQxo/00000208.jpg	0	560	96	635	171	id0
75aYGKQdQxo/00000026.jpg	0	570	101	633	163	id0
75aYGKQdQxo/00000019.jpg	0	570	101	633	163	id0
75aYGKQdQxo/00000722.jpg	0	552	96	627	171	id0
75aYGKQdQxo/00000224.jpg	0	560	96	635	171	id0
75aYGKQdQxo/00000052.jpg	0	557	108	619	170	id0
75aYGKQdQxo/00000619.jpg	0	552	105	627	179	id0
75aYGKQdQxo/00000507.jpg	0	550	101	612	163	id0
75aYGKQdQxo/00000393.jpg	0	563	101	626	163	id0
75aYGKQdQxo/00000049.jpg	0	563	108	626	170	id0
75aYGKQdQxo/00001015.jpg	0	529	101	591	163	id0
75aYGKQdQxo/00001137.jpg	0	536	101	598	163	id0
75aYGKQdQxo/00001112.jpg	0	487	108	550	170	id0
75aYGKQdQxo/00000007.jpg	0	560	96	635	171	id0
75aYGKQdQxo/00000676.jpg	0	563	108	626	170	id0
75aYGKQdQxo/00000385.jpg	0	563	108	626	170	id0
75aYGKQdQxo/00001267.jpg	0	543	101	605	163	id0
75aYGKQdQxo/00001436.jpg	0	515	108	577	170	id0
75aYGKQdQxo/00000134.jpg	0	543	108	605	170	id0
75aYGKQdQxo/00000253.jpg	0	570	115	633	177	id0
75aYGKQdQxo/00000684.jpg	0	552	105	627	179	id0
75aYGKQdQxo/00001407.jpg	0	511	96	585	171	id0
75aYGKQdQxo/00001414.jpg	0	515	101	577	163	id0
75aYGKQdQxo/00000093.jpg	0	557	108	619	170	id0
75aYGKQdQxo/00001375.jpg	0	557	108	619	170	id0
75aYGKQdQxo/00000452.jpg	0	563	108	626	170	id0
75aYGKQdQxo/00001299.jpg	0	543	115	605	177	id0
75aYGKQdQxo/00000427.jpg	0	563	101	626	163	id0
75aYGKQdQxo/00001291.jpg	0	543	108	605	170	id0
75aYGKQdQxo/00000632.jpg	0	563	108	626	170	id0
75aYGKQdQxo/00000659.jpg	0	563	108	626	170	id0
75aYGKQdQxo/00000573.jpg	0	557	108	619	170	id0
75aYGKQdQxo/00000160.jpg	0	550	108	612	170	id0
75aYGKQdQxo/00000266.jpg	0	570	108	633	170	id0
75aYGKQdQxo/00001117.jpg	0	501	101	563	163	id0
75aYGKQdQxo/00000496.jpg	0	557	108	619	170	id0
75aYGKQdQxo/00000934.jpg	0	486	96	560	171	id0
75aYGKQdQxo/00000954.jpg	0	511	96	585	171	id0
75aYGKQdQxo/00001196.jpg	0	563	108	626	170	id0
75aYGKQdQxo/00000687.jpg	0	552	105	627	179	id0
75aYGKQdQxo/00000560.jpg	0	550	115	612	177	id0
75aYGKQdQxo/00000706.jpg	0	552	105	627	179	id0
75aYGKQdQxo/00000486.jpg	0	557	108	619	170	id0
75aYGKQdQxo/00000155.jpg	0	550	108	612	170	id0
75aYGKQdQxo/00000974.jpg	0	529	108	591	170	id0
75aYGKQdQxo/00000192.jpg	0	563	108	626	170	id0
75aYGKQdQxo/00000376.jpg	0	563	108	626	170	id0
75aYGKQdQxo/00000367.jpg	0	563	101	626	163	id0
75aYGKQdQxo/00000001.jpg	0	560	96	635	171	id0
75aYGKQdQxo/00001391.jpg	0	543	108	605	170	id0
75aYGKQdQxo/00000256.jpg	0	570	115	633	177	id0
75aYGKQdQxo/00001277.jpg	0	543	108	605	170	id0
75aYGKQdQxo/00000328.jpg	0	570	101	633	163	id0
75aYGKQdQxo/00001425.jpg	0	515	108	577	170	id0
75aYGKQdQxo/00000644.jpg	0	552	105	627	179	id0
75aYGKQdQxo/00000645.jpg	0	552	105	627	179	id0
75aYGKQdQxo/00000465.jpg	0	552	96	627	171	id0
75aYGKQdQxo/00000479.jpg	0	550	108	612	170	id0
75aYGKQdQxo/00000377.jpg	0	563	108	626	170	id0
75aYGKQdQxo/00000109.jpg	0	557	101	619	163	id0
75aYGKQdQxo/00001201.jpg	0	563	108	626	170	id0
75aYGKQdQxo/00001179.jpg	0	563	108	626	170	id0
75aYGKQdQxo/00001347.jpg	0	557	101	619	163	id0
75aYGKQdQxo/00000131.jpg	0	543	108	605	170	id0
75aYGKQdQxo/00001278.jpg	0	543	108	605	170	id0
75aYGKQdQxo/00000455.jpg	0	563	108	626	170	id0
75aYGKQdQxo/00001188.jpg	0	563	108	626	170	id0
75aYGKQdQxo/00000231.jpg	0	560	105	635	179	id0
75aYGKQdQxo/00001365.jpg	0	557	108	619	170	id0
75aYGKQdQxo/00000170.jpg	0	552	105	627	179	id0
75aYGKQdQxo/00001185.jpg	0	563	108	626	170	id0
75aYGKQdQxo/00000881.jpg	0	536	108	598	170	id0
75aYGKQdQxo/00000065.jpg	0	552	96	627	171	id0
75aYGKQdQxo/00001408.jpg	0	515	101	577	163	id0
75aYGKQdQxo/00000483.jpg	0	557	108	619	170	id0
75aYGKQdQxo/00000548.jpg	0	550	101	612	163	id0
75aYGKQdQxo/00000556.jpg	0	550	115	612	177	id0
75aYGKQdQxo/00000016.jpg	0	560	96	635	171	id0
75aYGKQdQxo/00000375.jpg	0	563	108	626	170	id0
75aYGKQdQxo/00001224.jpg	0	550	108	612	170	id0
75aYGKQdQxo/00001011.jpg	0	522	101	584	163	id0
75aYGKQdQxo/00001126.jpg	0	522	101	584	163	id0
75aYGKQdQxo/00000112.jpg	0	557	101	619	163	id0
75aYGKQdQxo/00000685.jpg	0	552	105	627	179	id0
75aYGKQdQxo/00000113.jpg	0	557	101	619	163	id0
75aYGKQdQxo/00001108.jpg	0	474	108	536	170	id0
75aYGKQdQxo/00000580.jpg	0	557	108	619	170	id0
75aYGKQdQxo/00000693.jpg	0	563	108	626	170	id0
75aYGKQdQxo/00000636.jpg	0	563	101	626	163	id0
75aYGKQdQxo/00000238.jpg	0	560	105	635	179	id0
75aYGKQdQxo/00001416.jpg	0	515	101	577	163	id0
75aYGKQdQxo/00001285.jpg	0	543	108	605	170	id0
75aYGKQdQxo/00000056.jpg	0	552	96	627	171	id0
75aYGKQdQxo/00000855.jpg	0	494	101	557	163	id0
75aYGKQdQxo/00000260.jpg	0	570	115	633	177	id0
75aYGKQdQxo/00000710.jpg	0	552	105	627	179	id0
75aYGKQdQxo/00000460.jpg	0	563	101	626	163	id0
75aYGKQdQxo/00001197.jpg	0	563	108	626	170	id0
75aYGKQdQxo/00001129.jpg	0	519	96	594	171	id0
75aYGKQdQxo/00000853.jpg	0	486	96	560	171	id0
75aYGKQdQxo/00000293.jpg	0	563	108	626	170	id0
75aYGKQdQxo/00000323.jpg	0	570	108	633	170	id0
75aYGKQdQxo/00001393.jpg	0	536	105	610	179	id0
75aYGKQdQxo/00000997.jpg	0	508	101	570	163	id0
75aYGKQdQxo/00001050.jpg	0	522	101	584	163	id0
75aYGKQdQxo/00000664.jpg	0	563	108	626	170	id0
75aYGKQdQxo/00000973.jpg	0	527	96	602	171	id0
75aYGKQdQxo/00001233.jpg	0	550	108	612	170	id0
75aYGKQdQxo/00000451.jpg	0	563	108	626	170	id0
75aYGKQdQxo/00000454.jpg	0	563	108	626	170	id0
75aYGKQdQxo/00000570.jpg	0	550	108	612	170	id0
75aYGKQdQxo/00001322.jpg	0	550	108	612	170	id0
75aYGKQdQxo/00000340.jpg	0	560	96	635	171	id0
75aYGKQdQxo/00000268.jpg	0	570	108	633	170	id0
75aYGKQdQxo/00000164.jpg	0	557	101	619	163	id0
75aYGKQdQxo/00001287.jpg	0	543	108	605	170	id0
75aYGKQdQxo/00001386.jpg	0	550	108	612	170	id0
75aYGKQdQxo/00000048.jpg	0	563	108	626	170	id0
75aYGKQdQxo/00001170.jpg	0	563	108	626	170	id0
75aYGKQdQxo/00000458.jpg	0	563	108	626	170	id0
75aYGKQdQxo/00000962.jpg	0	529	108	591	170	id0
75aYGKQdQxo/00000137.jpg	0	543	108	605	170	id0
75aYGKQdQxo/00001005.jpg	0	515	101	577	163	id0
75aYGKQdQxo/00000418.jpg	0	563	101	626	163	id0
75aYGKQdQxo/00000104.jpg	0	557	101	619	163	id0
75aYGKQdQxo/00000015.jpg	0	560	96	635	171	id0
75aYGKQdQxo/00001275.jpg	0	543	108	605	170	id0
75aYGKQdQxo/00000237.jpg	0	560	105	635	179	id0
75aYGKQdQxo/00000629.jpg	0	563	108	626	170	id0
75aYGKQdQxo/00000012.jpg	0	560	96	635	171	id0
75aYGKQdQxo/00000089.jpg	0	557	108	619	170	id0
75aYGKQdQxo/00001369.jpg	0	557	108	619	170	id0
75aYGKQdQxo/00000044.jpg	0	563	108	626	170	id0
75aYGKQdQxo/00000579.jpg	0	557	108	619	170	id0
75aYGKQdQxo/00000564.jpg	0	550	108	612	170	id0
75aYGKQdQxo/00000133.jpg	0	543	108	605	170	id0
75aYGKQdQxo/00000489.jpg	0	557	108	619	170	id0
75aYGKQdQxo/00000663.jpg	0	563	108	626	170	id0
75aYGKQdQxo/00000087.jpg	0	563	108	626	170	id0
75aYGKQdQxo/00001343.jpg	0	557	108	619	170	id0
75aYGKQdQxo/00000147.jpg	0	543	108	605	170	id0
75aYGKQdQxo/00000151.jpg	0	550	108	612	170	id0
75aYGKQdQxo/00000449.jpg	0	563	108	626	170	id0
75aYGKQdQxo/00000226.jpg	0	560	96	635	171	id0
75aYGKQdQxo/00001413.jpg	0	515	101	577	163	id0
75aYGKQdQxo/00000461.jpg	0	563	101	626	163	id0
75aYGKQdQxo/00000464.jpg	0	552	96	627	171	id0
75aYGKQdQxo/00001390.jpg	0	543	108	605	170	id0
75aYGKQdQxo/00000549.jpg	0	550	108	612	170	id0
75aYGKQdQxo/00000661.jpg	0	563	108	626	170	id0
75aYGKQdQxo/00000335.jpg	0	560	96	635	171	id0
75aYGKQdQxo/00000964.jpg	0	529	108	591	170	id0
75aYGKQdQxo/00000306.jpg	0	560	105	635	179	id0
75aYGKQdQxo/00001156.jpg	0	557	108	619	170	id0
75aYGKQdQxo/00001355.jpg	0	557	108	619	170	id0
75aYGKQdQxo/00000583.jpg	0	557	108	619	170	id0
75aYGKQdQxo/00000574.jpg	0	557	108	619	170	id0
75aYGKQdQxo/00000885.jpg	0	536	108	598	170	id0
75aYGKQdQxo/00000239.jpg	0	560	96	635	171	id0
75aYGKQdQxo/00000476.jpg	0	550	108	612	170	id0
75aYGKQdQxo/00000011.jpg	0	560	96	635	171	id0
75aYGKQdQxo/00000359.jpg	0	563	108	626	170	id0
75aYGKQdQxo/00001139.jpg	0	543	101	605	163	id0
75aYGKQdQxo/00000505.jpg	0	544	96	619	171	id0
75aYGKQdQxo/00000678.jpg	0	563	108	626	170	id0
75aYGKQdQxo/00000352.jpg	0	563	108	626	170	id0
75aYGKQdQxo/00000860.jpg	0	501	101	563	163	id0
75aYGKQdQxo/00001148.jpg	0	550	108	612	170	id0
75aYGKQdQxo/00000665.jpg	0	563	108	626	170	id0
75aYGKQdQxo/00000864.jpg	0	515	108	577	170	id0
75aYGKQdQxo/00000344.jpg	0	560	105	635	179	id0
75aYGKQdQxo/00001205.jpg	0	552	105	627	179	id0
75aYGKQdQxo/00001135.jpg	0	536	101	598	163	id0
75aYGKQdQxo/00000956.jpg	0	522	108	584	170	id0
75aYGKQdQxo/00000343.jpg	0	560	105	635	179	id0
75aYGKQdQxo/00000064.jpg	0	552	96	627	171	id0
75aYGKQdQxo/00001186.jpg	0	563	108	626	170	id0
75aYGKQdQxo/00001235.jpg	0	550	108	612	170	id0
75aYGKQdQxo/00001409.jpg	0	515	101	577	163	id0
75aYGKQdQxo/00000072.jpg	0	557	101	619	163	id0
75aYGKQdQxo/00001382.jpg	0	550	108	612	170	id0
75aYGKQdQxo/00000263.jpg	0	570	115	633	177	id0
75aYGKQdQxo/00000232.jpg	0	563	108	626	170	id0
75aYGKQdQxo/00000729.jpg	0	557	115	619	177	id0
75aYGKQdQxo/00000185.jpg	0	563	115	626	177	id0
75aYGKQdQxo/00000347.jpg	0	560	105	635	179	id0
75aYGKQdQxo/00000931.jpg	0	478	96	552	171	id0
75aYGKQdQxo/00000669.jpg	0	563	108	626	170	id0
75aYGKQdQxo/00000675.jpg	0	563	101	626	163	id0
75aYGKQdQxo/00001349.jpg	0	557	101	619	163	id0
75aYGKQdQxo/00000858.jpg	0	494	88	569	163	id0
75aYGKQdQxo/00001202.jpg	0	552	105	627	179	id0
75aYGKQdQxo/00000062.jpg	0	552	96	627	171	id0
75aYGKQdQxo/00000045.jpg	0	563	108	626	170	id0
75aYGKQdQxo/00000296.jpg	0	563	108	626	170	id0
75aYGKQdQxo/00000269.jpg	0	570	108	633	170	id0
75aYGKQdQxo/00001211.jpg	0	557	108	619	170	id0
75aYGKQdQxo/00000172.jpg	0	563	108	626	170	id0
75aYGKQdQxo/00000419.jpg	0	563	101	626	163	id0
75aYGKQdQxo/00000196.jpg	0	563	108	626	170	id0
75aYGKQdQxo/00001320.jpg	0	550	108	612	170	id0
75aYGKQdQxo/00000546.jpg	0	550	101	612	163	id0
75aYGKQdQxo/00001121.jpg	0	508	101	570	163	id0
75aYGKQdQxo/00000304.jpg	0	563	108	626	170	id0
75aYGKQdQxo/00001048.jpg	0	529	108	591	170	id0
75aYGKQdQxo/00001362.jpg	0	557	108	619	170	id0
75aYGKQdQxo/00000599.jpg	0	557	108	619	170	id0
75aYGKQdQxo/00001326.jpg	0	550	108	612	170	id0
75aYGKQdQxo/00000845.jpg	0	481	101	543	163	id0
75aYGKQdQxo/00000289.jpg	0	563	108	626	170	id0
75aYGKQdQxo/00000353.jpg	0	563	108	626	170	id0
75aYGKQdQxo/00000694.jpg	0	563	108	626	170	id0
75aYGKQdQxo/00001402.jpg	0	519	96	594	171	id0
75aYGKQdQxo/00001271.jpg	0	543	101	605	163	id0
75aYGKQdQxo/00000543.jpg	0	550	108	612	170	id0
75aYGKQdQxo/00001420.jpg	0	515	101	577	163	id0
75aYGKQdQxo/00000039.jpg	0	570	108	633	170	id0
75aYGKQdQxo/00001039.jpg	0	529	101	591	163	id0
75aYGKQdQxo/00001354.jpg	0	557	108	619	170	id0
75aYGKQdQxo/00000448.jpg	0	563	108	626	170	id0
75aYGKQdQxo/00000126.jpg	0	550	108	612	170	id0
75aYGKQdQxo/00001260.jpg	0	543	108	605	170	id0
75aYGKQdQxo/00000584.jpg	0	557	108	619	170	id0
75aYGKQdQxo/00001033.jpg	0	529	101	591	163	id0
75aYGKQdQxo/00000477.jpg	0	550	108	612	170	id0
75aYGKQdQxo/00001046.jpg	0	529	108	591	170	id0
75aYGKQdQxo/00000937.jpg	0	494	96	569	171	id0
75aYGKQdQxo/00000615.jpg	0	557	108	619	170	id0
75aYGKQdQxo/00000640.jpg	0	563	108	626	170	id0
75aYGKQdQxo/00001341.jpg	0	557	108	619	170	id0
75aYGKQdQxo/00000234.jpg	0	560	105	635	179	id0
75aYGKQdQxo/00000324.jpg	0	570	108	633	170	id0
75aYGKQdQxo/00000086.jpg	0	563	108	626	170	id0
75aYGKQdQxo/00001255.jpg	0	543	108	605	170	id0
75aYGKQdQxo/00000302.jpg	0	563	108	626	170	id0
75aYGKQdQxo/00000002.jpg	0	560	96	635	171	id0
75aYGKQdQxo/00000135.jpg	0	543	108	605	170	id0
75aYGKQdQxo/00001187.jpg	0	563	108	626	170	id0
75aYGKQdQxo/00000491.jpg	0	557	108	619	170	id0
75aYGKQdQxo/00000611.jpg	0	557	108	619	170	id0
75aYGKQdQxo/00000163.jpg	0	557	108	619	170	id0
75aYGKQdQxo/00000243.jpg	0	560	96	635	171	id0
75aYGKQdQxo/00001175.jpg	0	563	108	626	170	id0
75aYGKQdQxo/00001003.jpg	0	515	101	577	163	id0
75aYGKQdQxo/00000670.jpg	0	563	108	626	170	id0
75aYGKQdQxo/00000421.jpg	0	563	101	626	163	id0
75aYGKQdQxo/00000720.jpg	0	552	105	627	179	id0
75aYGKQdQxo/00001049.jpg	0	519	96	594	171	id0
75aYGKQdQxo/00001438.jpg	0	515	108	577	170	id0
75aYGKQdQxo/00000522.jpg	0	550	108	612	170	id0
75aYGKQdQxo/00000046.jpg	0	563	108	626	170	id0
75aYGKQdQxo/00000595.jpg	0	552	105	627	179	id0
75aYGKQdQxo/00001237.jpg	0	550	108	612	170	id0
75aYGKQdQxo/00001151.jpg	0	550	108	612	170	id0
75aYGKQdQxo/00001263.jpg	0	536	105	610	179	id0
75aYGKQdQxo/00000848.jpg	0	478	96	552	171	id0
75aYGKQdQxo/00000487.jpg	0	557	108	619	170	id0
75aYGKQdQxo/00000023.jpg	0	570	101	633	163	id0
75aYGKQdQxo/00000878.jpg	0	527	105	602	179	id0
75aYGKQdQxo/00001387.jpg	0	550	108	612	170	id0
75aYGKQdQxo/00000450.jpg	0	563	108	626	170	id0
75aYGKQdQxo/00000625.jpg	0	552	105	627	179	id0
75aYGKQdQxo/00000413.jpg	0	563	101	626	163	id0
75aYGKQdQxo/00000222.jpg	0	560	96	635	171	id0
75aYGKQdQxo/00000326.jpg	0	570	108	633	170	id0
75aYGKQdQxo/00000842.jpg	0	474	101	536	163	id0
75aYGKQdQxo/00000873.jpg	0	529	108	591	170	id0
75aYGKQdQxo/00000981.jpg	0	522	101	584	163	id0
75aYGKQdQxo/00000408.jpg	0	563	101	626	163	id0
75aYGKQdQxo/00000043.jpg	0	563	108	626	170	id0
75aYGKQdQxo/00000139.jpg	0	543	108	605	170	id0
75aYGKQdQxo/00000060.jpg	0	552	96	627	171	id0
75aYGKQdQxo/00000025.jpg	0	570	101	633	163	id0
75aYGKQdQxo/00000262.jpg	0	570	115	633	177	id0
75aYGKQdQxo/00001216.jpg	0	557	108	619	170	id0
75aYGKQdQxo/00000177.jpg	0	563	115	626	177	id0
75aYGKQdQxo/00001323.jpg	0	550	108	612	170	id0
75aYGKQdQxo/00001038.jpg	0	529	101	591	163	id0
75aYGKQdQxo/00000174.jpg	0	563	115	626	177	id0
75aYGKQdQxo/00001269.jpg	0	543	101	605	163	id0
75aYGKQdQxo/00001297.jpg	0	543	115	605	177	id0
75aYGKQdQxo/00001244.jpg	0	550	108	612	170	id0
75aYGKQdQxo/00001270.jpg	0	543	101	605	163	id0
75aYGKQdQxo/00000018.jpg	0	570	101	633	163	id0
75aYGKQdQxo/00001229.jpg	0	550	108	612	170	id0
75aYGKQdQxo/00001430.jpg	0	515	108	577	170	id0
75aYGKQdQxo/00000411.jpg	0	563	101	626	163	id0
75aYGKQdQxo/00000055.jpg	0	557	108	619	170	id0
75aYGKQdQxo/00000977.jpg	0	519	96	594	171	id0
75aYGKQdQxo/00000004.jpg	0	560	96	635	171	id0
75aYGKQdQxo/00001149.jpg	0	550	108	612	170	id0
75aYGKQdQxo/00000294.jpg	0	563	108	626	170	id0
75aYGKQdQxo/00001317.jpg	0	550	108	612	170	id0
75aYGKQdQxo/00000553.jpg	0	550	115	612	177	id0
75aYGKQdQxo/00000513.jpg	0	544	105	619	179	id0
75aYGKQdQxo/00000884.jpg	0	536	108	598	170	id0
75aYGKQdQxo/00001026.jpg	0	529	108	591	170	id0
75aYGKQdQxo/00000223.jpg	0	560	96	635	171	id0
75aYGKQdQxo/00000115.jpg	0	557	108	619	170	id0
75aYGKQdQxo/00000381.jpg	0	563	108	626	170	id0
75aYGKQdQxo/00000207.jpg	0	560	96	635	171	id0
75aYGKQdQxo/00001020.jpg	0	529	101	591	163	id0
75aYGKQdQxo/00000656.jpg	0	563	108	626	170	id0
75aYGKQdQxo/00000410.jpg	0	563	101	626	163	id0
75aYGKQdQxo/00001134.jpg	0	536	101	598	163	id0
75aYGKQdQxo/00000986.jpg	0	511	96	585	171	id0
75aYGKQdQxo/00000654.jpg	0	563	108	626	170	id0
75aYGKQdQxo/00000285.jpg	0	560	96	635	171	id0
75aYGKQdQxo/00001107.jpg	0	467	108	529	170	id0
75aYGKQdQxo/00000682.jpg	0	552	105	627	179	id0
75aYGKQdQxo/00001312.jpg	0	543	115	605	177	id0
75aYGKQdQxo/00000889.jpg	0	529	108	591	170	id0
75aYGKQdQxo/00001440.jpg	0	515	108	577	170	id0
75aYGKQdQxo/00001189.jpg	0	563	108	626	170	id0
75aYGKQdQxo/00000550.jpg	0	550	108	612	170	id0
75aYGKQdQxo/00001437.jpg	0	515	108	577	170	id0
75aYGKQdQxo/00001395.jpg	0	536	108	598	170	id0
75aYGKQdQxo/00000572.jpg	0	557	108	619	170	id0
75aYGKQdQxo/00001345.jpg	0	557	108	619	170	id0
75aYGKQdQxo/00000146.jpg	0	543	108	605	170	id0
75aYGKQdQxo/00001356.jpg	0	557	108	619	170	id0
75aYGKQdQxo/00000517.jpg	0	544	105	619	179	id0
75aYGKQdQxo/00001389.jpg	0	550	107	602	159	id0
75aYGKQdQxo/00000267.jpg	0	570	108	633	170	id0
75aYGKQdQxo/00000358.jpg	0	563	108	626	170	id0
75aYGKQdQxo/00000691.jpg	0	563	108	626	170	id0
75aYGKQdQxo/00000932.jpg	0	487	101	550	163	id0
75aYGKQdQxo/00000382.jpg	0	563	108	626	170	id0
75aYGKQdQxo/00000562.jpg	0	544	105	619	179	id0
75aYGKQdQxo/00001009.jpg	0	522	101	584	163	id0
75aYGKQdQxo/00000138.jpg	0	543	108	605	170	id0
75aYGKQdQxo/00000417.jpg	0	563	101	626	163	id0
75aYGKQdQxo/00000132.jpg	0	543	108	605	170	id0
75aYGKQdQxo/00000434.jpg	0	563	101	626	163	id0
75aYGKQdQxo/00000554.jpg	0	550	115	612	177	id0
75aYGKQdQxo/00001421.jpg	0	515	101	577	163	id0
75aYGKQdQxo/00000863.jpg	0	502	96	577	171	id0
75aYGKQdQxo/00001350.jpg	0	557	101	619	163	id0
75aYGKQdQxo/00000533.jpg	0	550	108	612	170	id0
75aYGKQdQxo/00000341.jpg	0	560	96	635	171	id0
75aYGKQdQxo/00000252.jpg	0	570	115	633	177	id0
75aYGKQdQxo/00000536.jpg	0	550	108	612	170	id0
75aYGKQdQxo/00001258.jpg	0	543	108	605	170	id0
75aYGKQdQxo/00001311.jpg	0	543	115	605	177	id0
75aYGKQdQxo/00000943.jpg	0	494	96	569	171	id0
75aYGKQdQxo/00001207.jpg	0	552	105	627	179	id0
75aYGKQdQxo/00001017.jpg	0	529	101	591	163	id0
75aYGKQdQxo/00000325.jpg	0	570	108	633	170	id0
75aYGKQdQxo/00000374.jpg	0	563	108	626	170	id0
75aYGKQdQxo/00000346.jpg	0	560	105	635	179	id0
75aYGKQdQxo/00001439.jpg	0	515	108	577	170	id0
75aYGKQdQxo/00000733.jpg	0	552	105	627	179	id0
75aYGKQdQxo/00000443.jpg	0	563	108	626	170	id0
75aYGKQdQxo/00001399.jpg	0	529	108	591	170	id0
75aYGKQdQxo/00000310.jpg	0	560	105	635	179	id0
75aYGKQdQxo/00000140.jpg	0	543	108	605	170	id0
75aYGKQdQxo/00001377.jpg	0	557	108	619	170	id0
75aYGKQdQxo/00000182.jpg	0	563	115	626	177	id0
75aYGKQdQxo/00001166.jpg	0	563	108	626	170	id0
75aYGKQdQxo/00001012.jpg	0	522	101	584	163	id0
75aYGKQdQxo/00000992.jpg	0	502	96	577	171	id0
75aYGKQdQxo/00000338.jpg	0	560	96	635	171	id0
75aYGKQdQxo/00000484.jpg	0	557	108	619	170	id0
75aYGKQdQxo/00000714.jpg	0	552	105	627	179	id0
75aYGKQdQxo/00000320.jpg	0	560	105	635	179	id0
75aYGKQdQxo/00001105.jpg	0	453	108	515	170	id0
75aYGKQdQxo/00001153.jpg	0	550	108	612	170	id0
75aYGKQdQxo/00001321.jpg	0	550	108	612	170	id0
75aYGKQdQxo/00001371.jpg	0	557	108	619	170	id0
75aYGKQdQxo/00000731.jpg	0	552	105	627	179	id0
75aYGKQdQxo/00000726.jpg	0	552	105	627	179	id0
75aYGKQdQxo/00000128.jpg	0	543	108	605	170	id0
75aYGKQdQxo/00001028.jpg	0	529	101	591	163	id0
75aYGKQdQxo/00001161.jpg	0	557	108	619	170	id0
75aYGKQdQxo/00000944.jpg	0	502	96	577	171	id0
75aYGKQdQxo/00000201.jpg	0	563	108	626	170	id0
75aYGKQdQxo/00000190.jpg	0	563	108	626	170	id0
75aYGKQdQxo/00000672.jpg	0	563	101	626	163	id0
75aYGKQdQxo/00000398.jpg	0	563	101	626	163	id0
75aYGKQdQxo/00000290.jpg	0	563	108	626	170	id0
75aYGKQdQxo/00000036.jpg	0	570	108	633	170	id0
75aYGKQdQxo/00000313.jpg	0	560	105	635	179	id0
75aYGKQdQxo/00001245.jpg	0	544	96	619	171	id0
75aYGKQdQxo/00000838.jpg	0	453	108	515	170	id0
75aYGKQdQxo/00001241.jpg	0	550	108	612	170	id0
75aYGKQdQxo/00000551.jpg	0	550	108	612	170	id0
75aYGKQdQxo/00000272.jpg	0	570	108	633	170	id0
75aYGKQdQxo/00001042.jpg	0	529	101	591	163	id0
75aYGKQdQxo/00000244.jpg	0	560	96	635	171	id0
75aYGKQdQxo/00001401.jpg	0	519	96	594	171	id0
75aYGKQdQxo/00000958.jpg	0	519	96	594	171	id0
75aYGKQdQxo/00000700.jpg	0	552	105	627	179	id0
75aYGKQdQxo/00001400.jpg	0	529	108	591	170	id0
75aYGKQdQxo/00000504.jpg	0	550	108	612	170	id0
75aYGKQdQxo/00000388.jpg	0	563	101	626	163	id0
75aYGKQdQxo/00001428.jpg	0	515	108	577	170	id0
75aYGKQdQxo/00000721.jpg	0	557	108	619	170	id0
75aYGKQdQxo/00000040.jpg	0	570	108	633	170	id0
75aYGKQdQxo/00001034.jpg	0	529	101	591	163	id0
75aYGKQdQxo/00000105.jpg	0	557	101	619	163	id0
75aYGKQdQxo/00000634.jpg	0	563	101	626	163	id0
75aYGKQdQxo/00000292.jpg	0	563	108	626	170	id0
75aYGKQdQxo/00000511.jpg	0	544	96	619	171	id0
75aYGKQdQxo/00000713.jpg	0	552	105	627	179	id0
75aYGKQdQxo/00000165.jpg	0	557	101	619	163	id0
75aYGKQdQxo/00000512.jpg	0	544	96	619	171	id0
75aYGKQdQxo/00000228.jpg	0	560	96	635	171	id0
75aYGKQdQxo/00001404.jpg	0	522	108	584	170	id0
75aYGKQdQxo/00000157.jpg	0	550	108	612	170	id0
75aYGKQdQxo/00000856.jpg	0	494	101	557	163	id0
75aYGKQdQxo/00000738.jpg	0	563	108	626	170	id0
75aYGKQdQxo/00000633.jpg	0	563	101	626	163	id0
75aYGKQdQxo/00000968.jpg	0	527	96	602	171	id0
75aYGKQdQxo/00001157.jpg	0	557	108	619	170	id0
75aYGKQdQxo/00000057.jpg	0	552	96	627	171	id0
75aYGKQdQxo/00000727.jpg	0	552	113	627	188	id0
75aYGKQdQxo/00001226.jpg	0	550	108	612	170	id0
75aYGKQdQxo/00000871.jpg	0	519	96	594	171	id0
75aYGKQdQxo/00000524.jpg	0	550	108	612	170	id0
75aYGKQdQxo/00000730.jpg	0	552	105	627	179	id0
75aYGKQdQxo/00000184.jpg	0	563	115	626	177	id0
75aYGKQdQxo/00000620.jpg	0	552	105	627	179	id0
75aYGKQdQxo/00000940.jpg	0	494	96	569	171	id0
75aYGKQdQxo/00000537.jpg	0	550	108	612	170	id0
75aYGKQdQxo/00001324.jpg	0	550	108	612	170	id0
75aYGKQdQxo/00001256.jpg	0	543	108	605	170	id0
75aYGKQdQxo/00001176.jpg	0	563	108	626	170	id0
75aYGKQdQxo/00000186.jpg	0	563	108	626	170	id0
75aYGKQdQxo/00000042.jpg	0	560	105	635	179	id0
75aYGKQdQxo/00000447.jpg	0	563	108	626	170	id0
75aYGKQdQxo/00000605.jpg	0	557	108	619	170	id0
75aYGKQdQxo/00000586.jpg	0	557	101	619	163	id0
75aYGKQdQxo/00000033.jpg	0	570	108	633	170	id0
75aYGKQdQxo/00000705.jpg	0	552	105	627	179	id0
75aYGKQdQxo/00001340.jpg	0	557	108	619	170	id0
75aYGKQdQxo/00000440.jpg	0	563	108	626	170	id0
75aYGKQdQxo/00000210.jpg	0	560	96	635	171	id0
75aYGKQdQxo/00001221.jpg	0	550	108	612	170	id0
75aYGKQdQxo/00000397.jpg	0	563	101	626	163	id0
75aYGKQdQxo/00000890.jpg	0	519	96	594	171	id0
75aYGKQdQxo/00000321.jpg	0	560	105	635	179	id0
75aYGKQdQxo/00000354.jpg	0	563	108	626	170	id0
75aYGKQdQxo/00000475.jpg	0	550	101	612	163	id0
75aYGKQdQxo/00001125.jpg	0	515	101	577	163	id0
75aYGKQdQxo/00001041.jpg	0	529	101	591	163	id0
75aYGKQdQxo/00001328.jpg	0	550	108	612	170	id0
75aYGKQdQxo/00000649.jpg	0	552	105	627	179	id0
75aYGKQdQxo/00001289.jpg	0	543	108	605	170	id0
75aYGKQdQxo/00001200.jpg	0	563	108	626	170	id0
75aYGKQdQxo/00000183.jpg	0	563	115	626	177	id0
75aYGKQdQxo/00000732.jpg	0	552	105	627	179	id0
75aYGKQdQxo/00000211.jpg	0	560	96	635	171	id0
75aYGKQdQxo/00000009.jpg	0	560	96	635	171	id0
75aYGKQdQxo/00001030.jpg	0	529	101	591	163	id0
75aYGKQdQxo/00000930.jpg	0	481	108	543	170	id0
75aYGKQdQxo/00000339.jpg	0	560	96	635	171	id0
75aYGKQdQxo/00001199.jpg	0	563	108	626	170	id0
75aYGKQdQxo/00001115.jpg	0	504	107	556	159	id0
75aYGKQdQxo/00001174.jpg	0	563	108	626	170	id0
75aYGKQdQxo/00000963.jpg	0	529	108	591	170	id0
75aYGKQdQxo/00001212.jpg	0	557	108	619	170	id0
75aYGKQdQxo/00001195.jpg	0	563	108	626	170	id0
75aYGKQdQxo/00000646.jpg	0	552	105	627	179	id0
75aYGKQdQxo/00000096.jpg	0	557	108	619	170	id0
75aYGKQdQxo/00001208.jpg	0	552	105	627	179	id0
75aYGKQdQxo/00000941.jpg	0	494	96	569	171	id0
75aYGKQdQxo/00000068.jpg	0	552	96	627	171	id0
75aYGKQdQxo/00000494.jpg	0	557	108	619	170	id0
75aYGKQdQxo/00001243.jpg	0	550	108	612	170	id0
75aYGKQdQxo/00001027.jpg	0	529	108	591	170	id0
75aYGKQdQxo/00001330.jpg	0	550	108	612	170	id0
75aYGKQdQxo/00000024.jpg	0	570	101	633	163	id0
75aYGKQdQxo/00000412.jpg	0	563	101	626	163	id0
75aYGKQdQxo/00001023.jpg	0	529	101	591	163	id0
75aYGKQdQxo/00001045.jpg	0	529	108	591	170	id0
75aYGKQdQxo/00000202.jpg	0	563	108	626	170	id0
75aYGKQdQxo/00000626.jpg	0	552	105	627	179	id0
75aYGKQdQxo/00001412.jpg	0	515	101	577	163	id0
75aYGKQdQxo/00001419.jpg	0	515	101	577	163	id0
75aYGKQdQxo/00000473.jpg	0	557	101	619	163	id0
75aYGKQdQxo/00000841.jpg	0	461	96	536	171	id0
75aYGKQdQxo/00001158.jpg	0	557	108	619	170	id0
75aYGKQdQxo/00001169.jpg	0	563	108	626	170	id0
75aYGKQdQxo/00000540.jpg	0	550	108	612	170	id0
75aYGKQdQxo/00000050.jpg	0	552	105	627	179	id0
75aYGKQdQxo/00001431.jpg	0	515	108	577	170	id0
75aYGKQdQxo/00000075.jpg	0	552	96	627	171	id0
75aYGKQdQxo/00001230.jpg	0	550	108	612	170	id0
75aYGKQdQxo/00000171.jpg	0	563	108	626	170	id0
75aYGKQdQxo/00001307.jpg	0	543	108	605	170	id0
75aYGKQdQxo/00000865.jpg	0	515	108	577	170	id0
75aYGKQdQxo/00000485.jpg	0	557	108	619	170	id0
75aYGKQdQxo/00000444.jpg	0	563	108	626	170	id0
75aYGKQdQxo/00000892.jpg	0	511	96	585	171	id0
75aYGKQdQxo/00000070.jpg	0	552	96	627	171	id0
75aYGKQdQxo/00001405.jpg	0	511	96	585	171	id0
75aYGKQdQxo/00000121.jpg	0	550	108	612	170	id0
75aYGKQdQxo/00001036.jpg	0	529	101	591	163	id0
75aYGKQdQxo/00000350.jpg	0	563	108	626	170	id0
75aYGKQdQxo/00001013.jpg	0	519	96	594	171	id0
75aYGKQdQxo/00001051.jpg	0	511	96	585	171	id0
75aYGKQdQxo/00000597.jpg	0	552	105	627	179	id0
75aYGKQdQxo/00001177.jpg	0	563	108	626	170	id0
75aYGKQdQxo/00000716.jpg	0	552	105	627	179	id0
75aYGKQdQxo/00000961.jpg	0	519	96	594	171	id0
75aYGKQdQxo/00001104.jpg	0	446	108	508	170	id0
75aYGKQdQxo/00000311.jpg	0	560	105	635	179	id0
75aYGKQdQxo/00000206.jpg	0	563	108	626	170	id0
75aYGKQdQxo/00000538.jpg	0	550	108	612	170	id0
75aYGKQdQxo/00001360.jpg	0	557	108	619	170	id0
75aYGKQdQxo/00000970.jpg	0	527	96	602	171	id0
75aYGKQdQxo/00000219.jpg	0	560	96	635	171	id0
75aYGKQdQxo/00000637.jpg	0	563	101	626	163	id0
75aYGKQdQxo/00001370.jpg	0	557	108	619	170	id0
75aYGKQdQxo/00001155.jpg	0	557	108	619	170	id0
75aYGKQdQxo/00001313.jpg	0	543	115	605	177	id0
75aYGKQdQxo/00001232.jpg	0	550	108	612	170	id0
75aYGKQdQxo/00000161.jpg	0	557	108	619	170	id0
75aYGKQdQxo/00000063.jpg	0	552	96	627	171	id0
75aYGKQdQxo/00000960.jpg	0	519	96	594	171	id0
75aYGKQdQxo/00001213.jpg	0	557	108	619	170	id0
75aYGKQdQxo/00000051.jpg	0	557	108	619	170	id0
75aYGKQdQxo/00000395.jpg	0	563	101	626	163	id0
75aYGKQdQxo/00000059.jpg	0	552	96	627	171	id0
75aYGKQdQxo/00000591.jpg	0	557	108	619	170	id0
75aYGKQdQxo/00000868.jpg	0	522	108	584	170	id0
75aYGKQdQxo/00000690.jpg	0	552	105	627	179	id0
75aYGKQdQxo/00000129.jpg	0	543	108	605	170	id0
75aYGKQdQxo/00000593.jpg	0	557	108	619	170	id0
75aYGKQdQxo/00000468.jpg	0	557	101	619	163	id0
75aYGKQdQxo/00000888.jpg	0	527	96	602	171	id0
75aYGKQdQxo/00000709.jpg	0	552	105	627	179	id0
75aYGKQdQxo/00001282.jpg	0	543	108	605	170	id0
75aYGKQdQxo/00000681.jpg	0	552	105	627	179	id0
75aYGKQdQxo/00000893.jpg	0	515	108	577	170	id0
75aYGKQdQxo/00001029.jpg	0	529	101	591	163	id0
75aYGKQdQxo/00001406.jpg	0	511	96	585	171	id0
75aYGKQdQxo/00001234.jpg	0	550	108	612	170	id0
75aYGKQdQxo/00000286.jpg	0	563	101	626	163	id0
75aYGKQdQxo/00001306.jpg	0	543	108	605	170	id0
75aYGKQdQxo/00000867.jpg	0	511	96	585	171	id0
75aYGKQdQxo/00001040.jpg	0	529	101	591	163	id0
75aYGKQdQxo/00000879.jpg	0	527	105	602	179	id0
75aYGKQdQxo/00001160.jpg	0	557	108	619	170	id0
75aYGKQdQxo/00000520.jpg	0	550	108	612	170	id0
75aYGKQdQxo/00001319.jpg	0	550	108	612	170	id0
75aYGKQdQxo/00001223.jpg	0	550	108	612	170	id0
75aYGKQdQxo/00001429.jpg	0	515	108	577	170	id0
75aYGKQdQxo/00001016.jpg	0	529	101	591	163	id0
75aYGKQdQxo/00000980.jpg	0	519	96	594	171	id0
75aYGKQdQxo/00000061.jpg	0	552	96	627	171	id0
75aYGKQdQxo/00000478.jpg	0	550	108	612	170	id0
75aYGKQdQxo/00000322.jpg	0	570	108	633	170	id0
75aYGKQdQxo/00000653.jpg	0	563	108	626	170	id0
75aYGKQdQxo/00001374.jpg	0	557	108	619	170	id0
75aYGKQdQxo/00000108.jpg	0	557	101	619	163	id0
75aYGKQdQxo/00000391.jpg	0	563	101	626	163	id0
75aYGKQdQxo/00000217.jpg	0	560	96	635	171	id0
75aYGKQdQxo/00001133.jpg	0	527	96	602	171	id0
75aYGKQdQxo/00000695.jpg	0	552	105	627	179	id0
75aYGKQdQxo/00000006.jpg	0	560	96	635	171	id0
75aYGKQdQxo/00000642.jpg	0	563	108	626	170	id0
75aYGKQdQxo/00001147.jpg	0	550	101	612	163	id0
75aYGKQdQxo/00000439.jpg	0	563	101	626	163	id0
75aYGKQdQxo/00000299.jpg	0	563	108	626	170	id0
75aYGKQdQxo/00000603.jpg	0	557	108	619	170	id0
75aYGKQdQxo/00000331.jpg	0	570	108	633	170	id0
75aYGKQdQxo/00000493.jpg	0	557	108	619	170	id0
75aYGKQdQxo/00001025.jpg	0	529	101	591	163	id0
75aYGKQdQxo/00000648.jpg	0	552	105	627	179	id0
75aYGKQdQxo/00000401.jpg	0	563	101	626	163	id0
75aYGKQdQxo/00001010.jpg	0	522	101	584	163	id0
75aYGKQdQxo/00001218.jpg	0	557	108	619	170	id0
75aYGKQdQxo/00000003.jpg	0	560	96	635	171	id0
75aYGKQdQxo/00000017.jpg	0	570	101	633	163	id0
75aYGKQdQxo/00000866.jpg	0	515	108	577	170	id0
75aYGKQdQxo/00001209.jpg	0	552	105	627	179	id0
75aYGKQdQxo/00000124.jpg	0	550	108	612	170	id0
75aYGKQdQxo/00000250.jpg	0	560	105	635	179	id0
75aYGKQdQxo/00000542.jpg	0	550	108	612	170	id0
75aYGKQdQxo/00000594.jpg	0	557	108	619	170	id0
75aYGKQdQxo/00000369.jpg	0	563	101	626	163	id0
75aYGKQdQxo/00001336.jpg	0	557	108	619	170	id0
75aYGKQdQxo/00000441.jpg	0	563	108	626	170	id0
75aYGKQdQxo/00000100.jpg	0	557	108	619	170	id0
75aYGKQdQxo/00000297.jpg	0	563	108	626	170	id0
75aYGKQdQxo/00001118.jpg	0	508	101	570	163	id0
75aYGKQdQxo/00000030.jpg	0	570	101	633	163	id0
75aYGKQdQxo/00001192.jpg	0	563	108	626	170	id0
75aYGKQdQxo/00000251.jpg	0	570	115	633	177	id0
75aYGKQdQxo/00000568.jpg	0	550	108	612	170	id0
75aYGKQdQxo/00001239.jpg	0	550	108	612	170	id0
75aYGKQdQxo/00000079.jpg	0	552	105	627	179	id0
75aYGKQdQxo/00000462.jpg	0	563	101	626	163	id0
75aYGKQdQxo/00000630.jpg	0	563	108	626	170	id0
75aYGKQdQxo/00001295.jpg	0	543	108	605	170	id0
75aYGKQdQxo/00000514.jpg	0	550	108	612	170	id0
75aYGKQdQxo/00000518.jpg	0	550	108	612	170	id0
75aYGKQdQxo/00000948.jpg	0	502	96	577	171	id0
75aYGKQdQxo/00001032.jpg	0	529	101	591	163	id0
75aYGKQdQxo/00000022.jpg	0	570	101	633	163	id0
75aYGKQdQxo/00000495.jpg	0	557	108	619	170	id0
75aYGKQdQxo/00000445.jpg	0	563	108	626	170	id0
75aYGKQdQxo/00001035.jpg	0	529	101	591	163	id0
75aYGKQdQxo/00000162.jpg	0	557	108	619	170	id0
75aYGKQdQxo/00000038.jpg	0	570	108	633	170	id0
75aYGKQdQxo/00000258.jpg	0	570	115	633	177	id0
75aYGKQdQxo/00000528.jpg	0	550	108	612	170	id0
75aYGKQdQxo/00000191.jpg	0	563	108	626	170	id0
75aYGKQdQxo/00001397.jpg	0	527	105	602	179	id0
75aYGKQdQxo/00000456.jpg	0	563	108	626	170	id0
75aYGKQdQxo/00000189.jpg	0	563	108	626	170	id0
75aYGKQdQxo/00000515.jpg	0	544	105	619	179	id0
75aYGKQdQxo/00001044.jpg	0	529	108	591	170	id0
75aYGKQdQxo/00000541.jpg	0	550	108	612	170	id0
75aYGKQdQxo/00000953.jpg	0	511	96	585	171	id0
75aYGKQdQxo/00001367.jpg	0	557	108	619	170	id0
75aYGKQdQxo/00000480.jpg	0	550	108	612	170	id0
75aYGKQdQxo/00000859.jpg	0	501	101	563	163	id0
75aYGKQdQxo/00000301.jpg	0	563	108	626	170	id0
75aYGKQdQxo/00001222.jpg	0	550	108	612	170	id0
75aYGKQdQxo/00000067.jpg	0	552	96	627	171	id0
75aYGKQdQxo/00001191.jpg	0	563	108	626	170	id0
75aYGKQdQxo/00000216.jpg	0	560	96	635	171	id0
75aYGKQdQxo/00001283.jpg	0	543	108	605	170	id0
75aYGKQdQxo/00000870.jpg	0	522	108	584	170	id0
75aYGKQdQxo/00000130.jpg	0	543	108	605	170	id0
75aYGKQdQxo/00000667.jpg	0	563	108	626	170	id0
75aYGKQdQxo/00000215.jpg	0	560	96	635	171	id0
75aYGKQdQxo/00000497.jpg	0	557	108	619	170	id0
75aYGKQdQxo/00000527.jpg	0	550	108	612	170	id0
75aYGKQdQxo/00000414.jpg	0	563	101	626	163	id0
75aYGKQdQxo/00001259.jpg	0	543	108	605	170	id0
75aYGKQdQxo/00001288.jpg	0	543	108	605	170	id0
75aYGKQdQxo/00000718.jpg	0	552	105	627	179	id0
75aYGKQdQxo/00001140.jpg	0	543	101	605	163	id0
75aYGKQdQxo/00000950.jpg	0	515	108	577	170	id0
75aYGKQdQxo/00000989.jpg	0	502	96	577	171	id0
75aYGKQdQxo/00000535.jpg	0	550	108	612	170	id0
75aYGKQdQxo/00000005.jpg	0	560	96	635	171	id0
75aYGKQdQxo/00000453.jpg	0	563	108	626	170	id0
75aYGKQdQxo/00001373.jpg	0	557	108	619	170	id0
75aYGKQdQxo/00000176.jpg	0	563	115	626	177	id0
75aYGKQdQxo/00001261.jpg	0	543	108	605	170	id0
75aYGKQdQxo/00000469.jpg	0	557	101	619	163	id0
75aYGKQdQxo/00000991.jpg	0	502	96	577	171	id0
75aYGKQdQxo/00000688.jpg	0	563	108	626	170	id0
75aYGKQdQxo/00000066.jpg	0	552	96	627	171	id0
75aYGKQdQxo/00000330.jpg	0	570	108	633	170	id0
75aYGKQdQxo/00000259.jpg	0	570	115	633	177	id0
75aYGKQdQxo/00000530.jpg	0	550	108	612	170	id0
75aYGKQdQxo/00001252.jpg	0	543	101	605	163	id0
75aYGKQdQxo/00000021.jpg	0	570	101	633	163	id0
75aYGKQdQxo/00000198.jpg	0	563	108	626	170	id0
75aYGKQdQxo/00000271.jpg	0	570	108	633	170	id0
75aYGKQdQxo/00000366.jpg	0	563	101	626	163	id0
75aYGKQdQxo/00000090.jpg	0	557	108	619	170	id0
75aYGKQdQxo/00000482.jpg	0	557	108	619	170	id0
75aYGKQdQxo/00000175.jpg	0	563	115	626	177	id0
75aYGKQdQxo/00000582.jpg	0	557	108	619	170	id0
75aYGKQdQxo/00000988.jpg	0	502	96	577	171	id0
75aYGKQdQxo/00000887.jpg	0	536	108	598	170	id0
75aYGKQdQxo/00000305.jpg	0	560	105	635	179	id0
75aYGKQdQxo/00001000.jpg	0	508	101	570	163	id0
75aYGKQdQxo/00000857.jpg	0	494	88	569	163	id0
75aYGKQdQxo/00001396.jpg	0	536	108	598	170	id0
75aYGKQdQxo/00000430.jpg	0	563	101	626	163	id0
75aYGKQdQxo/00001309.jpg	0	543	108	605	170	id0
75aYGKQdQxo/00001136.jpg	0	536	101	598	163	id0
75aYGKQdQxo/00000979.jpg	0	519	96	594	171	id0
75aYGKQdQxo/00000187.jpg	0	563	108	626	170	id0
75aYGKQdQxo/00001007.jpg	0	522	101	584	163	id0
75aYGKQdQxo/00000348.jpg	0	563	108	626	170	id0
75aYGKQdQxo/00000936.jpg	0	494	96	569	171	id0
75aYGKQdQxo/00000333.jpg	0	570	108	633	170	id0
75aYGKQdQxo/00000069.jpg	0	552	96	627	171	id0
75aYGKQdQxo/00001163.jpg	0	557	108	619	170	id0
75aYGKQdQxo/00000545.jpg	0	550	108	612	170	id0
75aYGKQdQxo/00000148.jpg	0	550	108	612	170	id0
75aYGKQdQxo/00000264.jpg	0	570	115	633	177	id0
75aYGKQdQxo/00001008.jpg	0	522	101	584	163	id0
75aYGKQdQxo/00000740.jpg	0	552	105	627	179	id0
75aYGKQdQxo/00000585.jpg	0	557	101	619	163	id0
75aYGKQdQxo/00000396.jpg	0	563	101	626	163	id0
75aYGKQdQxo/00000150.jpg	0	550	108	612	170	id0
75aYGKQdQxo/00001331.jpg	0	557	108	619	170	id0
75aYGKQdQxo/00001337.jpg	0	557	108	619	170	id0
75aYGKQdQxo/00000433.jpg	0	563	101	626	163	id0
75aYGKQdQxo/00000668.jpg	0	563	108	626	170	id0
75aYGKQdQxo/00000577.jpg	0	557	108	619	170	id0
75aYGKQdQxo/00000103.jpg	0	557	101	619	163	id0
75aYGKQdQxo/00000167.jpg	0	552	96	627	171	id0
75aYGKQdQxo/00000990.jpg	0	502	96	577	171	id0
75aYGKQdQxo/00001346.jpg	0	557	108	619	170	id0
75aYGKQdQxo/00000360.jpg	0	563	108	626	170	id0
75aYGKQdQxo/00000939.jpg	0	494	96	569	171	id0
75aYGKQdQxo/00000357.jpg	0	563	108	626	170	id0
75aYGKQdQxo/00000474.jpg	0	557	101	619	163	id0
75aYGKQdQxo/00001384.jpg	0	550	108	612	170	id0
75aYGKQdQxo/00000627.jpg	0	563	108	626	170	id0
75aYGKQdQxo/00001031.jpg	0	529	101	591	163	id0
75aYGKQdQxo/00000735.jpg	0	563	108	626	170	id0
75aYGKQdQxo/00000118.jpg	0	550	108	612	170	id0
75aYGKQdQxo/00000673.jpg	0	563	101	626	163	id0
75aYGKQdQxo/00000955.jpg	0	511	96	585	171	id0
75aYGKQdQxo/00000362.jpg	0	563	101	626	163	id0
75aYGKQdQxo/00001381.jpg	0	550	108	612	170	id0
75aYGKQdQxo/00001364.jpg	0	557	108	619	170	id0
75aYGKQdQxo/00000466.jpg	0	557	101	619	163	id0
75aYGKQdQxo/00000938.jpg	0	494	96	569	171	id0
75aYGKQdQxo/00000029.jpg	0	570	101	633	163	id0
75aYGKQdQxo/00000883.jpg	0	536	108	598	170	id0
75aYGKQdQxo/00001264.jpg	0	536	105	610	179	id0
75aYGKQdQxo/00000355.jpg	0	563	108	626	170	id0
75aYGKQdQxo/00001122.jpg	0	515	101	577	163	id0
75aYGKQdQxo/00000861.jpg	0	508	101	570	163	id0
75aYGKQdQxo/00000600.jpg	0	557	108	619	170	id0
75aYGKQdQxo/00000188.jpg	0	563	108	626	170	id0
75aYGKQdQxo/00001292.jpg	0	543	108	605	170	id0
75aYGKQdQxo/00000031.jpg	0	570	101	633	163	id0
75aYGKQdQxo/00001150.jpg	0	550	108	612	170	id0
75aYGKQdQxo/00000596.jpg	0	552	105	627	179	id0
75aYGKQdQxo/00000077.jpg	0	557	108	619	170	id0
75aYGKQdQxo/00001159.jpg	0	557	108	619	170	id0
75aYGKQdQxo/00001203.jpg	0	552	105	627	179	id0
75aYGKQdQxo/00001053.jpg	0	508	108	570	170	id0
75aYGKQdQxo/00001215.jpg	0	557	108	619	170	id0
75aYGKQdQxo/00000606.jpg	0	557	108	619	170	id0
75aYGKQdQxo/00000843.jpg	0	474	101	536	163	id0
75aYGKQdQxo/00000724.jpg	0	552	105	627	179	id0
75aYGKQdQxo/00000587.jpg	0	557	101	619	163	id0
75aYGKQdQxo/00000424.jpg	0	563	101	626	163	id0
75aYGKQdQxo/00000588.jpg	0	557	108	619	170	id0
75aYGKQdQxo/00000876.jpg	0	529	108	591	170	id0
75aYGKQdQxo/00001348.jpg	0	557	101	619	163	id0
75aYGKQdQxo/00000106.jpg	0	557	101	619	163	id0
75aYGKQdQxo/00000312.jpg	0	560	105	635	179	id0
75aYGKQdQxo/00000631.jpg	0	563	108	626	170	id0
75aYGKQdQxo/00000984.jpg	0	511	96	585	171	id0
75aYGKQdQxo/00001002.jpg	0	515	101	577	163	id0
75aYGKQdQxo/00001164.jpg	0	552	105	627	179	id0
75aYGKQdQxo/00000628.jpg	0	563	108	626	170	id0
75aYGKQdQxo/00000379.jpg	0	563	108	626	170	id0
75aYGKQdQxo/00001334.jpg	0	557	108	619	170	id0
75aYGKQdQxo/00000098.jpg	0	557	108	619	170	id0
75aYGKQdQxo/00000559.jpg	0	550	115	612	177	id0
75aYGKQdQxo/00001329.jpg	0	550	108	612	170	id0
75aYGKQdQxo/00000519.jpg	0	550	108	612	170	id0
75aYGKQdQxo/00000309.jpg	0	560	105	635	179	id0
75aYGKQdQxo/00001204.jpg	0	552	105	627	179	id0
75aYGKQdQxo/00001236.jpg	0	550	108	612	170	id0
75aYGKQdQxo/00000534.jpg	0	550	108	612	170	id0
75aYGKQdQxo/00001190.jpg	0	563	108	626	170	id0
75aYGKQdQxo/00000257.jpg	0	570	115	633	177	id0
75aYGKQdQxo/00001019.jpg	0	529	101	591	163	id0
75aYGKQdQxo/00000345.jpg	0	560	105	635	179	id0
75aYGKQdQxo/00000142.jpg	0	543	108	605	170	id0
75aYGKQdQxo/00000442.jpg	0	563	108	626	170	id0
75aYGKQdQxo/00000532.jpg	0	550	108	612	170	id0
75aYGKQdQxo/00000674.jpg	0	563	101	626	163	id0
75aYGKQdQxo/00001379.jpg	0	550	108	612	170	id0
75aYGKQdQxo/00000213.jpg	0	560	96	635	171	id0
75aYGKQdQxo/00000641.jpg	0	563	108	626	170	id0
75aYGKQdQxo/00001146.jpg	0	550	101	612	163	id0
75aYGKQdQxo/00001361.jpg	0	557	108	619	170	id0
75aYGKQdQxo/00000623.jpg	0	552	105	627	179	id0
75aYGKQdQxo/00001403.jpg	0	522	108	584	170	id0
75aYGKQdQxo/00000141.jpg	0	543	108	605	170	id0
75aYGKQdQxo/00001300.jpg	0	543	115	605	177	id0
75aYGKQdQxo/00000561.jpg	0	544	105	619	179	id0
75aYGKQdQxo/00001138.jpg	0	536	96	610	171	id0
75aYGKQdQxo/00000523.jpg	0	550	108	612	170	id0
75aYGKQdQxo/00000969.jpg	0	527	96	602	171	id0
75aYGKQdQxo/00001294.jpg	0	543	108	605	170	id0
75aYGKQdQxo/00001123.jpg	0	515	101	577	163	id0
75aYGKQdQxo/00000723.jpg	0	552	105	627	179	id0
75aYGKQdQxo/00000088.jpg	0	563	108	626	170	id0
75aYGKQdQxo/00000387.jpg	0	563	108	626	170	id0
75aYGKQdQxo/00000032.jpg	0	570	108	633	170	id0
75aYGKQdQxo/00000373.jpg	0	563	108	626	170	id0
75aYGKQdQxo/00000334.jpg	0	560	96	635	171	id0
75aYGKQdQxo/00000994.jpg	0	502	96	577	171	id0
75aYGKQdQxo/00000471.jpg	0	557	101	619	163	id0
75aYGKQdQxo/00000227.jpg	0	560	96	635	171	id0
75aYGKQdQxo/00000316.jpg	0	560	105	635	179	id0
75aYGKQdQxo/00000409.jpg	0	563	101	626	163	id0
75aYGKQdQxo/00001113.jpg	0	494	108	557	170	id0
75aYGKQdQxo/00000212.jpg	0	560	96	635	171	id0
75aYGKQdQxo/00001284.jpg	0	543	108	605	170	id0
75aYGKQdQxo/00000349.jpg	0	563	108	626	170	id0
75aYGKQdQxo/00000014.jpg	0	560	96	635	171	id0
75aYGKQdQxo/00001172.jpg	0	563	108	626	170	id0
75aYGKQdQxo/00000193.jpg	0	563	108	626	170	id0
75aYGKQdQxo/00001279.jpg	0	536	105	610	179	id0
75aYGKQdQxo/00001423.jpg	0	515	101	577	163	id0
75aYGKQdQxo/00001131.jpg	0	529	101	591	163	id0
75aYGKQdQxo/00000651.jpg	0	552	105	627	179	id0
75aYGKQdQxo/00000993.jpg	0	502	96	577	171	id0
75aYGKQdQxo/00000660.jpg	0	563	108	626	170	id0
75aYGKQdQxo/00000978.jpg	0	519	96	594	171	id0
75aYGKQdQxo/00000650.jpg	0	552	105	627	179	id0
75aYGKQdQxo/00000422.jpg	0	563	101	626	163	id0
75aYGKQdQxo/00000510.jpg	0	557	101	619	163	id0
75aYGKQdQxo/00001106.jpg	0	460	108	522	170	id0
75aYGKQdQxo/00000708.jpg	0	552	105	627	179	id0
75aYGKQdQxo/00000945.jpg	0	502	96	577	171	id0
75aYGKQdQxo/00000082.jpg	0	563	108	626	170	id0
75aYGKQdQxo/00000041.jpg	0	560	105	635	179	id0
75aYGKQdQxo/00000697.jpg	0	552	105	627	179	id0
75aYGKQdQxo/00000389.jpg	0	563	101	626	163	id0
75aYGKQdQxo/00000152.jpg	0	550	108	612	170	id0
75aYGKQdQxo/00000481.jpg	0	550	108	612	170	id0
75aYGKQdQxo/00001165.jpg	0	552	105	627	179	id0
75aYGKQdQxo/00000428.jpg	0	563	101	626	163	id0
75aYGKQdQxo/00000415.jpg	0	563	101	626	163	id0
75aYGKQdQxo/00000281.jpg	0	560	105	635	179	id0
75aYGKQdQxo/00001433.jpg	0	515	108	577	170	id0
75aYGKQdQxo/00000488.jpg	0	557	108	619	170	id0
75aYGKQdQxo/00000194.jpg	0	563	108	626	170	id0
75aYGKQdQxo/00000616.jpg	0	557	108	619	170	id0
75aYGKQdQxo/00000230.jpg	0	563	108	626	170	id0
75aYGKQdQxo/00001398.jpg	0	527	105	602	179	id0
75aYGKQdQxo/00000383.jpg	0	563	108	626	170	id0
75aYGKQdQxo/00000181.jpg	0	563	115	626	177	id0
75aYGKQdQxo/00000027.jpg	0	570	101	633	163	id0
75aYGKQdQxo/00001181.jpg	0	563	108	626	170	id0
75aYGKQdQxo/00000200.jpg	0	563	108	626	170	id0
75aYGKQdQxo/00000404.jpg	0	563	101	626	163	id0
75aYGKQdQxo/00000983.jpg	0	511	96	585	171	id0
75aYGKQdQxo/00000742.jpg	0	544	96	619	171	id0
75aYGKQdQxo/00001293.jpg	0	543	108	605	170	id0
75aYGKQdQxo/00000053.jpg	0	557	108	619	170	id0
75aYGKQdQxo/00000571.jpg	0	550	108	612	170	id0
75aYGKQdQxo/00001240.jpg	0	550	108	612	170	id0
75aYGKQdQxo/00000698.jpg	0	552	105	627	179	id0
75aYGKQdQxo/00000951.jpg	0	515	108	577	170	id0
75aYGKQdQxo/00001014.jpg	0	519	96	594	171	id0
75aYGKQdQxo/00001415.jpg	0	515	101	577	163	id0
75aYGKQdQxo/00001372.jpg	0	557	108	619	170	id0
75aYGKQdQxo/00000123.jpg	0	550	108	612	170	id0
75aYGKQdQxo/00001249.jpg	0	550	101	612	163	id0
75aYGKQdQxo/00000949.jpg	0	515	108	577	170	id0
75aYGKQdQxo/00000959.jpg	0	519	96	594	171	id0
75aYGKQdQxo/00000719.jpg	0	552	105	627	179	id0
75aYGKQdQxo/00000399.jpg	0	563	101	626	163	id0
75aYGKQdQxo/00000248.jpg	0	570	108	633	170	id0
75aYGKQdQxo/00000875.jpg	0	529	108	591	170	id0
75aYGKQdQxo/00001248.jpg	0	550	101	612	163	id0
75aYGKQdQxo/00000509.jpg	0	557	101	619	163	id0
75aYGKQdQxo/00000083.jpg	0	563	108	626	170	id0
75aYGKQdQxo/00000503.jpg	0	550	108	612	170	id0
75aYGKQdQxo/00000365.jpg	0	563	101	626	163	id0
75aYGKQdQxo/00000154.jpg	0	550	108	612	170	id0
75aYGKQdQxo/00000526.jpg	0	550	108	612	170	id0
75aYGKQdQxo/00000303.jpg	0	563	108	626	170	id0
75aYGKQdQxo/00000965.jpg	0	529	108	591	170	id0
75aYGKQdQxo/00001022.jpg	0	529	101	591	163	id0
75aYGKQdQxo/00000840.jpg	0	467	101	529	163	id0
75aYGKQdQxo/00000116.jpg	0	550	108	612	170	id0
75aYGKQdQxo/00000707.jpg	0	552	105	627	179	id0
75aYGKQdQxo/00000743.jpg	0	536	96	610	171	id0
75aYGKQdQxo/00000677.jpg	0	563	108	626	170	id0
75aYGKQdQxo/00001238.jpg	0	550	108	612	170	id0
75aYGKQdQxo/00001128.jpg	0	522	101	584	163	id0
75aYGKQdQxo/00000214.jpg	0	560	96	635	171	id0
75aYGKQdQxo/00000555.jpg	0	550	115	612	177	id0
75aYGKQdQxo/00000282.jpg	0	560	96	635	171	id0
75aYGKQdQxo/00000647.jpg	0	552	105	627	179	id0
75aYGKQdQxo/00000744.jpg	0	543	108	605	170	id0
75aYGKQdQxo/00000423.jpg	0	563	101	626	163	id0
75aYGKQdQxo/00000972.jpg	0	527	96	602	171	id0
75aYGKQdQxo/00000679.jpg	0	563	108	626	170	id0
75aYGKQdQxo/00000643.jpg	0	563	108	626	170	id0
75aYGKQdQxo/00000363.jpg	0	563	101	626	163	id0
75aYGKQdQxo/00001178.jpg	0	563	108	626	170	id0
75aYGKQdQxo/00001254.jpg	0	543	108	605	170	id0
75aYGKQdQxo/00001198.jpg	0	563	108	626	170	id0
75aYGKQdQxo/00000249.jpg	0	560	105	635	179	id0
75aYGKQdQxo/00001352.jpg	0	557	108	619	170	id0
75aYGKQdQxo/00000604.jpg	0	557	108	619	170	id0
75aYGKQdQxo/00000432.jpg	0	563	101	626	163	id0
75aYGKQdQxo/00000882.jpg	0	536	108	598	170	id0
75aYGKQdQxo/00000402.jpg	0	563	101	626	163	id0
75aYGKQdQxo/00001424.jpg	0	515	108	577	170	id0
75aYGKQdQxo/00001342.jpg	0	557	108	619	170	id0
75aYGKQdQxo/00000472.jpg	0	557	101	619	163	id0
75aYGKQdQxo/00000318.jpg	0	560	105	635	179	id0
75aYGKQdQxo/00000666.jpg	0	563	108	626	170	id0
75aYGKQdQxo/00000114.jpg	0	557	101	619	163	id0
75aYGKQdQxo/00000037.jpg	0	570	108	633	170	id0
75aYGKQdQxo/00001130.jpg	0	529	101	591	163	id0
75aYGKQdQxo/00001144.jpg	0	543	101	605	163	id0
75aYGKQdQxo/00000581.jpg	0	557	108	619	170	id0
75aYGKQdQxo/00000287.jpg	0	563	108	626	170	id0
75aYGKQdQxo/00001422.jpg	0	515	101	577	163	id0
75aYGKQdQxo/00000307.jpg	0	560	105	635	179	id0
75aYGKQdQxo/00001333.jpg	0	557	108	619	170	id0
75aYGKQdQxo/00000008.jpg	0	560	96	635	171	id0
75aYGKQdQxo/00001358.jpg	0	557	108	619	170	id0
75aYGKQdQxo/00000054.jpg	0	557	108	619	170	id0
75aYGKQdQxo/00000552.jpg	0	544	105	619	179	id0
75aYGKQdQxo/00000283.jpg	0	560	96	635	171	id0
75aYGKQdQxo/00001247.jpg	0	550	101	612	163	id0
75aYGKQdQxo/00001162.jpg	0	557	108	619	170	id0
75aYGKQdQxo/00001410.jpg	0	515	101	577	163	id0
75aYGKQdQxo/00001325.jpg	0	550	108	612	170	id0
75aYGKQdQxo/00000736.jpg	0	563	108	626	170	id0
75aYGKQdQxo/00001302.jpg	0	544	105	619	179	id0
75aYGKQdQxo/00000501.jpg	0	557	108	619	170	id0
75aYGKQdQxo/00000127.jpg	0	543	108	605	170	id0
75aYGKQdQxo/00001378.jpg	0	550	108	612	170	id0
75aYGKQdQxo/00000225.jpg	0	560	96	635	171	id0
75aYGKQdQxo/00001168.jpg	0	563	108	626	170	id0
75aYGKQdQxo/00001141.jpg	0	543	101	605	163	id0
75aYGKQdQxo/00000384.jpg	0	563	108	626	170	id0
75aYGKQdQxo/00001001.jpg	0	508	101	570	163	id0
75aYGKQdQxo/00000364.jpg	0	563	101	626	163	id0
75aYGKQdQxo/00001246.jpg	0	550	101	612	163	id0
75aYGKQdQxo/00000337.jpg	0	560	96	635	171	id0
75aYGKQdQxo/00000371.jpg	0	563	108	626	170	id0
75aYGKQdQxo/00000844.jpg	0	469	96	544	171	id0
75aYGKQdQxo/00001109.jpg	0	481	108	543	170	id0
75aYGKQdQxo/00000539.jpg	0	550	108	612	170	id0
75aYGKQdQxo/00000569.jpg	0	544	105	619	179	id0
75aYGKQdQxo/00000680.jpg	0	552	105	627	179	id0
75aYGKQdQxo/00000849.jpg	0	478	96	552	171	id0
75aYGKQdQxo/00000601.jpg	0	557	108	619	170	id0
75aYGKQdQxo/00000229.jpg	0	560	96	635	171	id0
75aYGKQdQxo/00000203.jpg	0	563	108	626	170	id0
75aYGKQdQxo/00000745.jpg	0	536	108	598	170	id0
75aYGKQdQxo/00000985.jpg	0	511	96	585	171	id0
75aYGKQdQxo/00001385.jpg	0	550	108	612	170	id0
75aYGKQdQxo/00000159.jpg	0	550	108	612	170	id0
75aYGKQdQxo/00000531.jpg	0	550	108	612	170	id0
75aYGKQdQxo/00001357.jpg	0	557	108	619	170	id0
75aYGKQdQxo/00000205.jpg	0	563	108	626	170	id0
75aYGKQdQxo/00001006.jpg	0	515	101	577	163	id0
75aYGKQdQxo/00000658.jpg	0	563	108	626	170	id0
75aYGKQdQxo/00000638.jpg	0	563	101	626	163	id0
75aYGKQdQxo/00000976.jpg	0	529	108	591	170	id0
75aYGKQdQxo/00000166.jpg	0	557	101	619	163	id0
75aYGKQdQxo/00001214.jpg	0	557	108	619	170	id0
75aYGKQdQxo/00001227.jpg	0	550	108	612	170	id0
75aYGKQdQxo/00000173.jpg	0	563	108	626	170	id0
75aYGKQdQxo/00000078.jpg	0	552	105	627	179	id0
75aYGKQdQxo/00000982.jpg	0	511	96	585	171	id0
75aYGKQdQxo/00000329.jpg	0	570	108	633	170	id0
75aYGKQdQxo/00000999.jpg	0	508	101	570	163	id0
75aYGKQdQxo/00000872.jpg	0	519	96	594	171	id0
75aYGKQdQxo/00000717.jpg	0	552	105	627	179	id0
75aYGKQdQxo/00000470.jpg	0	557	101	619	163	id0
75aYGKQdQxo/00000500.jpg	0	557	108	619	170	id0
75aYGKQdQxo/00001119.jpg	0	508	101	570	163	id0
75aYGKQdQxo/00000725.jpg	0	552	105	627	179	id0
75aYGKQdQxo/00000971.jpg	0	527	96	602	171	id0
75aYGKQdQxo/00001435.jpg	0	515	108	577	170	id0
75aYGKQdQxo/00000426.jpg	0	563	101	626	163	id0
75aYGKQdQxo/00000394.jpg	0	563	101	626	163	id0
75aYGKQdQxo/00000618.jpg	0	557	108	619	170	id0
75aYGKQdQxo/00001114.jpg	0	494	108	557	170	id0
75aYGKQdQxo/00001353.jpg	0	557	108	619	170	id0
75aYGKQdQxo/00000852.jpg	0	486	96	560	171	id0
75aYGKQdQxo/00000261.jpg	0	570	115	633	177	id0
75aYGKQdQxo/00000558.jpg	0	550	115	612	177	id0
75aYGKQdQxo/00000390.jpg	0	563	101	626	163	id0
75aYGKQdQxo/00000169.jpg	0	552	105	627	179	id0
75aYGKQdQxo/00000891.jpg	0	522	108	584	170	id0
75aYGKQdQxo/00000996.jpg	0	508	101	570	163	id0
75aYGKQdQxo/00000869.jpg	0	522	108	584	170	id0
75aYGKQdQxo/00001024.jpg	0	529	101	591	163	id0
75aYGKQdQxo/00000712.jpg	0	552	105	627	179	id0
75aYGKQdQxo/00001184.jpg	0	563	108	626	170	id0
75aYGKQdQxo/00001280.jpg	0	543	108	605	170	id0
75aYGKQdQxo/00000314.jpg	0	560	105	635	179	id0
75aYGKQdQxo/00001167.jpg	0	563	108	626	170	id0
75aYGKQdQxo/00000235.jpg	0	560	105	635	179	id0
75aYGKQdQxo/00000107.jpg	0	557	101	619	163	id0
75aYGKQdQxo/00001143.jpg	0	543	101	605	163	id0
75aYGKQdQxo/00000076.jpg	0	552	96	627	171	id0
75aYGKQdQxo/00000058.jpg	0	557	101	619	163	id0
75aYGKQdQxo/00000741.jpg	0	557	108	619	170	id0
75aYGKQdQxo/00000406.jpg	0	563	101	626	163	id0
75aYGKQdQxo/00001231.jpg	0	550	108	612	170	id0
75aYGKQdQxo/00000110.jpg	0	557	101	619	163	id0
75aYGKQdQxo/00000117.jpg	0	550	108	612	170	id0
75aYGKQdQxo/00000274.jpg	0	570	108	633	170	id0
75aYGKQdQxo/00000702.jpg	0	552	105	627	179	id0
75aYGKQdQxo/00001394.jpg	0	536	108	598	170	id0
75aYGKQdQxo/00000655.jpg	0	563	108	626	170	id0
75aYGKQdQxo/00001217.jpg	0	557	108	619	170	id0
75aYGKQdQxo/00001120.jpg	0	508	101	570	163	id0
75aYGKQdQxo/00001265.jpg	0	543	101	605	163	id0
75aYGKQdQxo/00000624.jpg	0	552	105	627	179	id0
75aYGKQdQxo/00001366.jpg	0	557	108	619	170	id0
75aYGKQdQxo/00000739.jpg	0	552	105	627	179	id0
75aYGKQdQxo/00001376.jpg	0	557	108	619	170	id0
75aYGKQdQxo/00000598.jpg	0	557	108	619	170	id0
75aYGKQdQxo/00000547.jpg	0	550	101	612	163	id0
75aYGKQdQxo/00000521.jpg	0	550	108	612	170	id0
75aYGKQdQxo/00000013.jpg	0	560	96	635	171	id0
75aYGKQdQxo/00000557.jpg	0	550	115	612	177	id0
75aYGKQdQxo/00000158.jpg	0	550	108	612	170	id0
75aYGKQdQxo/00001272.jpg	0	543	101	605	163	id0
75aYGKQdQxo/00000734.jpg	0	552	105	627	179	id0
75aYGKQdQxo/00000071.jpg	0	557	101	619	163	id0
75aYGKQdQxo/00000288.jpg	0	563	108	626	170	id0
75aYGKQdQxo/00000332.jpg	0	570	108	633	170	id0
75aYGKQdQxo/00000525.jpg	0	550	108	612	170	id0
75aYGKQdQxo/00000498.jpg	0	557	108	619	170	id0
75aYGKQdQxo/00000935.jpg	0	486	96	560	171	id0
75aYGKQdQxo/00000966.jpg	0	527	96	602	171	id0
75aYGKQdQxo/00000368.jpg	0	563	101	626	163	id0
75aYGKQdQxo/00000101.jpg	0	557	108	619	170	id0
75aYGKQdQxo/00001411.jpg	0	515	101	577	163	id0
75aYGKQdQxo/00000315.jpg	0	560	105	635	179	id0
75aYGKQdQxo/00000380.jpg	0	563	108	626	170	id0
75aYGKQdQxo/00001004.jpg	0	515	101	577	163	id0
75aYGKQdQxo/00001251.jpg	0	550	101	612	163	id0
75aYGKQdQxo/00001180.jpg	0	563	108	626	170	id0
75aYGKQdQxo/00000854.jpg	0	486	96	560	171	id0
75aYGKQdQxo/00001116.jpg	0	501	101	563	163	id0
75aYGKQdQxo/00000686.jpg	0	552	105	627	179	id0
75aYGKQdQxo/00000084.jpg	0	563	108	626	170	id0
75aYGKQdQxo/00000416.jpg	0	563	101	626	163	id0
75aYGKQdQxo/00001380.jpg	0	550	108	612	170	id0
75aYGKQdQxo/00000463.jpg	0	552	96	627	171	id0
75aYGKQdQxo/00000400.jpg	0	563	101	626	163	id0
75aYGKQdQxo/00000327.jpg	0	570	108	633	170	id0
75aYGKQdQxo/00000499.jpg	0	557	108	619	170	id0
75aYGKQdQxo/00001344.jpg	0	557	108	619	170	id0
75aYGKQdQxo/00001363.jpg	0	557	108	619	170	id0
75aYGKQdQxo/00001142.jpg	0	543	101	605	163	id0
75aYGKQdQxo/00000975.jpg	0	529	108	591	170	id0
75aYGKQdQxo/00000028.jpg	0	570	101	633	163	id0
75aYGKQdQxo/00000144.jpg	0	543	108	605	170	id0
75aYGKQdQxo/00000429.jpg	0	552	96	627	171	id0
75aYGKQdQxo/00001368.jpg	0	557	108	619	170	id0
75aYGKQdQxo/00000386.jpg	0	563	108	626	170	id0
75aYGKQdQxo/00000877.jpg	0	529	108	591	170	id0
75aYGKQdQxo/00000220.jpg	0	560	96	635	171	id0
75aYGKQdQxo/00000614.jpg	0	557	108	619	170	id0
75aYGKQdQxo/00000254.jpg	0	570	115	633	177	id0
75aYGKQdQxo/00001301.jpg	0	544	105	619	179	id0
75aYGKQdQxo/00000437.jpg	0	563	101	626	163	id0
75aYGKQdQxo/00001253.jpg	0	543	108	605	170	id0
75aYGKQdQxo/00000436.jpg	0	563	101	626	163	id0
75aYGKQdQxo/00001052.jpg	0	502	96	577	171	id0
75aYGKQdQxo/00000850.jpg	0	487	101	550	163	id0
75aYGKQdQxo/00001210.jpg	0	557	108	619	170	id0
75aYGKQdQxo/00000240.jpg	0	560	96	635	171	id0
75aYGKQdQxo/00001303.jpg	0	544	105	619	179	id0
75aYGKQdQxo/00000125.jpg	0	550	108	612	170	id0
75aYGKQdQxo/00000446.jpg	0	563	108	626	170	id0
75aYGKQdQxo/00000567.jpg	0	550	108	612	170	id0
75aYGKQdQxo/00000149.jpg	0	550	108	612	170	id0
75aYGKQdQxo/00000942.jpg	0	494	96	569	171	id0
75aYGKQdQxo/00001266.jpg	0	543	101	605	163	id0
75aYGKQdQxo/00000255.jpg	0	570	115	633	177	id0
75aYGKQdQxo/00000265.jpg	0	570	108	633	170	id0
75aYGKQdQxo/00000459.jpg	0	563	108	626	170	id0
75aYGKQdQxo/00000092.jpg	0	557	108	619	170	id0
75aYGKQdQxo/00000308.jpg	0	560	105	635	179	id0
75aYGKQdQxo/00000145.jpg	0	543	108	605	170	id0
75aYGKQdQxo/00000403.jpg	0	563	101	626	163	id0
75aYGKQdQxo/00000508.jpg	0	557	101	619	163	id0
75aYGKQdQxo/00000621.jpg	0	552	105	627	179	id0
75aYGKQdQxo/00000300.jpg	0	563	108	626	170	id0
75aYGKQdQxo/00000319.jpg	0	560	105	635	179	id0
75aYGKQdQxo/00000435.jpg	0	563	101	626	163	id0
75aYGKQdQxo/00000073.jpg	0	557	101	619	163	id0
75aYGKQdQxo/00001335.jpg	0	557	108	619	170	id0
75aYGKQdQxo/00000565.jpg	0	550	108	612	170	id0
75aYGKQdQxo/00000218.jpg	0	560	96	635	171	id0
75aYGKQdQxo/00000703.jpg	0	552	105	627	179	id0
75aYGKQdQxo/00000671.jpg	0	563	101	626	163	id0
75aYGKQdQxo/00000846.jpg	0	481	101	543	163	id0
75aYGKQdQxo/00001392.jpg	0	543	108	605	170	id0
75aYGKQdQxo/00001132.jpg	0	529	101	591	163	id0
75aYGKQdQxo/00001318.jpg	0	550	108	612	170	id0
75aYGKQdQxo/00000178.jpg	0	563	115	626	177	id0
75aYGKQdQxo/00000438.jpg	0	563	101	626	163	id0
75aYGKQdQxo/00000094.jpg	0	557	108	619	170	id0
75aYGKQdQxo/00001154.jpg	0	550	108	612	170	id0
75aYGKQdQxo/00001145.jpg	0	550	101	612	163	id0
75aYGKQdQxo/00001315.jpg	0	543	108	605	170	id0
75aYGKQdQxo/00000886.jpg	0	536	108	598	170	id0
75aYGKQdQxo/00001268.jpg	0	543	101	605	163	id0
75aYGKQdQxo/00000278.jpg	0	560	105	635	179	id0
75aYGKQdQxo/00000275.jpg	0	570	108	633	170	id0
75aYGKQdQxo/00000683.jpg	0	552	105	627	179	id0
75aYGKQdQxo/00000236.jpg	0	560	105	635	179	id0
75aYGKQdQxo/00000361.jpg	0	563	101	626	163	id0
75aYGKQdQxo/00000276.jpg	0	570	108	633	170	id0
75aYGKQdQxo/00000277.jpg	0	560	105	635	179	id0
75aYGKQdQxo/00000080.jpg	0	552	105	627	179	id0
75aYGKQdQxo/00000502.jpg	0	550	108	612	170	id0
75aYGKQdQxo/00001173.jpg	0	563	108	626	170	id0
75aYGKQdQxo/00000209.jpg	0	560	96	635	171	id0
75aYGKQdQxo/00001351.jpg	0	557	101	619	163	id0
75aYGKQdQxo/00001171.jpg	0	563	108	626	170	id0
75aYGKQdQxo/00000576.jpg	0	557	108	619	170	id0
75aYGKQdQxo/00000420.jpg	0	563	101	626	163	id0
75aYGKQdQxo/00000967.jpg	0	527	96	602	171	id0
75aYGKQdQxo/00000737.jpg	0	563	108	626	170	id0
75aYGKQdQxo/00000407.jpg	0	563	101	626	163	id0
75aYGKQdQxo/00000047.jpg	0	563	108	626	170	id0
75aYGKQdQxo/00000425.jpg	0	563	101	626	163	id0
75aYGKQdQxo/00001018.jpg	0	529	101	591	163	id0
75aYGKQdQxo/00000247.jpg	0	560	105	635	179	id0
75aYGKQdQxo/00001225.jpg	0	550	108	612	170	id0
75aYGKQdQxo/00000952.jpg	0	511	96	585	171	id0
75aYGKQdQxo/00001250.jpg	0	550	101	612	163	id0
75aYGKQdQxo/00000696.jpg	0	552	105	627	179	id0
75aYGKQdQxo/00000095.jpg	0	557	108	619	170	id0
75aYGKQdQxo/00000279.jpg	0	560	105	635	179	id0
75aYGKQdQxo/00000091.jpg	0	557	108	619	170	id0
75aYGKQdQxo/00000592.jpg	0	557	108	619	170	id0
75aYGKQdQxo/00000563.jpg	0	544	105	619	179	id0
75aYGKQdQxo/00000704.jpg	0	552	105	627	179	id0
75aYGKQdQxo/00000245.jpg	0	560	96	635	171	id0
75aYGKQdQxo/00000370.jpg	0	563	108	626	170	id0
75aYGKQdQxo/00000657.jpg	0	563	108	626	170	id0
75aYGKQdQxo/00000405.jpg	0	563	101	626	163	id0
75aYGKQdQxo/00000639.jpg	0	563	108	626	170	id0
75aYGKQdQxo/00001276.jpg	0	543	108	605	170	id0
75aYGKQdQxo/00001298.jpg	0	543	115	605	177	id0
75aYGKQdQxo/00001127.jpg	0	522	101	584	163	id0
75aYGKQdQxo/00000847.jpg	0	481	101	543	163	id0
75aYGKQdQxo/00000874.jpg	0	529	108	591	170	id0
75aYGKQdQxo/00001314.jpg	0	543	115	605	177	id0
75aYGKQdQxo/00000578.jpg	0	557	108	619	170	id0
75aYGKQdQxo/00001427.jpg	0	515	108	577	170	id0
75aYGKQdQxo/00000608.jpg	0	557	115	619	177	id0
75aYGKQdQxo/00001308.jpg	0	543	108	605	170	id0
75aYGKQdQxo/00000947.jpg	0	502	96	577	171	id0
75aYGKQdQxo/00000168.jpg	0	552	96	627	171	id0
75aYGKQdQxo/00000233.jpg	0	560	105	635	179	id0
75aYGKQdQxo/00000280.jpg	0	560	105	635	179	id0
75aYGKQdQxo/00001286.jpg	0	543	108	605	170	id0
75aYGKQdQxo/00000607.jpg	0	557	115	619	177	id0
