7c-LYBUqyHE/00000825.jpg	0	400	95	452	147	id0
7c-LYBUqyHE/00000284.jpg	0	398	94	460	156	id0
7c-LYBUqyHE/00000613.jpg	0	417	95	469	147	id0
7c-LYBUqyHE/00000516.jpg	0	440	101	492	153	id0
7c-LYBUqyHE/00000808.jpg	0	406	101	458	153	id0
7c-LYBUqyHE/00000776.jpg	0	425	94	487	156	id0
7c-LYBUqyHE/00000957.jpg	0	418	94	481	156	id0
7c-LYBUqyHE/00000143.jpg	0	435	95	487	147	id0
7c-LYBUqyHE/00000575.jpg	0	432	101	494	163	id0
7c-LYBUqyHE/00000699.jpg	0	429	90	481	141	id0
7c-LYBUqyHE/00000590.jpg	0	435	101	487	153	id0
7c-LYBUqyHE/00000197.jpg	0	331	101	383	153	id0
7c-LYBUqyHE/00000851.jpg	0	394	95	446	147	id0
7c-LYBUqyHE/00000826.jpg	0	400	95	452	147	id0
7c-LYBUqyHE/00000544.jpg	0	432	101	494	163	id0
7c-LYBUqyHE/00000662.jpg	0	440	95	492	147	id0
7c-LYBUqyHE/00000204.jpg	0	328	94	391	156	id0
7c-LYBUqyHE/00000506.jpg	0	432	101	494	163	id0
7c-LYBUqyHE/00000195.jpg	0	331	101	383	153	id0
7c-LYBUqyHE/00000862.jpg	0	377	94	439	156	id0
7c-LYBUqyHE/00000342.jpg	0	418	94	481	156	id0
7c-LYBUqyHE/00000904.jpg	0	370	94	432	156	id0
7c-LYBUqyHE/00000097.jpg	0	432	101	494	163	id0
7c-LYBUqyHE/00000987.jpg	0	432	101	494	163	id0
7c-LYBUqyHE/00000336.jpg	0	418	101	481	163	id0
7c-LYBUqyHE/00000490.jpg	0	432	101	494	163	id0
7c-LYBUqyHE/00000492.jpg	0	432	101	494	163	id0
7c-LYBUqyHE/00000035.jpg	0	425	94	487	156	id0
7c-LYBUqyHE/00000612.jpg	0	417	95	469	147	id0
7c-LYBUqyHE/00001021.jpg	0	446	101	498	153	id0
7c-LYBUqyHE/00000122.jpg	0	425	101	487	163	id0
7c-LYBUqyHE/00000617.jpg	0	417	95	469	147	id0
7c-LYBUqyHE/00000120.jpg	0	425	101	487	163	id0
7c-LYBUqyHE/00000933.jpg	0	406	95	458	147	id0
7c-LYBUqyHE/00000020.jpg	0	425	94	487	156	id0
7c-LYBUqyHE/00000270.jpg	0	384	94	446	156	id0
7c-LYBUqyHE/00000074.jpg	0	425	101	487	163	id0
7c-LYBUqyHE/00000317.jpg	0	417	101	469	153	id0
7c-LYBUqyHE/00001037.jpg	0	446	101	498	153	id0
7c-LYBUqyHE/00000298.jpg	0	411	101	474	163	id0
7c-LYBUqyHE/00000392.jpg	0	425	101	487	163	id0
7c-LYBUqyHE/00000701.jpg	0	429	90	481	141	id0
7c-LYBUqyHE/00000242.jpg	0	363	101	425	163	id0
7c-LYBUqyHE/00000010.jpg	0	435	101	487	153	id0
7c-LYBUqyHE/00000652.jpg	0	440	95	492	147	id0
7c-LYBUqyHE/00000085.jpg	0	432	94	494	156	id0
7c-LYBUqyHE/00000241.jpg	0	363	101	425	163	id0
7c-LYBUqyHE/00000692.jpg	0	423	95	475	147	id0
7c-LYBUqyHE/00000372.jpg	0	435	101	487	153	id0
7c-LYBUqyHE/00000273.jpg	0	394	95	446	147	id0
7c-LYBUqyHE/00000111.jpg	0	425	101	487	163	id0
7c-LYBUqyHE/00000457.jpg	0	429	101	481	153	id0
7c-LYBUqyHE/00000610.jpg	0	417	95	469	147	id0
7c-LYBUqyHE/00000602.jpg	0	417	90	469	141	id0
7c-LYBUqyHE/00000589.jpg	0	435	101	487	153	id0
7c-LYBUqyHE/00000810.jpg	0	406	101	458	153	id0
7c-LYBUqyHE/00000099.jpg	0	432	101	494	163	id0
7c-LYBUqyHE/00000830.jpg	0	391	94	453	156	id0
7c-LYBUqyHE/00000566.jpg	0	440	101	492	153	id0
7c-LYBUqyHE/00000609.jpg	0	417	95	469	147	id0
7c-LYBUqyHE/00000351.jpg	0	425	94	487	156	id0
7c-LYBUqyHE/00000119.jpg	0	425	101	487	163	id0
7c-LYBUqyHE/00000291.jpg	0	405	101	467	163	id0
7c-LYBUqyHE/00000034.jpg	0	425	94	487	156	id0
7c-LYBUqyHE/00000295.jpg	0	411	101	474	163	id0
7c-LYBUqyHE/00000431.jpg	0	432	101	494	163	id0
7c-LYBUqyHE/00001047.jpg	0	425	94	487	156	id0
7c-LYBUqyHE/00000221.jpg	0	354	101	406	153	id0
7c-LYBUqyHE/00000081.jpg	0	432	94	494	156	id0
7c-LYBUqyHE/00000356.jpg	0	425	101	487	163	id0
7c-LYBUqyHE/00000834.jpg	0	400	95	452	147	id0
7c-LYBUqyHE/00000622.jpg	0	423	95	475	147	id0
7c-LYBUqyHE/00001043.jpg	0	432	101	494	163	id0
7c-LYBUqyHE/00000995.jpg	0	435	101	487	153	id0
7c-LYBUqyHE/00000711.jpg	0	425	87	487	149	id0
7c-LYBUqyHE/00000880.jpg	0	363	94	425	156	id0
7c-LYBUqyHE/00000467.jpg	0	429	107	481	159	id0
7c-LYBUqyHE/00000529.jpg	0	432	101	494	163	id0
7c-LYBUqyHE/00000946.jpg	0	411	94	474	156	id0
7c-LYBUqyHE/00000689.jpg	0	423	95	475	147	id0
7c-LYBUqyHE/00000728.jpg	0	439	87	501	149	id0
7c-LYBUqyHE/00000715.jpg	0	435	90	487	141	id0
7c-LYBUqyHE/00000378.jpg	0	435	101	487	153	id0
7c-LYBUqyHE/00000998.jpg	0	419	88	494	163	id0
7c-LYBUqyHE/00000102.jpg	0	432	101	494	163	id0
7c-LYBUqyHE/00000199.jpg	0	331	101	383	153	id0
7c-LYBUqyHE/00000136.jpg	0	432	94	494	156	id0
7c-LYBUqyHE/00000208.jpg	0	337	101	389	153	id0
7c-LYBUqyHE/00000026.jpg	0	425	94	487	156	id0
7c-LYBUqyHE/00000019.jpg	0	425	94	487	156	id0
7c-LYBUqyHE/00000722.jpg	0	440	95	492	147	id0
7c-LYBUqyHE/00000803.jpg	0	412	101	463	153	id0
7c-LYBUqyHE/00000224.jpg	0	354	101	406	153	id0
7c-LYBUqyHE/00000052.jpg	0	435	95	487	147	id0
7c-LYBUqyHE/00000619.jpg	0	423	95	475	147	id0
7c-LYBUqyHE/00000507.jpg	0	432	101	494	163	id0
7c-LYBUqyHE/00000393.jpg	0	425	101	487	163	id0
7c-LYBUqyHE/00000049.jpg	0	435	95	487	147	id0
7c-LYBUqyHE/00001015.jpg	0	439	101	501	163	id0
7c-LYBUqyHE/00000007.jpg	0	435	101	487	153	id0
7c-LYBUqyHE/00000676.jpg	0	435	95	487	147	id0
7c-LYBUqyHE/00000385.jpg	0	435	107	487	159	id0
7c-LYBUqyHE/00000134.jpg	0	435	95	487	147	id0
7c-LYBUqyHE/00000684.jpg	0	429	95	481	147	id0
7c-LYBUqyHE/00000837.jpg	0	400	95	452	147	id0
7c-LYBUqyHE/00000093.jpg	0	432	94	494	156	id0
7c-LYBUqyHE/00000452.jpg	0	429	107	481	159	id0
7c-LYBUqyHE/00000775.jpg	0	432	87	494	149	id0
7c-LYBUqyHE/00000914.jpg	0	383	95	435	147	id0
7c-LYBUqyHE/00000427.jpg	0	432	101	494	163	id0
7c-LYBUqyHE/00000659.jpg	0	440	95	492	147	id0
7c-LYBUqyHE/00000573.jpg	0	432	101	494	163	id0
7c-LYBUqyHE/00000907.jpg	0	377	95	429	147	id0
7c-LYBUqyHE/00000496.jpg	0	432	101	494	163	id0
7c-LYBUqyHE/00000934.jpg	0	406	95	458	147	id0
7c-LYBUqyHE/00000954.jpg	0	418	94	481	156	id0
7c-LYBUqyHE/00000778.jpg	0	425	87	487	149	id0
7c-LYBUqyHE/00000687.jpg	0	423	95	475	147	id0
7c-LYBUqyHE/00000560.jpg	0	432	101	494	163	id0
7c-LYBUqyHE/00000706.jpg	0	429	95	481	147	id0
7c-LYBUqyHE/00000824.jpg	0	400	95	452	147	id0
7c-LYBUqyHE/00000486.jpg	0	432	101	494	163	id0
7c-LYBUqyHE/00000974.jpg	0	425	94	487	156	id0
7c-LYBUqyHE/00000192.jpg	0	315	101	377	163	id0
7c-LYBUqyHE/00000376.jpg	0	425	101	487	163	id0
7c-LYBUqyHE/00000367.jpg	0	435	101	487	153	id0
7c-LYBUqyHE/00000001.jpg	0	432	94	494	156	id0
7c-LYBUqyHE/00000328.jpg	0	423	101	475	153	id0
7c-LYBUqyHE/00000465.jpg	0	429	107	481	159	id0
7c-LYBUqyHE/00000479.jpg	0	425	101	487	163	id0
7c-LYBUqyHE/00000377.jpg	0	435	101	487	153	id0
7c-LYBUqyHE/00000109.jpg	0	435	101	487	153	id0
7c-LYBUqyHE/00000131.jpg	0	435	95	487	147	id0
7c-LYBUqyHE/00000455.jpg	0	418	101	481	163	id0
7c-LYBUqyHE/00000231.jpg	0	360	101	412	153	id0
7c-LYBUqyHE/00000881.jpg	0	363	94	425	156	id0
7c-LYBUqyHE/00000065.jpg	0	429	101	481	153	id0
7c-LYBUqyHE/00000483.jpg	0	435	101	487	153	id0
7c-LYBUqyHE/00000548.jpg	0	432	101	494	163	id0
7c-LYBUqyHE/00000556.jpg	0	432	101	494	163	id0
7c-LYBUqyHE/00000016.jpg	0	435	101	487	153	id0
7c-LYBUqyHE/00000781.jpg	0	429	95	481	147	id0
7c-LYBUqyHE/00000375.jpg	0	425	101	487	163	id0
7c-LYBUqyHE/00001011.jpg	0	440	101	492	153	id0
7c-LYBUqyHE/00000112.jpg	0	425	101	487	163	id0
7c-LYBUqyHE/00000685.jpg	0	429	95	481	147	id0
7c-LYBUqyHE/00000113.jpg	0	425	101	487	163	id0
7c-LYBUqyHE/00000580.jpg	0	432	101	494	163	id0
7c-LYBUqyHE/00000693.jpg	0	423	95	475	147	id0
7c-LYBUqyHE/00000238.jpg	0	366	101	417	153	id0
7c-LYBUqyHE/00000056.jpg	0	425	94	487	156	id0
7c-LYBUqyHE/00000855.jpg	0	389	95	440	147	id0
7c-LYBUqyHE/00000710.jpg	0	425	87	487	149	id0
7c-LYBUqyHE/00000819.jpg	0	398	94	460	156	id0
7c-LYBUqyHE/00000460.jpg	0	429	101	481	153	id0
7c-LYBUqyHE/00000853.jpg	0	384	94	446	156	id0
7c-LYBUqyHE/00000293.jpg	0	405	101	467	163	id0
7c-LYBUqyHE/00000323.jpg	0	417	107	469	159	id0
7c-LYBUqyHE/00000997.jpg	0	419	88	494	163	id0
7c-LYBUqyHE/00001050.jpg	0	423	95	475	147	id0
7c-LYBUqyHE/00000664.jpg	0	440	95	492	147	id0
7c-LYBUqyHE/00000973.jpg	0	425	94	487	156	id0
7c-LYBUqyHE/00000451.jpg	0	425	101	487	163	id0
7c-LYBUqyHE/00000454.jpg	0	429	107	481	159	id0
7c-LYBUqyHE/00000900.jpg	0	371	95	423	147	id0
7c-LYBUqyHE/00000570.jpg	0	432	101	494	163	id0
7c-LYBUqyHE/00000814.jpg	0	406	101	458	153	id0
7c-LYBUqyHE/00000340.jpg	0	423	101	475	153	id0
7c-LYBUqyHE/00000048.jpg	0	435	95	487	147	id0
7c-LYBUqyHE/00000458.jpg	0	429	101	481	153	id0
7c-LYBUqyHE/00000962.jpg	0	418	94	481	156	id0
7c-LYBUqyHE/00001066.jpg	0	360	101	412	153	id0
7c-LYBUqyHE/00000137.jpg	0	432	94	494	156	id0
7c-LYBUqyHE/00001005.jpg	0	432	94	494	156	id0
7c-LYBUqyHE/00001057.jpg	0	391	94	453	156	id0
7c-LYBUqyHE/00000418.jpg	0	432	101	494	163	id0
7c-LYBUqyHE/00000104.jpg	0	432	101	494	163	id0
7c-LYBUqyHE/00000015.jpg	0	435	101	487	153	id0
7c-LYBUqyHE/00000237.jpg	0	356	101	418	163	id0
7c-LYBUqyHE/00000012.jpg	0	435	101	487	153	id0
7c-LYBUqyHE/00000089.jpg	0	432	94	494	156	id0
7c-LYBUqyHE/00000044.jpg	0	425	87	487	149	id0
7c-LYBUqyHE/00000579.jpg	0	432	101	494	163	id0
7c-LYBUqyHE/00000564.jpg	0	440	101	492	153	id0
7c-LYBUqyHE/00000133.jpg	0	435	95	487	147	id0
7c-LYBUqyHE/00000489.jpg	0	432	101	494	163	id0
7c-LYBUqyHE/00000663.jpg	0	440	95	492	147	id0
7c-LYBUqyHE/00000897.jpg	0	363	87	425	149	id0
7c-LYBUqyHE/00000087.jpg	0	432	94	494	156	id0
7c-LYBUqyHE/00000793.jpg	0	411	94	474	156	id0
7c-LYBUqyHE/00000449.jpg	0	425	101	487	163	id0
7c-LYBUqyHE/00000226.jpg	0	354	101	406	153	id0
7c-LYBUqyHE/00000461.jpg	0	429	101	481	153	id0
7c-LYBUqyHE/00000464.jpg	0	429	107	481	159	id0
7c-LYBUqyHE/00000549.jpg	0	432	101	494	163	id0
7c-LYBUqyHE/00000661.jpg	0	440	95	492	147	id0
7c-LYBUqyHE/00000335.jpg	0	418	101	481	163	id0
7c-LYBUqyHE/00000964.jpg	0	418	94	481	156	id0
7c-LYBUqyHE/00000306.jpg	0	423	101	475	153	id0
7c-LYBUqyHE/00000583.jpg	0	432	101	494	163	id0
7c-LYBUqyHE/00000574.jpg	0	432	101	494	163	id0
7c-LYBUqyHE/00001054.jpg	0	405	94	467	156	id0
7c-LYBUqyHE/00000885.jpg	0	363	101	425	163	id0
7c-LYBUqyHE/00000239.jpg	0	366	101	417	153	id0
7c-LYBUqyHE/00000476.jpg	0	429	107	481	159	id0
7c-LYBUqyHE/00000011.jpg	0	435	101	487	153	id0
7c-LYBUqyHE/00000777.jpg	0	425	87	487	149	id0
7c-LYBUqyHE/00000359.jpg	0	435	101	487	153	id0
7c-LYBUqyHE/00000787.jpg	0	423	95	475	147	id0
7c-LYBUqyHE/00000505.jpg	0	432	101	494	163	id0
7c-LYBUqyHE/00000678.jpg	0	425	94	487	156	id0
7c-LYBUqyHE/00000352.jpg	0	425	94	487	156	id0
7c-LYBUqyHE/00000860.jpg	0	383	95	435	147	id0
7c-LYBUqyHE/00000665.jpg	0	440	95	492	147	id0
7c-LYBUqyHE/00000864.jpg	0	377	94	439	156	id0
7c-LYBUqyHE/00000344.jpg	0	418	94	481	156	id0
7c-LYBUqyHE/00000956.jpg	0	418	94	481	156	id0
7c-LYBUqyHE/00000343.jpg	0	418	94	481	156	id0
7c-LYBUqyHE/00000064.jpg	0	429	101	481	153	id0
7c-LYBUqyHE/00000072.jpg	0	425	101	487	163	id0
7c-LYBUqyHE/00000232.jpg	0	360	101	412	153	id0
7c-LYBUqyHE/00000729.jpg	0	440	95	492	147	id0
7c-LYBUqyHE/00000347.jpg	0	429	101	481	153	id0
7c-LYBUqyHE/00000815.jpg	0	398	94	460	156	id0
7c-LYBUqyHE/00000931.jpg	0	406	95	458	147	id0
7c-LYBUqyHE/00000669.jpg	0	432	94	494	156	id0
7c-LYBUqyHE/00000675.jpg	0	435	95	487	147	id0
7c-LYBUqyHE/00000858.jpg	0	383	95	435	147	id0
7c-LYBUqyHE/00000062.jpg	0	429	101	481	153	id0
7c-LYBUqyHE/00000045.jpg	0	425	87	487	149	id0
7c-LYBUqyHE/00000296.jpg	0	411	101	474	163	id0
7c-LYBUqyHE/00000269.jpg	0	389	101	440	153	id0
7c-LYBUqyHE/00000419.jpg	0	432	101	494	163	id0
7c-LYBUqyHE/00000196.jpg	0	331	101	383	153	id0
7c-LYBUqyHE/00000546.jpg	0	432	101	494	163	id0
7c-LYBUqyHE/00000304.jpg	0	411	101	474	163	id0
7c-LYBUqyHE/00001048.jpg	0	429	95	481	147	id0
7c-LYBUqyHE/00000599.jpg	0	423	90	475	141	id0
7c-LYBUqyHE/00000845.jpg	0	391	94	453	156	id0
7c-LYBUqyHE/00000289.jpg	0	405	101	467	163	id0
7c-LYBUqyHE/00000353.jpg	0	425	94	487	156	id0
7c-LYBUqyHE/00000694.jpg	0	423	95	475	147	id0
7c-LYBUqyHE/00000543.jpg	0	432	101	494	163	id0
7c-LYBUqyHE/00000039.jpg	0	429	90	481	141	id0
7c-LYBUqyHE/00001039.jpg	0	439	101	501	163	id0
7c-LYBUqyHE/00000779.jpg	0	425	87	487	149	id0
7c-LYBUqyHE/00000448.jpg	0	425	101	487	163	id0
7c-LYBUqyHE/00000126.jpg	0	435	101	487	153	id0
7c-LYBUqyHE/00000820.jpg	0	398	94	460	156	id0
7c-LYBUqyHE/00000584.jpg	0	432	101	494	163	id0
7c-LYBUqyHE/00001033.jpg	0	446	101	508	163	id0
7c-LYBUqyHE/00000477.jpg	0	425	101	487	163	id0
7c-LYBUqyHE/00001046.jpg	0	425	94	487	156	id0
7c-LYBUqyHE/00000937.jpg	0	405	94	467	156	id0
7c-LYBUqyHE/00000615.jpg	0	417	95	469	147	id0
7c-LYBUqyHE/00000234.jpg	0	360	101	412	153	id0
7c-LYBUqyHE/00000324.jpg	0	417	101	469	153	id0
7c-LYBUqyHE/00000086.jpg	0	432	94	494	156	id0
7c-LYBUqyHE/00000302.jpg	0	411	101	474	163	id0
7c-LYBUqyHE/00000002.jpg	0	432	94	494	156	id0
7c-LYBUqyHE/00000135.jpg	0	435	95	487	147	id0
7c-LYBUqyHE/00000491.jpg	0	432	101	494	163	id0
7c-LYBUqyHE/00000611.jpg	0	417	95	469	147	id0
7c-LYBUqyHE/00000243.jpg	0	366	101	417	153	id0
7c-LYBUqyHE/00001003.jpg	0	432	94	494	156	id0
7c-LYBUqyHE/00000670.jpg	0	435	95	487	147	id0
7c-LYBUqyHE/00000421.jpg	0	432	101	494	163	id0
7c-LYBUqyHE/00000720.jpg	0	440	95	492	147	id0
7c-LYBUqyHE/00001049.jpg	0	418	94	481	156	id0
7c-LYBUqyHE/00000522.jpg	0	432	101	494	163	id0
7c-LYBUqyHE/00000046.jpg	0	425	87	487	149	id0
7c-LYBUqyHE/00000595.jpg	0	418	87	481	149	id0
7c-LYBUqyHE/00001059.jpg	0	384	94	446	156	id0
7c-LYBUqyHE/00000848.jpg	0	391	94	453	156	id0
7c-LYBUqyHE/00000487.jpg	0	432	101	494	163	id0
7c-LYBUqyHE/00000023.jpg	0	425	94	487	156	id0
7c-LYBUqyHE/00001056.jpg	0	398	94	460	156	id0
7c-LYBUqyHE/00000878.jpg	0	363	94	425	156	id0
7c-LYBUqyHE/00000450.jpg	0	425	101	487	163	id0
7c-LYBUqyHE/00000625.jpg	0	424	103	467	146	id0
7c-LYBUqyHE/00000413.jpg	0	432	108	494	170	id0
7c-LYBUqyHE/00000823.jpg	0	398	94	460	156	id0
7c-LYBUqyHE/00000222.jpg	0	354	101	406	153	id0
7c-LYBUqyHE/00000326.jpg	0	417	101	469	153	id0
7c-LYBUqyHE/00000842.jpg	0	391	94	453	156	id0
7c-LYBUqyHE/00000873.jpg	0	363	94	425	156	id0
7c-LYBUqyHE/00000981.jpg	0	432	101	494	163	id0
7c-LYBUqyHE/00000408.jpg	0	432	108	494	170	id0
7c-LYBUqyHE/00000043.jpg	0	429	95	481	147	id0
7c-LYBUqyHE/00001060.jpg	0	384	94	446	156	id0
7c-LYBUqyHE/00000139.jpg	0	432	94	494	156	id0
7c-LYBUqyHE/00000060.jpg	0	425	94	487	156	id0
7c-LYBUqyHE/00000025.jpg	0	425	94	487	156	id0
7c-LYBUqyHE/00001038.jpg	0	439	101	501	163	id0
7c-LYBUqyHE/00000018.jpg	0	435	101	487	153	id0
7c-LYBUqyHE/00000411.jpg	0	440	107	492	159	id0
7c-LYBUqyHE/00000055.jpg	0	425	94	487	156	id0
7c-LYBUqyHE/00000977.jpg	0	435	101	487	153	id0
7c-LYBUqyHE/00000004.jpg	0	432	94	494	156	id0
7c-LYBUqyHE/00000294.jpg	0	412	101	463	153	id0
7c-LYBUqyHE/00000835.jpg	0	400	95	452	147	id0
7c-LYBUqyHE/00000553.jpg	0	432	101	494	163	id0
7c-LYBUqyHE/00000790.jpg	0	411	94	474	156	id0
7c-LYBUqyHE/00000513.jpg	0	432	101	494	163	id0
7c-LYBUqyHE/00000795.jpg	0	411	94	474	156	id0
7c-LYBUqyHE/00000884.jpg	0	363	101	425	163	id0
7c-LYBUqyHE/00001026.jpg	0	446	101	508	163	id0
7c-LYBUqyHE/00000223.jpg	0	354	101	406	153	id0
7c-LYBUqyHE/00000115.jpg	0	425	101	487	163	id0
7c-LYBUqyHE/00000381.jpg	0	435	107	487	159	id0
7c-LYBUqyHE/00000207.jpg	0	337	101	389	153	id0
7c-LYBUqyHE/00001020.jpg	0	446	101	498	153	id0
7c-LYBUqyHE/00000656.jpg	0	440	95	492	147	id0
7c-LYBUqyHE/00000410.jpg	0	440	107	492	159	id0
7c-LYBUqyHE/00000986.jpg	0	432	101	494	163	id0
7c-LYBUqyHE/00000654.jpg	0	440	95	492	147	id0
7c-LYBUqyHE/00000285.jpg	0	398	94	460	156	id0
7c-LYBUqyHE/00000682.jpg	0	429	95	481	147	id0
7c-LYBUqyHE/00000889.jpg	0	363	94	425	156	id0
7c-LYBUqyHE/00000550.jpg	0	432	101	494	163	id0
7c-LYBUqyHE/00000572.jpg	0	432	101	494	163	id0
7c-LYBUqyHE/00000146.jpg	0	418	94	481	156	id0
7c-LYBUqyHE/00000928.jpg	0	398	94	460	156	id0
7c-LYBUqyHE/00000517.jpg	0	440	107	492	159	id0
7c-LYBUqyHE/00000905.jpg	0	370	94	432	156	id0
7c-LYBUqyHE/00000358.jpg	0	425	101	487	163	id0
7c-LYBUqyHE/00000691.jpg	0	423	95	475	147	id0
7c-LYBUqyHE/00000932.jpg	0	406	95	458	147	id0
7c-LYBUqyHE/00000382.jpg	0	435	107	487	159	id0
7c-LYBUqyHE/00000562.jpg	0	432	101	494	163	id0
7c-LYBUqyHE/00001009.jpg	0	432	94	494	156	id0
7c-LYBUqyHE/00000138.jpg	0	432	94	494	156	id0
7c-LYBUqyHE/00000417.jpg	0	432	101	494	163	id0
7c-LYBUqyHE/00000132.jpg	0	435	95	487	147	id0
7c-LYBUqyHE/00000434.jpg	0	432	101	494	163	id0
7c-LYBUqyHE/00000554.jpg	0	432	101	494	163	id0
7c-LYBUqyHE/00000863.jpg	0	383	95	435	147	id0
7c-LYBUqyHE/00000929.jpg	0	406	95	458	147	id0
7c-LYBUqyHE/00000533.jpg	0	432	101	494	163	id0
7c-LYBUqyHE/00000341.jpg	0	423	101	475	153	id0
7c-LYBUqyHE/00000536.jpg	0	432	101	494	163	id0
7c-LYBUqyHE/00000943.jpg	0	417	101	469	153	id0
7c-LYBUqyHE/00001017.jpg	0	439	101	501	163	id0
7c-LYBUqyHE/00000325.jpg	0	417	101	469	153	id0
7c-LYBUqyHE/00000374.jpg	0	425	101	487	163	id0
7c-LYBUqyHE/00000346.jpg	0	429	101	481	153	id0
7c-LYBUqyHE/00000443.jpg	0	429	101	481	153	id0
7c-LYBUqyHE/00000310.jpg	0	417	101	469	153	id0
7c-LYBUqyHE/00000140.jpg	0	432	94	494	156	id0
7c-LYBUqyHE/00001012.jpg	0	428	88	502	163	id0
7c-LYBUqyHE/00000992.jpg	0	435	101	487	153	id0
7c-LYBUqyHE/00000338.jpg	0	418	101	481	163	id0
7c-LYBUqyHE/00000484.jpg	0	432	101	494	163	id0
7c-LYBUqyHE/00000714.jpg	0	435	90	487	141	id0
7c-LYBUqyHE/00000320.jpg	0	417	101	469	153	id0
7c-LYBUqyHE/00000726.jpg	0	439	87	501	149	id0
7c-LYBUqyHE/00000128.jpg	0	435	101	487	153	id0
7c-LYBUqyHE/00001028.jpg	0	446	101	508	163	id0
7c-LYBUqyHE/00000944.jpg	0	417	101	469	153	id0
7c-LYBUqyHE/00000201.jpg	0	328	101	391	163	id0
7c-LYBUqyHE/00000672.jpg	0	435	95	487	147	id0
7c-LYBUqyHE/00000398.jpg	0	432	101	494	163	id0
7c-LYBUqyHE/00000290.jpg	0	405	101	467	163	id0
7c-LYBUqyHE/00000036.jpg	0	429	95	481	147	id0
7c-LYBUqyHE/00000313.jpg	0	417	101	469	153	id0
7c-LYBUqyHE/00000791.jpg	0	411	94	474	156	id0
7c-LYBUqyHE/00000838.jpg	0	400	95	452	147	id0
7c-LYBUqyHE/00000551.jpg	0	432	101	494	163	id0
7c-LYBUqyHE/00000272.jpg	0	394	95	446	147	id0
7c-LYBUqyHE/00001042.jpg	0	440	101	492	153	id0
7c-LYBUqyHE/00000244.jpg	0	366	107	417	159	id0
7c-LYBUqyHE/00000800.jpg	0	412	101	463	153	id0
7c-LYBUqyHE/00000958.jpg	0	418	94	481	156	id0
7c-LYBUqyHE/00000700.jpg	0	429	90	481	141	id0
7c-LYBUqyHE/00000504.jpg	0	432	101	494	163	id0
7c-LYBUqyHE/00000388.jpg	0	425	101	487	163	id0
7c-LYBUqyHE/00000721.jpg	0	440	90	492	141	id0
7c-LYBUqyHE/00000040.jpg	0	425	94	487	156	id0
7c-LYBUqyHE/00001034.jpg	0	446	101	508	163	id0
7c-LYBUqyHE/00000105.jpg	0	432	101	494	163	id0
7c-LYBUqyHE/00000915.jpg	0	383	95	435	147	id0
7c-LYBUqyHE/00000292.jpg	0	405	101	467	163	id0
7c-LYBUqyHE/00000511.jpg	0	432	101	494	163	id0
7c-LYBUqyHE/00000713.jpg	0	435	90	487	141	id0
7c-LYBUqyHE/00000512.jpg	0	432	101	494	163	id0
7c-LYBUqyHE/00000228.jpg	0	354	101	406	153	id0
7c-LYBUqyHE/00000856.jpg	0	384	94	446	156	id0
7c-LYBUqyHE/00000796.jpg	0	417	101	469	153	id0
7c-LYBUqyHE/00000968.jpg	0	425	94	487	156	id0
7c-LYBUqyHE/00000057.jpg	0	425	94	487	156	id0
7c-LYBUqyHE/00000727.jpg	0	439	87	501	149	id0
7c-LYBUqyHE/00000871.jpg	0	363	94	425	156	id0
7c-LYBUqyHE/00000524.jpg	0	432	101	494	163	id0
7c-LYBUqyHE/00000730.jpg	0	440	95	492	147	id0
7c-LYBUqyHE/00000620.jpg	0	423	95	475	147	id0
7c-LYBUqyHE/00000940.jpg	0	412	101	463	153	id0
7c-LYBUqyHE/00000537.jpg	0	432	101	494	163	id0
7c-LYBUqyHE/00000901.jpg	0	371	95	423	147	id0
7c-LYBUqyHE/00000042.jpg	0	429	95	481	147	id0
7c-LYBUqyHE/00000447.jpg	0	425	101	487	163	id0
7c-LYBUqyHE/00000605.jpg	0	417	95	469	147	id0
7c-LYBUqyHE/00000586.jpg	0	432	101	494	163	id0
7c-LYBUqyHE/00000033.jpg	0	425	94	487	156	id0
7c-LYBUqyHE/00000705.jpg	0	429	95	481	147	id0
7c-LYBUqyHE/00000440.jpg	0	425	101	487	163	id0
7c-LYBUqyHE/00000210.jpg	0	335	94	398	156	id0
7c-LYBUqyHE/00000397.jpg	0	432	101	494	163	id0
7c-LYBUqyHE/00000890.jpg	0	363	94	425	156	id0
7c-LYBUqyHE/00000321.jpg	0	417	101	469	153	id0
7c-LYBUqyHE/00000354.jpg	0	425	94	487	156	id0
7c-LYBUqyHE/00000475.jpg	0	429	107	481	159	id0
7c-LYBUqyHE/00001041.jpg	0	440	101	492	153	id0
7c-LYBUqyHE/00000211.jpg	0	335	94	398	156	id0
7c-LYBUqyHE/00000009.jpg	0	435	101	487	153	id0
7c-LYBUqyHE/00001030.jpg	0	446	101	508	163	id0
7c-LYBUqyHE/00000930.jpg	0	406	95	458	147	id0
7c-LYBUqyHE/00000797.jpg	0	417	101	469	153	id0
7c-LYBUqyHE/00000339.jpg	0	423	101	475	153	id0
7c-LYBUqyHE/00000963.jpg	0	418	94	481	156	id0
7c-LYBUqyHE/00000096.jpg	0	432	101	494	163	id0
7c-LYBUqyHE/00000941.jpg	0	412	101	463	153	id0
7c-LYBUqyHE/00001068.jpg	0	354	101	406	153	id0
7c-LYBUqyHE/00000068.jpg	0	429	101	481	153	id0
7c-LYBUqyHE/00000494.jpg	0	432	101	494	163	id0
7c-LYBUqyHE/00000788.jpg	0	423	95	475	147	id0
7c-LYBUqyHE/00001027.jpg	0	446	101	508	163	id0
7c-LYBUqyHE/00000910.jpg	0	377	95	429	147	id0
7c-LYBUqyHE/00000024.jpg	0	425	94	487	156	id0
7c-LYBUqyHE/00000412.jpg	0	432	108	494	170	id0
7c-LYBUqyHE/00001023.jpg	0	446	101	508	163	id0
7c-LYBUqyHE/00001045.jpg	0	425	94	487	156	id0
7c-LYBUqyHE/00000202.jpg	0	328	94	391	156	id0
7c-LYBUqyHE/00000917.jpg	0	389	95	440	147	id0
7c-LYBUqyHE/00000473.jpg	0	429	107	481	159	id0
7c-LYBUqyHE/00000841.jpg	0	400	95	452	147	id0
7c-LYBUqyHE/00000540.jpg	0	432	101	494	163	id0
7c-LYBUqyHE/00000050.jpg	0	435	95	487	147	id0
7c-LYBUqyHE/00000075.jpg	0	425	101	487	163	id0
7c-LYBUqyHE/00001061.jpg	0	377	94	439	156	id0
7c-LYBUqyHE/00000865.jpg	0	377	94	439	156	id0
7c-LYBUqyHE/00000485.jpg	0	432	101	494	163	id0
7c-LYBUqyHE/00000444.jpg	0	429	101	481	153	id0
7c-LYBUqyHE/00000892.jpg	0	363	94	425	156	id0
7c-LYBUqyHE/00000070.jpg	0	425	101	487	163	id0
7c-LYBUqyHE/00000121.jpg	0	425	101	487	163	id0
7c-LYBUqyHE/00001036.jpg	0	446	101	498	153	id0
7c-LYBUqyHE/00000350.jpg	0	429	101	481	153	id0
7c-LYBUqyHE/00001013.jpg	0	440	101	492	153	id0
7c-LYBUqyHE/00001051.jpg	0	417	95	469	147	id0
7c-LYBUqyHE/00000597.jpg	0	418	87	481	149	id0
7c-LYBUqyHE/00000716.jpg	0	435	90	487	141	id0
7c-LYBUqyHE/00000961.jpg	0	418	94	481	156	id0
7c-LYBUqyHE/00000311.jpg	0	417	101	469	153	id0
7c-LYBUqyHE/00000794.jpg	0	411	94	474	156	id0
7c-LYBUqyHE/00000206.jpg	0	337	101	389	153	id0
7c-LYBUqyHE/00000538.jpg	0	432	101	494	163	id0
7c-LYBUqyHE/00000970.jpg	0	425	87	487	149	id0
7c-LYBUqyHE/00000219.jpg	0	348	101	400	153	id0
7c-LYBUqyHE/00000063.jpg	0	429	101	481	153	id0
7c-LYBUqyHE/00000960.jpg	0	418	94	481	156	id0
7c-LYBUqyHE/00000926.jpg	0	400	95	452	147	id0
7c-LYBUqyHE/00000051.jpg	0	435	95	487	147	id0
7c-LYBUqyHE/00000395.jpg	0	435	101	487	153	id0
7c-LYBUqyHE/00000059.jpg	0	425	94	487	156	id0
7c-LYBUqyHE/00000591.jpg	0	425	94	487	156	id0
7c-LYBUqyHE/00000822.jpg	0	398	94	460	156	id0
7c-LYBUqyHE/00000868.jpg	0	370	94	432	156	id0
7c-LYBUqyHE/00000690.jpg	0	423	95	475	147	id0
7c-LYBUqyHE/00000129.jpg	0	435	101	487	153	id0
7c-LYBUqyHE/00000593.jpg	0	425	94	487	156	id0
7c-LYBUqyHE/00000468.jpg	0	418	101	481	163	id0
7c-LYBUqyHE/00000919.jpg	0	389	95	440	147	id0
7c-LYBUqyHE/00000888.jpg	0	363	94	425	156	id0
7c-LYBUqyHE/00001065.jpg	0	366	101	417	153	id0
7c-LYBUqyHE/00000709.jpg	0	429	95	481	147	id0
7c-LYBUqyHE/00000681.jpg	0	429	95	481	147	id0
7c-LYBUqyHE/00000893.jpg	0	363	94	425	156	id0
7c-LYBUqyHE/00001029.jpg	0	446	101	508	163	id0
7c-LYBUqyHE/00000286.jpg	0	406	101	458	153	id0
7c-LYBUqyHE/00000867.jpg	0	377	95	429	147	id0
7c-LYBUqyHE/00001040.jpg	0	439	101	501	163	id0
7c-LYBUqyHE/00000879.jpg	0	363	94	425	156	id0
7c-LYBUqyHE/00000520.jpg	0	440	107	492	159	id0
7c-LYBUqyHE/00001016.jpg	0	439	101	501	163	id0
7c-LYBUqyHE/00000980.jpg	0	432	101	494	163	id0
7c-LYBUqyHE/00000061.jpg	0	429	101	481	153	id0
7c-LYBUqyHE/00000478.jpg	0	425	101	487	163	id0
7c-LYBUqyHE/00000322.jpg	0	417	107	469	159	id0
7c-LYBUqyHE/00000653.jpg	0	440	95	492	147	id0
7c-LYBUqyHE/00000108.jpg	0	432	101	494	163	id0
7c-LYBUqyHE/00000391.jpg	0	425	101	487	163	id0
7c-LYBUqyHE/00000217.jpg	0	348	101	400	153	id0
7c-LYBUqyHE/00000695.jpg	0	418	87	481	149	id0
7c-LYBUqyHE/00000006.jpg	0	432	94	494	156	id0
7c-LYBUqyHE/00000439.jpg	0	425	101	487	163	id0
7c-LYBUqyHE/00000299.jpg	0	411	101	474	163	id0
7c-LYBUqyHE/00000603.jpg	0	417	90	469	141	id0
7c-LYBUqyHE/00000801.jpg	0	412	101	463	153	id0
7c-LYBUqyHE/00000331.jpg	0	423	101	475	153	id0
7c-LYBUqyHE/00000493.jpg	0	432	101	494	163	id0
7c-LYBUqyHE/00001025.jpg	0	446	101	508	163	id0
7c-LYBUqyHE/00000401.jpg	0	432	101	494	163	id0
7c-LYBUqyHE/00001010.jpg	0	432	94	494	156	id0
7c-LYBUqyHE/00000895.jpg	0	363	94	425	156	id0
7c-LYBUqyHE/00000003.jpg	0	432	94	494	156	id0
7c-LYBUqyHE/00000017.jpg	0	435	101	487	153	id0
7c-LYBUqyHE/00000866.jpg	0	377	95	429	147	id0
7c-LYBUqyHE/00000783.jpg	0	418	87	481	149	id0
7c-LYBUqyHE/00000124.jpg	0	425	101	487	163	id0
7c-LYBUqyHE/00000542.jpg	0	432	101	494	163	id0
7c-LYBUqyHE/00000925.jpg	0	400	95	452	147	id0
7c-LYBUqyHE/00000594.jpg	0	429	95	481	147	id0
7c-LYBUqyHE/00000369.jpg	0	435	101	487	153	id0
7c-LYBUqyHE/00000441.jpg	0	425	101	487	163	id0
7c-LYBUqyHE/00000100.jpg	0	432	101	494	163	id0
7c-LYBUqyHE/00000809.jpg	0	406	101	458	153	id0
7c-LYBUqyHE/00000297.jpg	0	411	101	474	163	id0
7c-LYBUqyHE/00000030.jpg	0	425	94	487	156	id0
7c-LYBUqyHE/00000568.jpg	0	440	101	492	153	id0
7c-LYBUqyHE/00000079.jpg	0	432	94	494	156	id0
7c-LYBUqyHE/00000462.jpg	0	429	113	481	164	id0
7c-LYBUqyHE/00000894.jpg	0	363	94	425	156	id0
7c-LYBUqyHE/00000514.jpg	0	440	101	492	153	id0
7c-LYBUqyHE/00000518.jpg	0	440	107	492	159	id0
7c-LYBUqyHE/00000948.jpg	0	423	101	475	153	id0
7c-LYBUqyHE/00001032.jpg	0	446	101	508	163	id0
7c-LYBUqyHE/00000022.jpg	0	425	94	487	156	id0
7c-LYBUqyHE/00000495.jpg	0	432	101	494	163	id0
7c-LYBUqyHE/00000445.jpg	0	425	101	487	163	id0
7c-LYBUqyHE/00001035.jpg	0	436	96	511	171	id0
7c-LYBUqyHE/00000038.jpg	0	429	90	481	141	id0
7c-LYBUqyHE/00000528.jpg	0	432	101	494	163	id0
7c-LYBUqyHE/00000191.jpg	0	319	107	371	159	id0
7c-LYBUqyHE/00000456.jpg	0	429	107	481	159	id0
7c-LYBUqyHE/00000515.jpg	0	440	101	492	153	id0
7c-LYBUqyHE/00001044.jpg	0	435	101	487	153	id0
7c-LYBUqyHE/00000911.jpg	0	377	95	429	147	id0
7c-LYBUqyHE/00000541.jpg	0	432	101	494	163	id0
7c-LYBUqyHE/00000953.jpg	0	418	94	481	156	id0
7c-LYBUqyHE/00000480.jpg	0	435	101	487	153	id0
7c-LYBUqyHE/00000859.jpg	0	383	95	435	147	id0
7c-LYBUqyHE/00000301.jpg	0	411	101	474	163	id0
7c-LYBUqyHE/00000067.jpg	0	429	101	481	153	id0
7c-LYBUqyHE/00000216.jpg	0	348	101	400	153	id0
7c-LYBUqyHE/00000870.jpg	0	371	95	423	147	id0
7c-LYBUqyHE/00000130.jpg	0	425	94	487	156	id0
7c-LYBUqyHE/00000667.jpg	0	432	94	494	156	id0
7c-LYBUqyHE/00000215.jpg	0	342	94	405	156	id0
7c-LYBUqyHE/00000497.jpg	0	432	101	494	163	id0
7c-LYBUqyHE/00000527.jpg	0	432	101	494	163	id0
7c-LYBUqyHE/00000414.jpg	0	432	108	494	170	id0
7c-LYBUqyHE/00000718.jpg	0	432	87	494	149	id0
7c-LYBUqyHE/00000950.jpg	0	423	101	475	153	id0
7c-LYBUqyHE/00000989.jpg	0	432	101	494	163	id0
7c-LYBUqyHE/00000535.jpg	0	432	101	494	163	id0
7c-LYBUqyHE/00000005.jpg	0	432	94	494	156	id0
7c-LYBUqyHE/00000453.jpg	0	429	107	481	159	id0
7c-LYBUqyHE/00000906.jpg	0	370	94	432	156	id0
7c-LYBUqyHE/00000469.jpg	0	429	113	481	164	id0
7c-LYBUqyHE/00000991.jpg	0	432	101	494	163	id0
7c-LYBUqyHE/00000688.jpg	0	423	95	475	147	id0
7c-LYBUqyHE/00000066.jpg	0	429	101	481	153	id0
7c-LYBUqyHE/00000330.jpg	0	423	101	475	153	id0
7c-LYBUqyHE/00000530.jpg	0	432	101	494	163	id0
7c-LYBUqyHE/00000021.jpg	0	425	94	487	156	id0
7c-LYBUqyHE/00000198.jpg	0	331	101	383	153	id0
7c-LYBUqyHE/00000271.jpg	0	384	94	446	156	id0
7c-LYBUqyHE/00000366.jpg	0	425	101	487	163	id0
7c-LYBUqyHE/00000090.jpg	0	432	94	494	156	id0
7c-LYBUqyHE/00000482.jpg	0	435	101	487	153	id0
7c-LYBUqyHE/00000582.jpg	0	432	101	494	163	id0
7c-LYBUqyHE/00000988.jpg	0	432	101	494	163	id0
7c-LYBUqyHE/00000818.jpg	0	398	94	460	156	id0
7c-LYBUqyHE/00000887.jpg	0	363	101	425	163	id0
7c-LYBUqyHE/00000772.jpg	0	435	95	487	147	id0
7c-LYBUqyHE/00000305.jpg	0	423	101	475	153	id0
7c-LYBUqyHE/00001000.jpg	0	432	94	494	156	id0
7c-LYBUqyHE/00000857.jpg	0	384	94	446	156	id0
7c-LYBUqyHE/00000430.jpg	0	432	101	494	163	id0
7c-LYBUqyHE/00000979.jpg	0	435	101	487	153	id0
7c-LYBUqyHE/00001007.jpg	0	432	94	494	156	id0
7c-LYBUqyHE/00000348.jpg	0	429	101	481	153	id0
7c-LYBUqyHE/00000936.jpg	0	405	94	467	156	id0
7c-LYBUqyHE/00000333.jpg	0	423	101	475	153	id0
7c-LYBUqyHE/00000069.jpg	0	425	101	487	163	id0
7c-LYBUqyHE/00000916.jpg	0	383	95	435	147	id0
7c-LYBUqyHE/00000545.jpg	0	432	101	494	163	id0
7c-LYBUqyHE/00001008.jpg	0	432	94	494	156	id0
7c-LYBUqyHE/00000585.jpg	0	432	101	494	163	id0
7c-LYBUqyHE/00000396.jpg	0	435	107	487	159	id0
7c-LYBUqyHE/00000433.jpg	0	432	101	494	163	id0
7c-LYBUqyHE/00000668.jpg	0	432	94	494	156	id0
7c-LYBUqyHE/00000577.jpg	0	432	101	494	163	id0
7c-LYBUqyHE/00000103.jpg	0	432	101	494	163	id0
7c-LYBUqyHE/00000990.jpg	0	432	101	494	163	id0
7c-LYBUqyHE/00000360.jpg	0	435	101	487	153	id0
7c-LYBUqyHE/00000939.jpg	0	412	101	463	153	id0
7c-LYBUqyHE/00000802.jpg	0	412	101	463	153	id0
7c-LYBUqyHE/00000357.jpg	0	425	101	487	163	id0
7c-LYBUqyHE/00000474.jpg	0	429	107	481	159	id0
7c-LYBUqyHE/00000923.jpg	0	391	94	453	156	id0
7c-LYBUqyHE/00001031.jpg	0	446	101	508	163	id0
7c-LYBUqyHE/00000118.jpg	0	425	101	487	163	id0
7c-LYBUqyHE/00000673.jpg	0	435	95	487	147	id0
7c-LYBUqyHE/00000955.jpg	0	418	94	481	156	id0
7c-LYBUqyHE/00000362.jpg	0	435	101	487	153	id0
7c-LYBUqyHE/00000466.jpg	0	429	107	481	159	id0
7c-LYBUqyHE/00000938.jpg	0	412	101	463	153	id0
7c-LYBUqyHE/00000029.jpg	0	425	94	487	156	id0
7c-LYBUqyHE/00000883.jpg	0	363	94	425	156	id0
7c-LYBUqyHE/00000355.jpg	0	425	94	487	156	id0
7c-LYBUqyHE/00000861.jpg	0	383	95	435	147	id0
7c-LYBUqyHE/00000600.jpg	0	423	95	475	147	id0
7c-LYBUqyHE/00000031.jpg	0	425	94	487	156	id0
7c-LYBUqyHE/00000813.jpg	0	406	101	458	153	id0
7c-LYBUqyHE/00000596.jpg	0	418	87	481	149	id0
7c-LYBUqyHE/00000077.jpg	0	425	94	487	156	id0
7c-LYBUqyHE/00001058.jpg	0	391	94	453	156	id0
7c-LYBUqyHE/00001053.jpg	0	412	95	463	147	id0
7c-LYBUqyHE/00000606.jpg	0	417	95	469	147	id0
7c-LYBUqyHE/00000843.jpg	0	391	94	453	156	id0
7c-LYBUqyHE/00000724.jpg	0	440	95	492	147	id0
7c-LYBUqyHE/00000587.jpg	0	435	101	487	153	id0
7c-LYBUqyHE/00000424.jpg	0	432	101	494	163	id0
7c-LYBUqyHE/00000588.jpg	0	435	101	487	153	id0
7c-LYBUqyHE/00000786.jpg	0	418	94	481	156	id0
7c-LYBUqyHE/00000898.jpg	0	371	95	423	147	id0
7c-LYBUqyHE/00000876.jpg	0	363	94	425	156	id0
7c-LYBUqyHE/00000106.jpg	0	432	101	494	163	id0
7c-LYBUqyHE/00000312.jpg	0	417	101	469	153	id0
7c-LYBUqyHE/00000827.jpg	0	391	94	453	156	id0
7c-LYBUqyHE/00000984.jpg	0	432	101	494	163	id0
7c-LYBUqyHE/00001002.jpg	0	432	94	494	156	id0
7c-LYBUqyHE/00000792.jpg	0	411	94	474	156	id0
7c-LYBUqyHE/00000379.jpg	0	435	107	487	159	id0
7c-LYBUqyHE/00000098.jpg	0	432	101	494	163	id0
7c-LYBUqyHE/00000559.jpg	0	432	101	494	163	id0
7c-LYBUqyHE/00000519.jpg	0	440	107	492	159	id0
7c-LYBUqyHE/00000309.jpg	0	417	101	469	153	id0
7c-LYBUqyHE/00001063.jpg	0	370	94	432	156	id0
7c-LYBUqyHE/00000534.jpg	0	432	101	494	163	id0
7c-LYBUqyHE/00001019.jpg	0	446	101	498	153	id0
7c-LYBUqyHE/00000345.jpg	0	418	94	481	156	id0
7c-LYBUqyHE/00000142.jpg	0	432	94	494	156	id0
7c-LYBUqyHE/00000442.jpg	0	429	101	481	153	id0
7c-LYBUqyHE/00000532.jpg	0	432	101	494	163	id0
7c-LYBUqyHE/00000674.jpg	0	435	95	487	147	id0
7c-LYBUqyHE/00000213.jpg	0	343	101	394	153	id0
7c-LYBUqyHE/00001067.jpg	0	349	101	411	163	id0
7c-LYBUqyHE/00000623.jpg	0	423	95	475	147	id0
7c-LYBUqyHE/00000896.jpg	0	363	94	425	156	id0
7c-LYBUqyHE/00000799.jpg	0	412	101	463	153	id0
7c-LYBUqyHE/00000913.jpg	0	377	94	439	156	id0
7c-LYBUqyHE/00000141.jpg	0	432	94	494	156	id0
7c-LYBUqyHE/00000561.jpg	0	432	101	494	163	id0
7c-LYBUqyHE/00000523.jpg	0	432	101	494	163	id0
7c-LYBUqyHE/00000969.jpg	0	425	87	487	149	id0
7c-LYBUqyHE/00000723.jpg	0	440	90	492	141	id0
7c-LYBUqyHE/00000088.jpg	0	432	94	494	156	id0
7c-LYBUqyHE/00000387.jpg	0	425	101	487	163	id0
7c-LYBUqyHE/00000032.jpg	0	425	94	487	156	id0
7c-LYBUqyHE/00000373.jpg	0	425	101	487	163	id0
7c-LYBUqyHE/00000334.jpg	0	418	101	481	163	id0
7c-LYBUqyHE/00000994.jpg	0	435	101	487	153	id0
7c-LYBUqyHE/00000902.jpg	0	371	95	423	147	id0
7c-LYBUqyHE/00000471.jpg	0	429	107	481	159	id0
7c-LYBUqyHE/00000807.jpg	0	406	101	458	153	id0
7c-LYBUqyHE/00000784.jpg	0	418	94	481	156	id0
7c-LYBUqyHE/00000227.jpg	0	354	101	406	153	id0
7c-LYBUqyHE/00000316.jpg	0	417	101	469	153	id0
7c-LYBUqyHE/00000409.jpg	0	432	108	494	170	id0
7c-LYBUqyHE/00000212.jpg	0	335	94	398	156	id0
7c-LYBUqyHE/00000349.jpg	0	429	101	481	153	id0
7c-LYBUqyHE/00000014.jpg	0	435	101	487	153	id0
7c-LYBUqyHE/00000193.jpg	0	325	101	377	153	id0
7c-LYBUqyHE/00000993.jpg	0	435	101	487	153	id0
7c-LYBUqyHE/00000660.jpg	0	440	95	492	147	id0
7c-LYBUqyHE/00000978.jpg	0	435	101	487	153	id0
7c-LYBUqyHE/00000422.jpg	0	432	101	494	163	id0
7c-LYBUqyHE/00000510.jpg	0	432	101	494	163	id0
7c-LYBUqyHE/00000922.jpg	0	394	95	446	147	id0
7c-LYBUqyHE/00000708.jpg	0	429	95	481	147	id0
7c-LYBUqyHE/00000945.jpg	0	417	101	469	153	id0
7c-LYBUqyHE/00000082.jpg	0	432	94	494	156	id0
7c-LYBUqyHE/00000041.jpg	0	425	94	487	156	id0
7c-LYBUqyHE/00000697.jpg	0	429	90	481	141	id0
7c-LYBUqyHE/00000389.jpg	0	425	101	487	163	id0
7c-LYBUqyHE/00000481.jpg	0	435	101	487	153	id0
7c-LYBUqyHE/00000836.jpg	0	400	95	452	147	id0
7c-LYBUqyHE/00000428.jpg	0	432	101	494	163	id0
7c-LYBUqyHE/00000415.jpg	0	432	108	494	170	id0
7c-LYBUqyHE/00000921.jpg	0	394	95	446	147	id0
7c-LYBUqyHE/00000281.jpg	0	398	94	460	156	id0
7c-LYBUqyHE/00000488.jpg	0	432	101	494	163	id0
7c-LYBUqyHE/00000194.jpg	0	322	101	384	163	id0
7c-LYBUqyHE/00000616.jpg	0	417	95	469	147	id0
7c-LYBUqyHE/00000230.jpg	0	349	101	411	163	id0
7c-LYBUqyHE/00000383.jpg	0	435	107	487	159	id0
7c-LYBUqyHE/00000027.jpg	0	425	94	487	156	id0
7c-LYBUqyHE/00000200.jpg	0	331	101	383	153	id0
7c-LYBUqyHE/00000404.jpg	0	432	101	494	163	id0
7c-LYBUqyHE/00000983.jpg	0	432	101	494	163	id0
7c-LYBUqyHE/00000053.jpg	0	425	94	487	156	id0
7c-LYBUqyHE/00000571.jpg	0	432	101	494	163	id0
7c-LYBUqyHE/00000698.jpg	0	429	90	481	141	id0
7c-LYBUqyHE/00000951.jpg	0	423	101	475	153	id0
7c-LYBUqyHE/00000816.jpg	0	398	94	460	156	id0
7c-LYBUqyHE/00001014.jpg	0	439	101	501	163	id0
7c-LYBUqyHE/00000832.jpg	0	391	87	453	149	id0
7c-LYBUqyHE/00000123.jpg	0	425	101	487	163	id0
7c-LYBUqyHE/00000949.jpg	0	423	101	475	153	id0
7c-LYBUqyHE/00000959.jpg	0	418	94	481	156	id0
7c-LYBUqyHE/00000719.jpg	0	440	90	492	141	id0
7c-LYBUqyHE/00000399.jpg	0	432	101	494	163	id0
7c-LYBUqyHE/00000875.jpg	0	363	94	425	156	id0
7c-LYBUqyHE/00000509.jpg	0	432	101	494	163	id0
7c-LYBUqyHE/00000083.jpg	0	432	94	494	156	id0
7c-LYBUqyHE/00000503.jpg	0	432	101	494	163	id0
7c-LYBUqyHE/00000365.jpg	0	425	101	487	163	id0
7c-LYBUqyHE/00000839.jpg	0	400	95	452	147	id0
7c-LYBUqyHE/00000526.jpg	0	432	101	494	163	id0
7c-LYBUqyHE/00000303.jpg	0	411	101	474	163	id0
7c-LYBUqyHE/00000965.jpg	0	429	95	481	147	id0
7c-LYBUqyHE/00001022.jpg	0	446	101	498	153	id0
7c-LYBUqyHE/00000840.jpg	0	400	95	452	147	id0
7c-LYBUqyHE/00001055.jpg	0	406	95	458	147	id0
7c-LYBUqyHE/00001062.jpg	0	377	101	429	153	id0
7c-LYBUqyHE/00000116.jpg	0	425	101	487	163	id0
7c-LYBUqyHE/00000707.jpg	0	429	95	481	147	id0
7c-LYBUqyHE/00000805.jpg	0	412	101	463	153	id0
7c-LYBUqyHE/00000677.jpg	0	425	94	487	156	id0
7c-LYBUqyHE/00000817.jpg	0	398	94	460	156	id0
7c-LYBUqyHE/00000214.jpg	0	343	101	394	153	id0
7c-LYBUqyHE/00000555.jpg	0	432	101	494	163	id0
7c-LYBUqyHE/00000282.jpg	0	398	94	460	156	id0
7c-LYBUqyHE/00000423.jpg	0	432	101	494	163	id0
7c-LYBUqyHE/00001064.jpg	0	363	94	425	156	id0
7c-LYBUqyHE/00000972.jpg	0	425	87	487	149	id0
7c-LYBUqyHE/00000920.jpg	0	384	94	446	156	id0
7c-LYBUqyHE/00000679.jpg	0	425	94	487	156	id0
7c-LYBUqyHE/00000363.jpg	0	425	101	487	163	id0
7c-LYBUqyHE/00000604.jpg	0	417	90	469	141	id0
7c-LYBUqyHE/00000432.jpg	0	432	101	494	163	id0
7c-LYBUqyHE/00000882.jpg	0	363	94	425	156	id0
7c-LYBUqyHE/00000402.jpg	0	432	101	494	163	id0
7c-LYBUqyHE/00000903.jpg	0	371	95	423	147	id0
7c-LYBUqyHE/00000472.jpg	0	429	107	481	159	id0
7c-LYBUqyHE/00000318.jpg	0	417	101	469	153	id0
7c-LYBUqyHE/00000821.jpg	0	398	94	460	156	id0
7c-LYBUqyHE/00000666.jpg	0	440	95	492	147	id0
7c-LYBUqyHE/00000114.jpg	0	425	101	487	163	id0
7c-LYBUqyHE/00000037.jpg	0	429	90	481	141	id0
7c-LYBUqyHE/00000774.jpg	0	432	94	494	156	id0
7c-LYBUqyHE/00000581.jpg	0	432	101	494	163	id0
7c-LYBUqyHE/00000287.jpg	0	406	101	458	153	id0
7c-LYBUqyHE/00000912.jpg	0	377	94	439	156	id0
7c-LYBUqyHE/00000307.jpg	0	423	101	475	153	id0
7c-LYBUqyHE/00000008.jpg	0	435	101	487	153	id0
7c-LYBUqyHE/00000798.jpg	0	412	101	463	153	id0
7c-LYBUqyHE/00000054.jpg	0	425	94	487	156	id0
7c-LYBUqyHE/00000552.jpg	0	432	101	494	163	id0
7c-LYBUqyHE/00000283.jpg	0	398	94	460	156	id0
7c-LYBUqyHE/00000833.jpg	0	391	87	453	149	id0
7c-LYBUqyHE/00000501.jpg	0	432	101	494	163	id0
7c-LYBUqyHE/00000127.jpg	0	435	101	487	153	id0
7c-LYBUqyHE/00000225.jpg	0	354	101	406	153	id0
7c-LYBUqyHE/00000384.jpg	0	435	107	487	159	id0
7c-LYBUqyHE/00001001.jpg	0	432	94	494	156	id0
7c-LYBUqyHE/00000364.jpg	0	425	101	487	163	id0
7c-LYBUqyHE/00000337.jpg	0	418	101	481	163	id0
7c-LYBUqyHE/00000371.jpg	0	435	101	487	153	id0
7c-LYBUqyHE/00000844.jpg	0	391	94	453	156	id0
7c-LYBUqyHE/00000539.jpg	0	432	101	494	163	id0
7c-LYBUqyHE/00000782.jpg	0	429	95	481	147	id0
7c-LYBUqyHE/00000569.jpg	0	432	101	494	163	id0
7c-LYBUqyHE/00000680.jpg	0	429	95	481	147	id0
7c-LYBUqyHE/00000849.jpg	0	394	95	446	147	id0
7c-LYBUqyHE/00000804.jpg	0	412	101	463	153	id0
7c-LYBUqyHE/00000601.jpg	0	411	87	474	149	id0
7c-LYBUqyHE/00000229.jpg	0	349	101	411	163	id0
7c-LYBUqyHE/00000203.jpg	0	328	94	391	156	id0
7c-LYBUqyHE/00000985.jpg	0	432	101	494	163	id0
7c-LYBUqyHE/00000531.jpg	0	432	101	494	163	id0
7c-LYBUqyHE/00000205.jpg	0	328	94	391	156	id0
7c-LYBUqyHE/00001006.jpg	0	432	94	494	156	id0
7c-LYBUqyHE/00000658.jpg	0	440	95	492	147	id0
7c-LYBUqyHE/00000976.jpg	0	425	94	487	156	id0
7c-LYBUqyHE/00000908.jpg	0	377	95	429	147	id0
7c-LYBUqyHE/00000078.jpg	0	435	95	487	147	id0
7c-LYBUqyHE/00000982.jpg	0	432	101	494	163	id0
7c-LYBUqyHE/00000329.jpg	0	423	101	475	153	id0
7c-LYBUqyHE/00000999.jpg	0	432	94	494	156	id0
7c-LYBUqyHE/00000872.jpg	0	363	94	425	156	id0
7c-LYBUqyHE/00000717.jpg	0	432	87	494	149	id0
7c-LYBUqyHE/00000470.jpg	0	429	113	481	164	id0
7c-LYBUqyHE/00000500.jpg	0	432	101	494	163	id0
7c-LYBUqyHE/00000725.jpg	0	439	87	501	149	id0
7c-LYBUqyHE/00000971.jpg	0	425	94	487	156	id0
7c-LYBUqyHE/00000426.jpg	0	432	101	494	163	id0
7c-LYBUqyHE/00000394.jpg	0	425	101	487	163	id0
7c-LYBUqyHE/00000618.jpg	0	417	95	469	147	id0
7c-LYBUqyHE/00000811.jpg	0	406	107	458	159	id0
7c-LYBUqyHE/00000852.jpg	0	384	94	446	156	id0
7c-LYBUqyHE/00000558.jpg	0	432	101	494	163	id0
7c-LYBUqyHE/00000390.jpg	0	425	101	487	163	id0
7c-LYBUqyHE/00000780.jpg	0	429	95	481	147	id0
7c-LYBUqyHE/00000891.jpg	0	363	94	425	156	id0
7c-LYBUqyHE/00000996.jpg	0	435	101	487	153	id0
7c-LYBUqyHE/00000869.jpg	0	371	95	423	147	id0
7c-LYBUqyHE/00001024.jpg	0	446	101	508	163	id0
7c-LYBUqyHE/00000712.jpg	0	425	87	487	149	id0
7c-LYBUqyHE/00000314.jpg	0	417	101	469	153	id0
7c-LYBUqyHE/00000235.jpg	0	360	101	412	153	id0
7c-LYBUqyHE/00000107.jpg	0	432	101	494	163	id0
7c-LYBUqyHE/00000785.jpg	0	418	94	481	156	id0
7c-LYBUqyHE/00000076.jpg	0	425	94	487	156	id0
7c-LYBUqyHE/00000058.jpg	0	425	94	487	156	id0
7c-LYBUqyHE/00000406.jpg	0	432	101	494	163	id0
7c-LYBUqyHE/00000110.jpg	0	435	101	487	153	id0
7c-LYBUqyHE/00000117.jpg	0	425	101	487	163	id0
7c-LYBUqyHE/00000274.jpg	0	391	94	453	156	id0
7c-LYBUqyHE/00000702.jpg	0	429	90	481	141	id0
7c-LYBUqyHE/00000655.jpg	0	440	95	492	147	id0
7c-LYBUqyHE/00000624.jpg	0	423	95	475	147	id0
7c-LYBUqyHE/00000598.jpg	0	423	90	475	141	id0
7c-LYBUqyHE/00000547.jpg	0	432	101	494	163	id0
7c-LYBUqyHE/00000521.jpg	0	440	107	492	159	id0
7c-LYBUqyHE/00000013.jpg	0	435	101	487	153	id0
7c-LYBUqyHE/00000812.jpg	0	406	101	458	153	id0
7c-LYBUqyHE/00000557.jpg	0	432	101	494	163	id0
7c-LYBUqyHE/00000071.jpg	0	425	101	487	163	id0
7c-LYBUqyHE/00000288.jpg	0	406	101	458	153	id0
7c-LYBUqyHE/00000332.jpg	0	423	101	475	153	id0
7c-LYBUqyHE/00000525.jpg	0	432	101	494	163	id0
7c-LYBUqyHE/00000498.jpg	0	432	101	494	163	id0
7c-LYBUqyHE/00000935.jpg	0	406	95	458	147	id0
7c-LYBUqyHE/00000966.jpg	0	429	95	481	147	id0
7c-LYBUqyHE/00000368.jpg	0	425	101	487	163	id0
7c-LYBUqyHE/00000101.jpg	0	432	101	494	163	id0
7c-LYBUqyHE/00000831.jpg	0	391	94	453	156	id0
7c-LYBUqyHE/00000315.jpg	0	417	101	469	153	id0
7c-LYBUqyHE/00000380.jpg	0	435	107	487	159	id0
7c-LYBUqyHE/00001004.jpg	0	432	94	494	156	id0
7c-LYBUqyHE/00000854.jpg	0	384	94	446	156	id0
7c-LYBUqyHE/00000686.jpg	0	418	87	481	149	id0
7c-LYBUqyHE/00000084.jpg	0	432	94	494	156	id0
7c-LYBUqyHE/00000927.jpg	0	398	94	460	156	id0
7c-LYBUqyHE/00000416.jpg	0	432	101	494	163	id0
7c-LYBUqyHE/00000463.jpg	0	429	107	481	159	id0
7c-LYBUqyHE/00000400.jpg	0	432	101	494	163	id0
7c-LYBUqyHE/00000327.jpg	0	423	101	475	153	id0
7c-LYBUqyHE/00000499.jpg	0	432	101	494	163	id0
7c-LYBUqyHE/00000829.jpg	0	391	94	453	156	id0
7c-LYBUqyHE/00000975.jpg	0	425	94	487	156	id0
7c-LYBUqyHE/00000028.jpg	0	425	94	487	156	id0
7c-LYBUqyHE/00000144.jpg	0	425	94	487	156	id0
7c-LYBUqyHE/00000429.jpg	0	432	101	494	163	id0
7c-LYBUqyHE/00000386.jpg	0	425	101	487	163	id0
7c-LYBUqyHE/00000877.jpg	0	363	94	425	156	id0
7c-LYBUqyHE/00000220.jpg	0	348	101	400	153	id0
7c-LYBUqyHE/00000614.jpg	0	417	95	469	147	id0
7c-LYBUqyHE/00000437.jpg	0	432	101	494	163	id0
7c-LYBUqyHE/00000436.jpg	0	432	101	494	163	id0
7c-LYBUqyHE/00000918.jpg	0	389	95	440	147	id0
7c-LYBUqyHE/00001052.jpg	0	411	94	474	156	id0
7c-LYBUqyHE/00000850.jpg	0	394	95	446	147	id0
7c-LYBUqyHE/00000240.jpg	0	366	101	417	153	id0
7c-LYBUqyHE/00000125.jpg	0	425	101	487	163	id0
7c-LYBUqyHE/00000446.jpg	0	425	101	487	163	id0
7c-LYBUqyHE/00000567.jpg	0	440	101	492	153	id0
7c-LYBUqyHE/00000942.jpg	0	417	101	469	153	id0
7c-LYBUqyHE/00000828.jpg	0	391	94	453	156	id0
7c-LYBUqyHE/00000459.jpg	0	429	101	481	153	id0
7c-LYBUqyHE/00000092.jpg	0	432	94	494	156	id0
7c-LYBUqyHE/00000308.jpg	0	423	101	475	153	id0
7c-LYBUqyHE/00000145.jpg	0	425	94	487	156	id0
7c-LYBUqyHE/00000403.jpg	0	432	101	494	163	id0
7c-LYBUqyHE/00000508.jpg	0	432	101	494	163	id0
7c-LYBUqyHE/00000621.jpg	0	423	95	475	147	id0
7c-LYBUqyHE/00000300.jpg	0	411	101	474	163	id0
7c-LYBUqyHE/00000319.jpg	0	417	101	469	153	id0
7c-LYBUqyHE/00000435.jpg	0	432	101	494	163	id0
7c-LYBUqyHE/00000073.jpg	0	425	101	487	163	id0
7c-LYBUqyHE/00000565.jpg	0	440	101	492	153	id0
7c-LYBUqyHE/00000218.jpg	0	348	101	400	153	id0
7c-LYBUqyHE/00000703.jpg	0	429	95	481	147	id0
7c-LYBUqyHE/00000671.jpg	0	435	95	487	147	id0
7c-LYBUqyHE/00000846.jpg	0	391	94	453	156	id0
7c-LYBUqyHE/00000806.jpg	0	406	101	458	153	id0
7c-LYBUqyHE/00000438.jpg	0	435	101	487	153	id0
7c-LYBUqyHE/00000094.jpg	0	440	101	492	153	id0
7c-LYBUqyHE/00000789.jpg	0	423	95	475	147	id0
7c-LYBUqyHE/00000886.jpg	0	363	101	425	163	id0
7c-LYBUqyHE/00000278.jpg	0	391	94	453	156	id0
7c-LYBUqyHE/00000275.jpg	0	391	94	453	156	id0
7c-LYBUqyHE/00000683.jpg	0	429	95	481	147	id0
7c-LYBUqyHE/00000236.jpg	0	360	101	412	153	id0
7c-LYBUqyHE/00000361.jpg	0	435	101	487	153	id0
7c-LYBUqyHE/00000276.jpg	0	391	94	453	156	id0
7c-LYBUqyHE/00000277.jpg	0	391	94	453	156	id0
7c-LYBUqyHE/00000080.jpg	0	432	94	494	156	id0
7c-LYBUqyHE/00000502.jpg	0	440	107	492	159	id0
7c-LYBUqyHE/00000209.jpg	0	337	101	389	153	id0
7c-LYBUqyHE/00000576.jpg	0	432	101	494	163	id0
7c-LYBUqyHE/00000420.jpg	0	432	101	494	163	id0
7c-LYBUqyHE/00000967.jpg	0	429	95	481	147	id0
7c-LYBUqyHE/00000407.jpg	0	432	108	494	170	id0
7c-LYBUqyHE/00000047.jpg	0	435	95	487	147	id0
7c-LYBUqyHE/00000425.jpg	0	432	101	494	163	id0
7c-LYBUqyHE/00001018.jpg	0	439	101	501	163	id0
7c-LYBUqyHE/00000952.jpg	0	423	95	475	147	id0
7c-LYBUqyHE/00000696.jpg	0	423	90	475	141	id0
7c-LYBUqyHE/00000899.jpg	0	371	95	423	147	id0
7c-LYBUqyHE/00000095.jpg	0	440	101	492	153	id0
7c-LYBUqyHE/00000279.jpg	0	386	88	461	163	id0
7c-LYBUqyHE/00000091.jpg	0	432	94	494	156	id0
7c-LYBUqyHE/00000592.jpg	0	425	94	487	156	id0
7c-LYBUqyHE/00000563.jpg	0	432	101	494	163	id0
7c-LYBUqyHE/00000924.jpg	0	391	94	453	156	id0
7c-LYBUqyHE/00000704.jpg	0	429	95	481	147	id0
7c-LYBUqyHE/00000370.jpg	0	435	101	487	153	id0
7c-LYBUqyHE/00000657.jpg	0	440	95	492	147	id0
7c-LYBUqyHE/00000405.jpg	0	432	108	494	170	id0
7c-LYBUqyHE/00000909.jpg	0	377	95	429	147	id0
7c-LYBUqyHE/00000773.jpg	0	432	94	494	156	id0
7c-LYBUqyHE/00000847.jpg	0	391	94	453	156	id0
7c-LYBUqyHE/00000874.jpg	0	363	94	425	156	id0
7c-LYBUqyHE/00000578.jpg	0	432	101	494	163	id0
7c-LYBUqyHE/00000608.jpg	0	417	95	469	147	id0
7c-LYBUqyHE/00000947.jpg	0	411	94	474	156	id0
7c-LYBUqyHE/00000233.jpg	0	360	101	412	153	id0
7c-LYBUqyHE/00000280.jpg	0	400	95	452	147	id0
7c-LYBUqyHE/00000607.jpg	0	417	95	469	147	id0
7c-LYBUqyHE/00000570.jpg	1	85	434	121	470	id1
7c-LYBUqyHE/00000564.jpg	1	129	386	165	422	id1
7c-LYBUqyHE/00000562.jpg	1	141	370	177	406	id1
7c-LYBUqyHE/00000568.jpg	1	101	418	137	454	id1
7c-LYBUqyHE/00000870.jpg	1	329	390	365	426	id1
7c-LYBUqyHE/00000571.jpg	1	77	442	113	478	id1
7c-LYBUqyHE/00000569.jpg	1	93	426	129	462	id1
7c-LYBUqyHE/00000567.jpg	1	109	410	145	446	id1
7c-LYBUqyHE/00000335.jpg	1	401	198	437	234	id2
7c-LYBUqyHE/00000332.jpg	1	401	198	437	234	id2
7c-LYBUqyHE/00000326.jpg	1	429	126	465	162	id3
7c-LYBUqyHE/00000294.jpg	1	421	126	457	162	id3
7c-LYBUqyHE/00000311.jpg	1	429	126	465	162	id3
7c-LYBUqyHE/00000312.jpg	1	429	126	465	162	id3
7c-LYBUqyHE/00000212.jpg	1	352	122	395	166	id3
7c-LYBUqyHE/00000308.jpg	1	429	126	465	162	id3
