A1qyJ4uNzEc/00000143.jpg	0	265	156	354	245	264,177 265,188 268,200 270,211 274,221 280,230 289,237 299,242 310,244 320,242 328,236 336,229 340,219 343,208 345,197 346,185 346,174 271,170 275,164 283,163 290,164 297,167 313,166 319,163 326,162 333,163 338,169 306,176 306,184 307,191 308,199 299,202 303,204 308,205 313,204 316,202 280,178 284,175 289,175 294,178 289,180 284,180 317,178 321,175 326,175 330,177 326,179 321,179 294,216 299,214 304,213 308,213 311,212 316,213 322,216 317,220 313,222 309,222 304,222 299,220 297,216 304,215 308,216 312,215 319,215 312,217 308,217 304,217
A1qyJ4uNzEc/00000120.jpg	0	265	156	354	245	267,180 268,191 271,202 273,213 277,223 282,233 290,239 300,244 311,245 321,244 330,238 337,231 342,222 344,211 346,200 347,188 347,177 274,170 278,165 284,165 290,166 296,169 317,167 323,165 329,163 335,164 339,169 307,179 308,187 309,195 310,202 301,205 305,207 310,209 314,207 317,205 282,180 286,176 292,177 297,182 292,183 286,183 318,181 322,176 328,176 332,179 328,183 323,183 295,219 301,216 306,215 309,216 313,215 318,216 323,218 318,222 314,223 310,224 306,224 301,223 298,219 306,218 309,218 313,218 321,218 314,219 310,219 306,219
A1qyJ4uNzEc/00000137.jpg	0	270	155	345	229	265,176 266,187 268,198 270,208 274,219 279,227 288,233 298,237 310,239 321,237 330,233 337,226 341,217 344,206 345,196 346,185 346,174 272,168 276,163 282,161 290,162 296,165 313,165 320,162 327,160 334,162 338,167 306,175 307,182 307,190 308,197 299,201 303,203 308,204 313,203 316,200 280,176 284,173 290,174 295,177 290,179 284,179 316,177 320,173 326,173 330,176 327,178 321,178 293,214 300,212 305,211 308,212 312,211 316,211 322,213 317,216 313,217 309,217 305,217 300,217 296,214 305,213 308,213 312,213 320,213 312,213 309,214 305,213
A1qyJ4uNzEc/00000163.jpg	0	265	146	354	236	262,171 263,183 265,193 268,204 271,215 277,224 285,230 296,235 308,237 319,235 329,231 337,224 342,214 344,203 346,192 347,180 347,169 269,164 274,159 281,157 289,158 296,160 311,160 318,158 325,157 332,158 337,163 304,168 305,175 305,182 306,189 297,193 301,195 306,197 311,195 315,193 278,171 283,168 288,168 293,170 288,172 283,173 315,170 320,167 325,167 330,170 325,172 320,171 291,208 296,205 302,204 306,205 311,204 316,205 321,208 317,213 312,215 307,216 302,215 296,213 294,208 302,206 306,207 311,206 318,208 311,210 307,210 302,210
A1qyJ4uNzEc/00000023.jpg	0	245	171	320	246	242,194 243,204 245,214 246,223 250,232 255,240 263,245 272,249 281,250 291,248 299,244 306,237 310,229 313,220 314,210 314,201 314,191 250,186 254,183 260,183 266,184 272,186 284,185 289,183 295,182 301,182 306,185 279,190 279,196 279,201 280,207 273,212 276,213 280,214 284,213 287,211 257,193 261,191 265,191 269,192 265,193 261,194 288,192 291,190 296,190 299,191 296,193 291,192 267,225 272,221 276,220 280,220 283,220 288,221 292,224 288,229 284,232 280,232 276,232 272,230 270,225 276,223 280,223 283,223 290,224 284,226 280,226 276,226
A1qyJ4uNzEc/00000154.jpg	0	265	146	354	236	263,173 264,185 267,196 269,207 272,218 278,228 287,235 297,240 308,242 319,240 329,235 337,228 342,217 344,206 346,194 347,183 347,171 271,166 276,162 283,161 290,161 297,164 312,163 318,161 325,159 332,160 338,165 305,171 306,178 306,186 306,193 298,197 302,199 307,200 311,199 315,197 280,172 284,168 290,168 294,172 289,174 284,174 316,172 320,167 326,166 330,170 326,172 321,172 292,212 296,208 302,207 306,208 311,207 316,208 322,212 317,218 312,220 307,221 302,220 296,218 295,212 302,210 306,211 311,210 319,212 311,215 307,215 302,215
A1qyJ4uNzEc/00000017.jpg	0	237	171	312	246	240,195 241,204 243,213 245,223 249,231 255,239 263,244 272,248 281,248 290,247 297,242 304,236 308,227 310,218 311,209 311,200 311,192 249,187 254,183 260,182 266,183 272,185 282,184 287,181 293,180 299,181 303,184 278,189 278,195 279,200 279,206 272,211 275,212 279,213 283,211 286,210 256,192 260,190 264,189 268,191 264,192 260,193 286,190 289,188 293,188 297,190 294,191 290,191 266,225 271,221 276,219 279,220 283,219 288,220 293,223 289,227 284,229 280,229 276,229 271,228 268,225 276,222 280,222 283,222 291,223 283,224 280,225 276,225
A1qyJ4uNzEc/00000110.jpg	0	270	163	345	237	264,183 266,194 268,205 270,215 274,225 279,234 288,240 297,246 307,248 317,246 326,240 334,234 339,225 342,215 344,204 345,193 345,182 272,180 278,177 285,177 292,178 298,181 310,181 316,178 323,176 329,175 335,178 305,186 305,193 306,200 306,207 298,210 302,211 307,213 311,211 314,209 281,186 285,184 290,184 294,186 289,187 285,187 315,186 319,183 323,183 328,184 324,186 319,187 292,221 297,219 302,218 306,219 310,218 316,219 321,221 316,227 311,229 307,230 302,229 297,227 294,221 302,221 306,222 310,221 318,221 311,223 306,224 302,223
A1qyJ4uNzEc/00000097.jpg	0	262	155	337	229	262,175 263,185 266,195 268,205 271,214 276,222 285,228 294,232 305,233 315,232 325,227 333,221 337,213 339,203 340,193 341,182 341,172 269,169 274,164 281,163 288,164 295,166 306,166 313,163 319,162 326,162 331,166 301,172 302,178 302,184 303,190 294,194 298,196 303,197 307,195 310,194 278,174 282,173 286,172 290,174 286,175 282,175 312,173 316,171 320,171 324,172 320,174 316,174 290,208 294,205 299,203 303,204 307,203 312,205 316,208 312,211 308,213 303,214 299,213 294,211 292,208 299,206 303,207 307,206 314,207 307,208 303,209 299,208
A1qyJ4uNzEc/00000082.jpg	0	262	155	337	229	263,178 263,188 265,198 268,208 271,218 276,226 284,232 294,236 304,238 315,237 323,233 330,226 334,218 337,208 338,198 340,188 340,177 270,172 275,167 282,167 289,168 296,170 307,169 314,167 321,166 327,167 332,171 302,175 303,181 303,187 304,193 295,197 299,199 304,200 308,199 311,197 278,176 282,174 287,174 292,176 288,177 282,178 312,176 316,173 321,173 325,176 321,177 316,177 291,211 295,207 299,206 303,207 307,207 312,209 316,213 312,217 307,218 303,219 299,218 294,215 293,211 299,209 303,210 307,210 314,212 307,212 303,213 299,212
A1qyJ4uNzEc/00000166.jpg	0	265	146	354	236	263,171 264,182 266,192 268,203 271,213 276,221 285,226 296,230 307,231 318,230 328,226 337,220 341,211 345,201 346,190 347,179 347,168 270,163 275,158 283,157 290,157 298,159 311,159 318,157 326,156 333,157 338,162 305,167 305,174 306,181 307,188 297,192 302,194 307,195 311,194 315,192 279,170 283,167 288,167 293,170 288,171 283,171 316,169 320,166 326,167 330,169 326,171 321,170 292,207 296,204 302,202 306,203 311,202 316,204 321,207 317,212 311,214 307,214 302,214 296,212 294,207 302,205 306,206 311,205 319,207 311,208 307,209 302,208
A1qyJ4uNzEc/00000046.jpg	0	254	179	328	254	253,196 254,207 255,217 258,226 260,236 265,244 273,249 282,254 291,255 301,254 309,250 317,244 321,235 324,225 326,215 327,205 327,195 259,191 264,187 270,187 277,189 283,191 294,190 300,188 306,186 313,187 318,190 289,196 289,202 290,208 290,215 282,218 286,219 290,221 294,219 298,218 267,197 271,194 275,194 279,197 275,198 271,198 299,196 303,194 307,194 311,196 307,197 303,197 278,231 282,228 286,227 290,228 294,227 298,228 303,231 299,235 294,237 290,237 286,237 282,235 280,231 286,230 290,230 294,230 301,231 294,231 290,231 286,231
A1qyJ4uNzEc/00000106.jpg	0	270	163	345	237	264,183 266,194 268,205 271,215 274,225 280,233 288,240 297,245 306,247 316,245 325,239 333,233 338,224 341,214 343,203 344,192 344,181 271,180 277,176 284,177 291,178 298,181 309,180 315,178 322,176 328,175 334,178 304,186 304,193 304,200 305,207 297,210 301,211 305,213 310,211 313,209 280,186 284,184 289,184 293,186 288,187 284,187 314,186 318,183 322,182 327,184 323,186 318,187 291,222 296,219 301,219 305,219 309,218 315,219 320,221 315,226 310,228 306,229 301,228 296,226 293,221 301,221 305,222 310,221 318,221 310,222 305,223 301,222
A1qyJ4uNzEc/00000100.jpg	0	255	156	344	245	263,179 264,190 266,201 269,211 272,221 278,229 287,234 296,239 305,240 315,239 324,233 332,227 337,218 340,208 341,198 342,187 342,176 270,174 276,170 283,170 289,172 296,174 307,173 313,171 320,169 326,169 332,172 302,179 302,185 303,192 303,199 295,202 299,204 303,205 307,203 311,202 279,180 283,178 287,178 291,180 287,181 283,181 312,179 316,177 320,177 324,179 321,180 317,180 290,216 294,212 299,211 303,212 308,211 313,212 317,215 313,220 308,222 303,222 299,222 294,220 292,215 299,214 303,214 308,214 315,215 308,216 303,217 299,216
A1qyJ4uNzEc/00000105.jpg	0	270	163	345	237	264,183 266,194 268,204 271,214 274,224 279,233 287,239 296,244 306,245 316,244 325,239 332,232 338,224 341,214 343,203 344,192 344,181 271,180 277,176 284,177 290,178 297,181 309,180 315,177 321,175 328,175 334,177 303,185 304,192 304,200 305,207 296,209 300,211 305,212 309,211 313,209 280,185 284,184 289,184 293,186 288,187 284,187 314,185 317,183 322,182 326,184 322,186 318,186 290,221 295,219 300,218 305,219 309,218 314,219 319,220 314,225 310,227 305,227 300,227 295,225 293,221 300,220 305,221 309,220 317,221 309,221 305,222 300,221
A1qyJ4uNzEc/00000153.jpg	0	265	146	354	236	263,173 264,184 266,195 268,207 272,218 277,228 286,236 297,241 308,244 319,242 329,236 337,228 342,218 344,207 346,195 347,183 347,172 271,167 276,163 283,162 290,163 297,165 312,164 319,162 326,161 333,162 338,166 306,173 306,180 306,187 307,195 298,199 302,201 307,202 312,201 315,198 280,173 285,170 290,170 295,174 290,175 285,175 316,173 320,169 326,169 331,172 327,174 321,174 292,214 297,210 303,209 307,209 310,209 316,210 322,213 317,219 311,222 307,222 303,222 297,219 295,214 303,212 307,212 311,212 319,213 311,216 307,216 303,215
A1qyJ4uNzEc/00000130.jpg	0	265	156	354	245	267,179 268,190 270,201 272,212 276,223 281,232 289,240 299,246 310,248 320,245 328,239 336,231 340,221 343,210 344,199 345,187 346,176 273,168 277,162 283,160 290,162 296,164 315,163 321,161 327,159 333,161 338,167 306,176 307,183 308,190 308,198 300,201 304,203 308,205 313,203 317,201 282,178 286,176 290,176 295,178 290,180 286,180 318,178 321,176 326,176 330,177 327,179 322,179 294,217 299,212 304,211 309,211 313,211 318,212 322,216 319,225 314,229 309,229 304,229 298,225 297,217 304,214 309,214 313,214 320,216 314,223 309,224 304,223
A1qyJ4uNzEc/00000119.jpg	0	265	156	354	245	267,180 268,191 270,202 273,213 276,223 281,233 290,240 300,245 311,247 322,245 330,239 337,231 341,221 344,211 345,200 346,188 346,177 274,171 278,165 284,164 291,166 297,169 316,168 322,165 328,163 334,164 338,169 307,179 308,187 309,195 309,202 300,205 305,207 309,209 314,207 317,205 282,180 286,177 291,178 296,182 291,184 285,183 317,182 321,177 327,177 331,180 328,183 322,183 295,219 300,216 305,215 309,216 313,215 318,216 324,219 319,225 314,227 310,228 305,227 300,225 297,219 305,219 309,219 313,219 321,219 314,222 309,222 305,221
A1qyJ4uNzEc/00000066.jpg	0	262	163	337	237	261,188 262,198 264,209 266,219 269,228 275,237 284,243 294,247 304,249 313,247 322,242 329,235 333,226 335,217 337,207 338,197 337,187 270,183 275,179 281,178 288,180 294,182 306,182 312,180 319,178 325,179 330,182 301,187 301,193 302,200 303,206 294,210 298,211 302,212 306,211 310,209 278,189 282,187 286,187 290,188 286,189 282,190 310,188 314,186 319,186 322,188 319,189 315,189 289,223 293,220 298,218 302,219 306,219 311,220 315,223 312,228 307,230 303,230 298,230 293,227 291,223 298,221 302,222 306,221 313,223 307,224 302,225 298,224
A1qyJ4uNzEc/00000109.jpg	0	270	163	345	237	264,182 266,193 268,204 270,214 274,224 279,233 288,240 297,245 307,248 317,246 325,240 333,233 338,224 341,214 343,203 344,192 344,181 272,180 278,177 285,177 291,178 298,181 310,181 316,178 322,176 329,175 335,178 304,186 305,193 306,200 306,207 297,209 301,211 306,213 311,211 314,209 281,186 285,184 289,184 294,186 289,187 285,187 315,186 318,183 323,183 327,184 324,186 319,186 292,221 297,219 302,218 306,219 310,218 315,219 320,221 316,227 311,229 307,230 302,229 296,227 294,221 302,221 306,222 310,221 318,221 311,224 306,224 302,223
A1qyJ4uNzEc/00000047.jpg	0	254	179	328	254	253,195 254,205 256,215 258,225 261,235 266,243 273,249 282,254 291,255 301,254 309,250 316,244 321,236 324,226 326,216 327,206 327,195 260,191 265,187 271,187 278,188 284,190 295,190 301,188 307,186 314,186 319,189 290,195 290,202 290,208 291,215 283,218 287,219 291,221 295,219 298,218 268,196 272,194 276,194 280,196 276,198 271,198 300,196 303,194 308,194 312,196 308,197 304,197 278,230 282,228 286,226 290,227 294,226 299,228 303,231 300,235 295,237 291,238 287,237 282,235 280,230 287,230 290,230 294,230 301,231 295,231 291,232 287,231
A1qyJ4uNzEc/00000024.jpg	0	245	171	320	246	243,195 244,205 246,214 247,224 250,233 255,240 263,245 272,249 282,251 291,249 300,244 307,239 311,230 314,221 315,211 316,202 316,192 250,188 255,184 261,184 267,185 272,187 284,186 290,184 295,183 301,183 306,186 279,192 279,197 279,203 280,209 272,213 276,214 280,215 284,214 287,213 257,194 261,192 265,192 269,193 265,194 261,195 288,193 292,191 296,191 300,193 296,194 292,193 267,226 271,222 276,221 280,222 283,221 288,222 293,226 289,231 284,233 280,233 276,233 271,231 270,226 276,224 280,224 283,224 290,226 284,227 280,227 276,227
A1qyJ4uNzEc/00000165.jpg	0	265	146	354	236	263,171 264,183 266,194 268,205 272,216 278,225 287,231 297,235 308,237 318,235 328,231 337,224 342,215 345,204 347,192 348,181 347,169 270,163 275,158 282,157 290,157 297,159 311,159 317,157 325,156 332,157 338,162 305,167 305,174 306,181 306,188 297,193 302,194 306,196 311,194 315,192 279,170 283,167 289,167 293,170 288,171 283,172 316,169 320,165 325,165 330,168 326,170 320,170 291,208 296,204 302,202 306,203 310,202 315,204 320,207 316,213 311,215 306,215 302,215 296,213 294,208 302,206 306,206 310,206 318,207 310,209 306,210 302,209
A1qyJ4uNzEc/00000145.jpg	0	270	155	345	229	263,177 265,188 267,199 269,210 273,221 279,230 288,236 298,241 309,243 320,241 329,235 336,228 341,219 343,208 345,196 346,185 346,174 271,169 276,164 283,163 290,164 297,167 312,166 319,163 326,162 333,163 338,168 306,176 306,183 307,191 308,199 299,202 303,204 308,205 312,204 316,202 280,178 284,175 289,175 294,178 289,180 284,180 316,178 321,175 326,174 330,177 326,179 321,179 293,216 299,213 304,212 308,212 311,211 316,212 322,215 317,219 312,220 308,221 304,221 299,219 295,216 304,215 308,215 311,215 319,215 312,215 308,216 304,215
A1qyJ4uNzEc/00000090.jpg	0	255	146	344	236	263,175 264,185 266,195 268,205 271,215 276,223 285,228 295,232 305,233 315,232 324,228 332,222 336,214 339,203 340,193 341,183 341,172 271,168 275,163 282,162 289,163 296,166 308,165 314,162 320,161 327,162 332,166 302,171 303,176 303,182 304,188 296,193 300,194 304,195 308,194 311,193 279,173 283,172 287,171 291,173 287,174 283,174 313,172 317,171 321,171 325,172 321,174 317,173 291,208 295,204 300,203 304,203 309,203 313,204 317,208 313,211 309,213 304,213 299,213 295,211 293,208 300,205 304,206 309,205 315,207 309,208 304,208 300,208
A1qyJ4uNzEc/00000092.jpg	0	255	146	344	236	263,176 264,186 266,196 268,206 272,215 278,223 286,228 295,232 305,233 315,232 324,228 332,222 336,213 339,203 340,193 341,183 341,172 270,168 275,163 281,162 288,163 295,165 307,164 314,162 320,161 327,162 332,166 302,171 302,176 303,182 303,189 295,193 299,194 304,195 308,194 311,193 278,174 282,172 287,171 291,173 287,174 283,175 313,172 317,171 321,171 325,172 321,174 317,173 292,208 296,204 300,202 304,203 308,202 313,204 317,208 313,211 309,213 304,213 300,213 296,211 294,208 300,205 304,206 308,205 315,207 308,208 304,208 300,208
A1qyJ4uNzEc/00000067.jpg	0	262	163	337	237	261,187 262,197 264,208 266,218 270,228 276,236 284,242 294,247 303,249 312,248 321,242 328,236 332,227 335,217 337,207 338,197 338,186 270,182 275,178 282,178 288,180 295,182 307,182 313,179 319,178 325,178 330,182 301,187 302,193 302,200 302,206 294,209 298,211 302,212 306,211 310,209 278,188 282,186 287,186 291,188 287,189 282,189 311,188 315,186 319,186 323,188 319,189 315,189 289,223 293,219 298,218 302,219 306,218 311,220 315,223 311,228 307,231 302,231 298,230 293,228 292,222 298,221 302,221 306,221 313,223 306,225 302,225 298,224
A1qyJ4uNzEc/00000053.jpg	0	254	171	328	246	257,194 258,204 259,215 261,225 265,235 270,243 278,249 287,253 297,255 306,253 314,249 321,243 326,235 329,225 330,215 331,204 332,194 264,189 269,185 276,185 283,186 289,189 300,188 306,186 313,184 319,185 324,188 295,193 295,199 296,205 296,212 288,216 292,217 296,218 300,217 303,215 272,194 276,192 281,192 285,194 281,196 276,196 304,194 308,191 312,191 316,194 312,195 308,195 283,229 288,227 292,226 295,227 299,226 303,227 308,229 304,232 300,233 296,234 293,234 288,232 285,229 292,228 295,228 299,228 306,229 299,229 296,229 293,229
A1qyJ4uNzEc/00000147.jpg	0	270	155	345	229	263,177 265,189 267,199 269,211 273,221 278,230 287,236 298,240 309,242 320,241 329,236 336,229 341,219 344,209 346,197 347,186 346,175 271,170 276,165 283,164 290,165 297,167 312,166 319,163 326,162 333,164 338,168 306,176 306,183 307,191 308,198 299,202 303,204 308,205 312,203 316,201 279,177 284,174 289,174 294,178 289,180 283,180 316,177 320,173 326,173 330,176 327,178 321,179 292,215 298,213 304,211 308,212 311,211 316,212 322,214 317,218 312,219 308,220 304,220 299,219 295,215 304,214 308,214 311,214 320,214 312,215 308,215 304,215
A1qyJ4uNzEc/00000060.jpg	0	262	171	337	246	260,190 260,201 262,211 264,221 267,231 273,239 281,245 290,249 300,251 310,249 318,245 325,239 330,230 332,221 334,210 335,200 335,190 268,186 273,182 280,182 287,183 293,186 304,185 310,183 316,182 323,182 328,186 299,190 299,197 300,203 300,209 292,213 296,214 300,216 304,214 307,213 276,191 280,190 284,189 289,191 284,193 280,193 308,191 312,189 316,189 320,191 317,193 312,192 287,226 291,223 295,222 300,223 304,222 308,223 312,226 308,230 304,232 300,232 295,231 291,230 289,226 295,225 300,225 304,225 310,226 304,226 300,227 295,226
A1qyJ4uNzEc/00000033.jpg	0	245	179	320	254	246,197 247,207 249,216 250,226 253,235 258,243 265,249 273,254 283,256 292,255 300,250 308,245 313,237 316,227 318,217 319,207 320,197 252,193 256,189 263,189 269,190 276,192 286,192 292,190 298,188 305,189 310,192 281,197 281,203 281,210 282,216 274,219 278,221 282,222 286,221 290,219 259,198 263,196 267,196 272,198 267,199 263,200 291,198 294,196 299,196 303,197 299,199 295,199 269,231 273,229 278,228 282,228 286,228 291,229 295,231 291,235 286,238 282,238 278,238 273,235 271,231 278,230 282,231 286,230 293,231 286,232 282,233 278,232
A1qyJ4uNzEc/00000122.jpg	0	265	156	354	245	267,179 268,190 270,201 273,212 276,222 281,231 290,238 300,242 311,244 321,243 330,238 337,231 341,221 344,211 346,199 347,188 347,177 274,170 278,165 284,164 291,165 298,169 316,168 322,164 329,163 335,164 339,170 308,179 309,186 309,194 310,202 301,205 305,207 310,208 314,206 318,204 282,180 286,178 291,179 296,182 291,183 286,183 318,181 323,178 327,178 332,180 328,183 323,183 294,218 300,215 306,215 310,215 314,215 318,215 324,217 319,222 315,223 310,224 306,223 300,221 297,218 305,216 310,217 314,216 322,217 314,221 310,221 306,221
A1qyJ4uNzEc/00000123.jpg	0	265	156	354	245	267,179 269,190 271,201 273,212 276,222 282,231 290,238 301,243 311,244 321,243 330,237 338,230 342,220 345,210 347,198 348,187 348,176 274,171 277,165 284,164 291,165 298,168 316,167 322,164 329,162 336,164 339,170 308,178 308,186 309,194 310,201 301,205 305,206 310,208 314,206 318,204 282,180 286,177 292,178 296,181 291,183 286,183 318,181 322,177 328,177 332,179 328,182 323,182 295,218 300,215 305,214 309,215 313,214 318,215 324,217 319,222 314,223 310,223 305,223 300,221 297,218 305,217 309,217 313,217 321,217 314,218 309,219 305,218
A1qyJ4uNzEc/00000086.jpg	0	262	155	337	229	263,177 264,187 266,197 268,207 272,216 277,224 285,229 294,232 305,233 315,232 324,229 331,223 335,215 338,206 339,196 340,186 340,175 271,170 276,165 283,164 290,165 296,167 308,167 314,164 321,163 327,164 332,168 303,172 303,178 304,183 304,190 296,195 300,196 304,197 308,196 312,194 279,175 283,173 287,173 292,174 288,176 283,176 312,174 317,172 321,172 325,174 321,175 317,175 291,209 296,206 300,205 304,206 307,205 312,206 317,209 312,210 308,211 304,212 301,212 296,211 293,209 300,207 304,208 307,207 315,208 308,207 304,208 301,208
A1qyJ4uNzEc/00000068.jpg	0	262	163	337	237	261,187 262,197 264,207 266,217 269,227 275,235 284,241 293,246 303,248 312,246 320,241 328,235 333,227 335,217 337,207 338,197 338,186 270,181 276,178 282,178 288,179 295,181 307,181 313,179 319,177 325,178 330,181 301,186 302,193 302,199 302,205 294,209 298,210 302,211 306,210 310,209 278,188 282,186 287,185 291,187 287,189 282,189 311,187 314,185 319,185 323,187 319,188 315,188 289,222 293,219 298,218 302,218 306,218 311,219 315,222 311,227 307,229 302,230 298,229 293,227 291,222 298,220 302,220 306,220 313,222 306,224 302,224 298,224
A1qyJ4uNzEc/00000161.jpg	0	265	146	354	236	262,173 263,184 265,195 268,206 271,217 277,226 287,232 297,237 308,239 319,237 329,232 336,225 341,215 344,203 345,192 346,181 346,170 269,165 274,160 281,158 289,159 296,161 310,161 318,159 325,158 332,159 337,164 304,169 305,176 306,183 306,190 297,194 302,196 306,197 311,196 315,194 278,172 283,169 288,169 293,171 288,173 283,173 315,171 320,168 325,168 329,170 325,172 320,172 292,210 297,206 302,205 307,205 311,205 316,206 322,209 317,214 312,216 307,217 303,216 297,214 294,210 302,208 307,208 311,208 319,209 311,210 307,211 303,210
A1qyJ4uNzEc/00000064.jpg	0	262	171	337	246	261,189 262,199 263,209 265,219 268,229 274,237 283,243 292,248 302,249 312,248 320,243 327,236 332,228 334,218 336,208 337,198 337,188 269,184 274,180 281,180 288,181 294,184 306,183 311,181 318,179 324,180 329,183 300,189 301,195 301,201 302,207 293,211 297,212 301,214 305,212 309,211 277,189 281,187 286,187 290,189 286,191 281,191 310,189 313,187 318,187 322,189 318,191 314,191 288,224 293,221 298,220 301,220 305,220 310,221 314,224 310,229 306,231 302,231 298,231 292,228 290,224 298,223 301,223 305,223 312,224 305,225 301,226 298,225
A1qyJ4uNzEc/00000031.jpg	0	245	179	320	254	245,198 246,208 248,218 250,227 253,236 258,244 265,250 274,255 282,257 291,255 300,251 307,245 312,237 315,227 317,217 318,207 318,197 251,194 255,190 262,190 268,191 274,193 285,192 291,190 298,189 304,189 309,193 280,198 280,204 280,210 281,216 273,220 277,221 281,222 285,221 289,219 259,198 263,196 267,196 271,199 267,200 263,200 290,199 293,196 298,196 302,198 298,199 294,199 268,232 272,229 277,227 281,228 285,227 290,229 294,232 290,236 285,239 281,239 277,239 272,236 271,231 277,230 281,231 285,231 292,232 285,233 281,233 277,233
A1qyJ4uNzEc/00000155.jpg	0	265	146	354	236	262,172 264,184 266,195 268,206 272,217 278,226 286,234 297,239 308,241 318,239 328,234 336,226 341,216 344,205 346,194 347,182 347,170 271,166 275,160 283,159 290,160 297,162 312,161 319,159 326,158 333,159 338,164 305,170 306,177 306,184 306,191 298,196 302,197 307,199 311,197 315,195 279,171 284,167 290,167 294,171 289,173 283,173 316,171 320,166 326,166 331,169 327,172 321,172 292,211 297,207 302,206 306,206 310,205 316,207 322,211 317,217 311,219 307,219 302,219 297,217 295,211 302,209 306,209 310,209 319,211 311,213 307,213 302,212
A1qyJ4uNzEc/00000127.jpg	0	265	146	354	236	267,177 268,187 270,198 272,209 276,219 281,228 290,235 300,240 310,242 321,241 330,235 337,227 342,217 344,207 346,196 347,184 346,174 274,165 278,160 284,159 290,161 297,163 316,162 321,159 327,158 334,159 338,165 307,174 308,182 308,189 309,197 300,200 304,202 309,204 313,202 317,200 282,176 286,175 291,175 296,177 291,179 286,179 318,177 322,175 327,174 331,176 327,178 322,178 294,214 300,211 305,210 309,211 313,210 318,211 323,214 319,219 314,222 310,222 305,222 300,219 297,214 305,213 309,213 313,213 321,214 314,216 309,216 305,216
A1qyJ4uNzEc/00000075.jpg	0	262	163	337	237	262,183 263,193 265,204 267,214 270,223 276,231 284,236 294,240 304,242 314,240 322,236 330,230 334,222 337,212 338,202 339,192 340,181 270,177 275,173 282,172 289,174 295,176 307,175 313,173 319,172 326,172 331,176 302,181 302,187 303,193 303,199 295,203 299,204 303,206 307,204 310,203 278,183 282,181 286,181 291,182 286,183 282,184 312,182 315,180 319,180 323,182 320,183 315,183 289,216 294,213 299,212 303,213 307,212 311,213 316,217 312,220 307,222 303,222 299,222 294,220 292,216 299,215 303,215 307,215 313,217 307,216 303,217 299,216
A1qyJ4uNzEc/00000088.jpg	0	255	146	344	236	263,176 264,186 266,196 268,206 272,216 277,223 286,229 295,233 305,234 315,233 324,228 331,223 335,214 338,204 339,194 340,184 340,173 270,168 275,164 282,162 289,163 295,166 307,165 314,163 321,161 327,163 332,167 302,171 303,177 303,183 304,189 296,194 300,195 304,196 308,195 312,193 279,174 283,172 287,172 291,173 287,175 283,175 312,173 316,171 321,172 325,173 321,174 317,174 291,209 296,205 300,203 304,204 308,204 313,205 317,209 313,212 309,214 304,214 300,214 296,212 294,208 300,206 304,207 308,206 315,208 308,209 304,210 300,209
A1qyJ4uNzEc/00000083.jpg	0	262	155	337	229	263,178 264,188 266,198 268,208 272,218 277,226 285,232 295,236 305,238 315,236 324,232 331,225 335,217 338,207 339,197 340,187 340,177 271,171 276,167 283,166 289,167 296,169 308,168 314,166 321,165 327,166 332,170 303,174 303,180 304,186 304,193 296,197 300,198 304,199 308,198 311,197 279,176 283,174 288,174 292,176 288,177 283,178 312,176 316,173 321,174 325,176 321,177 317,177 291,211 295,207 300,206 304,207 308,206 312,208 317,212 313,216 308,218 304,218 300,218 295,216 293,211 300,209 304,210 308,210 314,212 308,212 304,212 300,212
A1qyJ4uNzEc/00000036.jpg	0	245	179	320	254	248,197 249,207 250,217 252,226 255,235 260,243 267,249 275,254 284,256 293,255 302,251 310,245 315,237 318,227 320,217 321,207 321,196 253,193 258,189 264,189 271,190 277,193 287,192 293,190 300,188 307,188 312,192 282,197 283,203 283,210 283,216 275,219 279,221 283,222 288,221 291,219 261,198 264,196 269,196 273,198 269,199 264,199 292,198 296,195 300,195 304,197 301,199 296,199 270,231 275,229 280,228 284,229 287,228 292,229 297,231 292,234 288,236 283,236 279,236 275,234 273,231 279,231 283,231 287,231 294,231 287,231 283,232 279,231
A1qyJ4uNzEc/00000095.jpg	0	255	146	344	236	263,175 264,185 266,195 268,205 272,214 278,222 286,227 295,231 305,232 315,231 323,226 331,221 336,213 339,203 340,193 341,183 341,173 271,168 275,163 282,162 289,163 295,165 307,165 313,162 320,161 326,162 331,166 301,171 302,176 302,182 303,188 295,193 299,194 303,195 307,194 310,193 278,173 282,172 286,171 291,172 287,174 282,174 312,172 316,171 320,171 324,172 320,173 316,173 290,207 294,203 299,202 303,202 307,202 312,203 316,207 312,210 308,212 303,212 299,212 295,210 293,207 299,205 303,205 307,205 314,206 307,207 303,207 299,207
A1qyJ4uNzEc/00000080.jpg	0	262	155	337	229	263,179 264,189 265,199 267,209 271,219 276,227 285,233 295,237 305,239 314,237 323,233 330,226 335,217 337,207 339,197 340,187 340,177 270,172 275,168 282,168 288,169 295,171 307,171 313,168 320,167 326,167 331,171 302,176 302,182 303,189 303,195 295,199 299,200 303,202 307,200 310,199 278,177 282,174 287,174 292,177 287,178 282,179 311,177 315,173 320,173 325,176 321,178 316,178 291,213 295,209 300,208 303,209 307,208 312,210 316,213 312,218 307,219 303,220 299,219 295,217 293,213 299,211 303,212 307,212 314,213 307,214 303,214 299,213
A1qyJ4uNzEc/00000026.jpg	0	245	171	320	246	243,196 244,205 246,215 247,224 250,233 255,241 263,246 271,250 280,252 290,251 298,247 306,241 311,233 313,224 315,214 316,204 317,194 250,190 255,187 261,186 267,188 272,190 284,189 290,187 296,186 302,186 307,189 278,194 279,200 279,206 279,212 272,216 275,217 279,219 283,217 287,216 257,196 261,194 265,194 269,196 265,197 261,197 288,195 292,193 296,193 300,195 296,197 292,196 267,228 271,225 275,224 279,225 283,224 288,225 293,228 288,233 283,234 279,235 275,234 271,232 269,228 275,227 279,227 283,227 290,228 283,229 279,229 275,229
A1qyJ4uNzEc/00000157.jpg	0	265	146	354	236	262,173 264,184 266,195 268,206 272,217 278,226 287,232 297,238 308,240 319,238 328,233 336,226 341,216 344,205 345,194 347,182 347,171 270,166 275,160 282,158 290,159 297,161 311,161 319,159 326,158 333,159 338,165 305,169 306,176 306,183 307,190 298,195 302,196 307,198 312,196 316,194 279,172 284,170 289,170 294,172 289,174 284,174 316,172 321,170 326,170 330,172 326,174 321,173 292,210 297,206 303,205 307,206 311,205 317,206 322,210 317,215 312,217 308,218 303,217 298,215 295,210 303,208 307,208 311,208 319,210 312,212 308,212 303,211
A1qyJ4uNzEc/00000116.jpg	0	265	156	354	245	266,181 268,192 270,203 272,214 276,225 281,233 290,240 300,245 310,246 320,245 328,239 336,231 340,222 343,212 345,200 346,189 346,178 273,173 277,169 284,168 290,169 296,172 315,171 321,168 327,166 333,166 338,170 307,181 307,189 308,197 308,205 300,208 304,209 309,211 313,209 316,207 281,182 285,179 291,179 296,183 290,185 285,185 317,182 321,178 326,177 331,180 327,183 322,183 294,221 300,218 304,217 308,218 312,218 317,218 322,220 317,225 313,227 309,227 304,227 299,225 296,221 304,220 308,220 312,220 320,221 312,221 308,221 304,221
A1qyJ4uNzEc/00000124.jpg	0	265	156	354	245	266,178 268,189 270,200 272,212 276,222 282,232 290,238 300,243 311,245 321,243 330,237 337,229 342,220 345,209 346,198 348,187 347,176 273,171 277,165 283,164 290,165 297,167 316,166 322,164 328,162 335,163 339,169 308,178 308,186 309,193 310,201 301,204 305,206 309,208 314,206 317,204 281,179 286,176 291,176 296,181 291,183 285,182 317,180 322,175 327,175 332,179 328,182 322,182 295,218 300,215 305,214 309,214 313,213 318,215 323,217 319,223 314,225 310,226 305,225 300,223 297,218 305,217 309,217 313,217 320,218 313,220 309,220 305,220
A1qyJ4uNzEc/00000138.jpg	0	270	155	345	229	265,177 266,188 267,199 270,209 273,219 279,228 288,234 298,238 309,240 320,239 329,234 336,227 341,218 343,208 345,197 346,186 346,175 272,169 276,164 283,162 290,163 297,166 313,166 319,163 326,162 333,163 338,168 306,176 306,183 307,190 308,198 299,202 303,203 308,205 312,203 316,201 280,178 284,176 290,176 295,178 289,180 284,180 316,178 321,175 326,175 330,177 326,179 321,179 293,215 299,213 304,212 307,213 311,212 316,212 322,214 317,217 312,218 308,219 304,218 299,218 295,215 304,214 308,215 311,214 320,214 312,214 308,214 304,214
A1qyJ4uNzEc/00000112.jpg	0	270	163	345	237	266,183 267,194 269,205 271,216 275,225 281,234 289,240 299,245 309,247 319,245 327,239 335,233 340,224 343,214 345,203 346,192 346,182 273,180 279,177 286,177 293,179 299,181 311,181 317,178 324,176 331,176 336,179 306,186 306,193 306,200 307,207 298,210 302,211 307,213 312,211 315,209 282,185 286,184 291,184 295,186 290,187 285,187 316,186 320,183 324,183 329,184 325,186 320,187 292,221 297,219 302,218 307,219 311,218 316,219 322,221 317,226 312,228 307,229 302,228 297,226 294,221 302,221 307,222 311,221 319,221 312,223 307,223 302,223
A1qyJ4uNzEc/00000070.jpg	0	262	163	337	237	261,187 263,197 265,207 267,217 270,226 276,234 285,239 294,243 304,244 314,243 322,238 329,233 333,225 336,215 337,206 338,196 338,186 270,181 275,177 282,176 288,178 295,180 307,180 313,177 319,176 326,176 330,180 302,185 302,191 302,198 303,204 294,207 298,209 303,210 307,209 310,207 278,187 282,185 286,184 291,186 287,188 282,188 311,186 314,184 319,184 323,185 319,187 315,187 289,220 294,217 299,216 302,217 306,216 311,217 315,220 311,223 307,225 303,225 299,225 294,223 291,220 299,218 302,219 306,219 313,220 306,220 302,221 299,220
A1qyJ4uNzEc/00000156.jpg	0	265	146	354	236	262,173 264,185 266,196 269,207 273,218 278,227 288,233 298,238 309,240 319,238 329,233 336,226 341,216 343,204 345,193 346,182 347,171 270,165 275,160 282,158 290,159 297,162 312,161 319,159 326,158 333,159 338,164 305,169 306,176 306,183 307,190 298,195 302,196 307,198 312,196 315,194 280,172 284,169 289,169 294,172 289,174 284,174 316,171 320,168 326,168 330,171 326,173 321,173 292,210 297,207 303,205 307,206 311,205 316,206 322,210 317,215 312,217 308,218 303,217 298,215 295,210 303,208 307,208 311,208 319,210 312,212 307,212 303,212
A1qyJ4uNzEc/00000025.jpg	0	245	171	320	246	243,195 244,205 245,214 247,224 250,232 255,240 263,245 272,249 281,250 290,249 299,245 306,239 311,231 314,222 315,212 316,202 316,193 250,189 254,185 261,185 267,186 273,188 284,188 290,185 296,184 302,184 307,188 279,193 279,199 279,204 280,210 272,214 276,216 280,217 284,216 287,214 257,195 261,193 265,193 269,194 265,196 261,196 288,194 292,192 296,192 300,194 296,195 292,195 267,227 271,223 275,222 279,223 283,222 288,224 292,227 288,231 284,233 279,233 275,233 270,231 269,227 275,225 279,226 283,225 290,227 283,227 279,228 275,227
A1qyJ4uNzEc/00000030.jpg	0	245	179	320	254	245,197 246,207 247,217 249,227 252,236 256,244 264,250 272,256 281,258 291,257 299,252 306,246 311,238 314,228 315,219 317,208 317,198 251,194 256,190 262,189 268,191 274,193 285,193 291,190 297,189 303,189 308,193 280,198 280,204 280,210 280,217 273,220 276,221 281,223 285,221 288,220 259,199 262,197 266,196 270,199 266,200 262,200 290,198 293,196 298,196 302,198 298,199 294,199 268,232 272,229 276,228 281,228 284,228 290,229 294,232 290,238 285,241 281,241 277,241 272,238 270,233 277,231 281,231 284,231 292,232 285,235 281,235 277,234
A1qyJ4uNzEc/00000072.jpg	0	262	163	337	237	261,187 263,197 265,206 267,216 270,225 276,233 284,238 293,242 303,243 313,242 321,238 329,232 333,224 336,214 337,204 338,194 338,184 270,180 275,176 282,175 289,176 295,178 307,178 313,176 319,174 325,175 330,179 302,183 302,189 303,196 303,202 294,206 299,207 303,208 307,207 310,205 278,185 282,183 287,183 291,185 287,186 282,187 311,184 315,182 319,182 323,184 320,186 315,186 289,218 294,215 298,214 302,215 306,214 311,216 316,218 311,221 307,222 303,223 298,222 294,221 291,218 298,217 302,217 306,217 313,218 306,217 302,218 298,217
A1qyJ4uNzEc/00000134.jpg	0	265	156	354	245	265,176 266,188 269,199 271,210 275,220 280,229 289,236 299,241 309,243 319,241 329,235 336,228 341,218 344,207 346,196 347,184 347,173 271,168 275,162 282,161 289,162 295,165 314,164 320,161 327,160 334,162 338,167 306,176 306,183 307,191 308,198 299,202 303,203 308,205 312,203 316,201 280,178 284,176 289,176 294,178 289,180 284,180 317,178 321,175 326,175 331,177 327,179 322,179 293,216 298,212 303,211 307,212 311,211 316,212 322,215 317,221 313,223 308,224 303,223 298,221 296,215 303,214 308,214 312,214 319,215 312,218 308,218 303,218
A1qyJ4uNzEc/00000093.jpg	0	255	146	344	236	262,174 264,185 266,195 268,205 271,214 277,222 286,227 295,231 305,233 316,231 324,227 332,221 337,212 339,202 340,192 341,182 341,172 270,168 274,163 281,162 288,163 295,165 307,164 313,162 320,161 327,162 332,166 302,170 302,176 303,182 303,188 295,193 299,194 303,195 307,194 311,192 278,173 282,172 286,171 291,172 287,174 282,174 312,172 316,170 320,171 324,172 320,173 316,173 291,207 295,203 299,202 303,203 307,202 312,203 316,207 313,210 308,212 304,212 299,212 295,210 293,207 299,205 303,205 307,205 314,206 307,207 303,208 299,207
A1qyJ4uNzEc/00000018.jpg	0	237	171	312	246	241,194 242,204 243,213 245,222 249,231 255,238 263,243 272,247 281,248 290,246 298,242 305,236 309,228 312,218 312,209 313,200 313,191 249,187 254,183 260,182 266,183 272,185 282,184 287,181 293,180 299,181 304,184 278,189 278,194 279,200 280,205 272,210 276,212 280,212 283,211 287,210 256,192 260,190 264,190 268,191 264,192 260,192 286,190 290,188 294,188 298,190 294,191 290,191 266,224 271,220 276,219 279,219 283,218 288,220 293,223 288,226 284,228 280,228 276,228 271,227 269,223 276,222 280,222 283,222 290,223 283,224 280,224 276,224
A1qyJ4uNzEc/00000101.jpg	0	262	163	337	237	263,179 264,189 266,199 269,210 272,220 277,229 285,235 295,240 305,242 315,240 324,235 332,228 337,219 340,209 341,199 342,188 342,177 270,176 275,173 282,173 289,174 295,176 307,176 313,173 320,171 326,171 332,174 302,181 302,188 303,195 303,202 295,205 299,206 303,208 308,206 311,204 278,182 282,180 287,180 291,182 287,183 282,183 312,181 316,179 320,179 325,180 321,182 317,182 290,217 294,215 299,213 303,214 307,213 312,215 317,217 313,221 308,224 303,224 299,224 294,222 292,217 299,216 303,217 307,216 315,217 307,218 303,218 299,218
A1qyJ4uNzEc/00000071.jpg	0	262	163	337	237	262,187 263,197 264,207 267,217 270,226 276,234 285,238 294,242 304,243 314,242 322,237 329,232 334,224 336,214 338,204 339,194 339,185 269,180 275,176 282,176 288,177 295,179 307,179 313,177 319,175 326,176 331,179 302,184 302,190 303,196 303,203 294,207 298,208 303,209 307,208 311,206 278,186 282,184 286,184 291,186 287,187 282,187 311,185 315,183 319,183 323,185 320,187 315,186 288,219 293,216 298,215 302,216 306,215 311,216 316,218 311,220 307,222 303,222 299,222 293,221 290,219 298,218 302,218 306,217 314,218 307,217 302,218 298,218
A1qyJ4uNzEc/00000131.jpg	0	265	156	354	245	266,177 268,189 270,200 272,211 275,222 281,232 289,240 298,246 308,249 318,247 328,240 335,232 340,222 343,211 345,199 346,188 347,176 273,169 277,163 283,162 290,164 296,166 314,165 321,162 327,161 334,163 338,168 306,177 307,184 307,192 308,200 299,203 303,205 308,206 312,205 316,202 281,179 285,177 290,177 295,179 290,181 285,181 317,179 322,177 327,177 331,178 327,181 322,181 294,218 298,214 303,212 307,213 312,212 317,213 323,217 319,226 314,229 308,230 303,229 298,226 297,218 303,215 308,216 312,215 320,218 313,223 308,224 303,223
A1qyJ4uNzEc/00000038.jpg	0	245	179	320	254	249,198 250,207 251,217 253,226 256,235 260,243 267,250 276,255 285,256 295,255 304,251 311,245 316,237 319,227 320,217 322,207 322,197 254,193 259,189 266,189 272,190 278,193 289,192 295,190 301,188 308,188 313,192 284,197 284,203 284,210 285,216 277,219 281,221 285,222 289,221 292,219 262,198 266,196 270,196 274,198 270,199 266,199 294,198 297,195 302,195 306,197 302,199 298,199 272,232 276,229 281,228 285,229 289,229 293,230 298,232 293,236 289,237 284,237 280,237 276,235 274,231 281,231 285,231 289,231 296,232 288,232 284,232 281,232
A1qyJ4uNzEc/00000146.jpg	0	270	155	345	229	264,177 265,188 267,199 270,210 273,220 279,229 288,236 298,240 309,242 320,240 330,235 337,228 342,218 344,208 346,196 347,185 347,174 270,171 275,165 282,163 290,164 297,167 312,166 319,163 326,162 333,163 338,168 306,176 306,183 307,191 308,198 298,202 303,204 308,205 312,203 316,201 280,177 284,174 289,174 294,178 289,180 284,180 316,177 320,173 326,172 330,175 327,178 321,178 292,215 298,213 303,212 307,212 311,211 316,212 323,214 317,218 312,219 308,219 304,219 299,218 295,215 303,214 307,214 311,214 320,214 312,215 308,215 303,215
A1qyJ4uNzEc/00000085.jpg	0	262	155	337	229	263,177 264,187 266,197 268,207 271,216 277,224 285,230 294,234 305,235 315,233 324,230 332,224 336,216 338,206 339,196 340,186 341,176 271,171 276,166 283,165 290,166 296,168 308,167 314,165 321,164 328,165 332,169 303,173 303,179 304,184 304,191 296,195 300,197 304,198 308,197 312,195 279,176 283,174 288,174 292,175 288,177 284,177 313,175 317,173 321,174 325,175 321,176 317,176 291,210 296,207 301,206 304,206 307,206 312,207 317,210 313,211 308,212 304,212 301,212 297,211 293,209 301,208 304,208 308,208 315,209 308,208 304,209 301,208
A1qyJ4uNzEc/00000151.jpg	0	265	156	354	245	263,177 265,188 267,199 269,211 273,221 279,231 287,237 298,243 309,245 319,243 328,237 336,230 341,219 344,208 345,197 346,185 347,173 270,170 275,164 282,163 290,164 297,167 312,166 319,164 326,163 333,164 338,169 305,175 306,183 307,190 307,198 298,201 303,203 307,204 312,203 316,201 279,177 284,175 289,175 293,177 288,179 283,179 317,177 321,174 326,174 330,176 326,178 321,178 292,216 297,213 302,211 307,212 311,211 317,212 323,215 318,222 313,224 308,225 303,225 297,222 295,216 302,214 307,214 312,214 320,215 312,219 308,219 303,219
A1qyJ4uNzEc/00000079.jpg	0	262	155	337	229	262,180 263,191 265,201 267,211 270,220 276,228 285,234 294,238 304,240 314,238 323,233 330,227 335,218 337,208 339,198 340,188 340,178 271,173 275,169 282,169 289,170 295,172 307,171 314,169 320,168 327,169 331,173 302,177 302,183 303,189 303,195 295,199 299,201 303,202 307,201 311,199 279,179 282,178 287,178 291,179 287,180 283,181 312,179 316,177 320,177 324,178 320,180 316,180 290,213 294,210 299,208 302,209 306,209 311,210 316,214 312,218 307,220 303,220 299,220 294,217 292,213 299,211 303,212 306,212 313,213 307,214 303,214 299,214
A1qyJ4uNzEc/00000040.jpg	0	245	179	320	254	249,198 250,207 252,217 254,226 257,235 261,244 268,250 277,255 286,257 295,256 304,251 311,245 316,237 319,228 321,218 323,207 323,197 255,193 260,189 266,189 273,190 279,192 290,192 296,189 302,188 309,188 314,191 285,197 285,203 285,210 286,216 278,219 282,221 286,222 290,221 293,219 263,198 267,196 271,196 275,198 271,199 266,199 295,198 298,195 303,196 307,197 303,199 299,199 273,231 277,229 282,228 286,229 290,228 295,229 299,232 295,236 290,239 286,239 281,238 277,236 275,231 282,231 286,232 290,231 296,232 290,232 286,233 281,232
A1qyJ4uNzEc/00000126.jpg	0	265	146	354	236	266,176 268,187 270,198 272,209 276,219 281,229 289,235 299,241 310,243 320,241 329,235 337,228 341,219 345,208 346,197 347,186 347,175 274,166 278,161 284,161 291,162 297,164 316,163 322,161 328,159 335,161 339,166 308,175 308,183 309,191 310,198 300,201 305,203 309,205 314,203 317,201 282,177 286,174 291,174 296,178 291,180 285,180 318,178 322,174 328,174 332,177 328,180 323,180 295,215 300,212 305,211 309,212 313,211 318,212 323,214 319,220 314,223 310,223 305,223 300,220 297,215 305,214 309,214 313,214 321,215 314,217 309,217 305,217
A1qyJ4uNzEc/00000034.jpg	0	245	179	320	254	246,196 247,206 249,216 250,225 253,235 258,243 265,249 273,254 282,256 292,255 300,251 308,245 313,237 316,228 318,218 319,207 320,196 252,193 257,189 263,189 269,190 275,192 286,192 293,189 299,188 306,188 311,191 281,197 282,203 282,210 282,216 274,219 278,221 282,222 286,221 290,219 260,198 264,196 268,196 272,198 268,199 263,199 292,198 295,195 300,195 304,197 300,199 296,199 269,231 273,229 278,228 282,228 286,228 291,229 296,231 292,235 287,238 282,238 278,238 273,235 272,231 278,230 282,231 286,230 294,231 286,232 282,233 278,232
A1qyJ4uNzEc/00000081.jpg	0	262	155	337	229	263,179 264,189 266,199 268,209 271,218 277,227 285,233 294,237 304,238 314,237 323,233 330,227 334,218 337,209 338,198 340,188 340,178 271,173 276,168 283,168 289,169 296,171 308,170 314,168 321,167 327,168 332,172 303,176 303,182 303,188 303,194 295,198 299,200 304,201 308,200 311,198 279,178 283,176 288,175 292,177 288,178 283,179 312,177 316,175 321,175 325,177 321,178 317,178 291,212 295,208 299,207 303,208 307,207 312,210 317,214 312,218 307,219 303,219 299,218 295,216 293,212 299,210 303,211 307,211 314,213 307,213 303,213 299,212
A1qyJ4uNzEc/00000141.jpg	0	265	156	354	245	264,177 266,188 267,199 270,210 273,221 279,230 287,237 298,243 309,245 320,243 329,237 336,229 340,219 344,208 345,197 346,185 346,174 271,170 276,165 283,163 290,165 296,167 312,166 319,164 326,162 333,164 338,169 306,177 306,184 307,192 308,199 299,203 303,205 308,206 312,205 315,203 280,178 284,176 289,176 294,179 289,181 284,181 317,179 321,176 326,176 330,177 326,180 321,180 294,217 299,215 303,214 307,215 311,214 315,215 321,217 317,222 312,223 308,224 304,223 299,222 296,218 303,217 307,217 311,217 318,217 311,218 308,218 304,218
A1qyJ4uNzEc/00000063.jpg	0	262	171	337	246	261,190 262,200 264,210 266,221 269,230 274,238 283,244 292,249 302,250 312,248 320,244 327,237 331,229 334,219 335,209 336,199 336,189 269,185 274,181 280,180 287,182 293,184 305,184 311,181 318,180 324,181 329,184 300,189 301,195 301,202 302,208 293,212 297,213 301,214 305,213 309,211 277,190 281,188 285,188 289,190 285,191 281,192 310,190 313,188 318,188 322,190 318,191 314,191 287,225 292,222 297,221 301,221 305,221 310,222 314,225 310,229 306,231 301,232 297,231 292,229 290,225 297,223 301,224 305,223 312,225 305,226 301,226 297,226
A1qyJ4uNzEc/00000055.jpg	0	262	171	337	246	258,193 259,204 260,214 262,225 266,234 271,243 279,249 288,254 298,256 308,254 316,249 323,242 328,233 330,223 331,213 333,203 333,193 266,188 271,184 277,184 284,185 290,188 302,187 307,185 314,183 320,184 325,187 296,192 297,198 297,205 297,211 289,215 293,216 297,218 301,216 304,215 274,194 277,191 282,191 286,193 282,195 277,195 306,193 309,191 314,191 318,193 314,194 310,194 284,229 288,225 293,224 297,224 300,224 305,225 310,229 306,235 301,238 297,239 293,238 288,235 286,229 293,227 297,227 300,227 307,229 301,232 297,232 293,231
A1qyJ4uNzEc/00000150.jpg	0	265	156	354	245	263,175 265,187 267,199 269,211 273,221 279,231 287,238 298,244 309,246 319,244 329,238 336,230 341,220 344,209 345,197 346,185 346,173 270,170 275,164 282,163 290,165 297,167 312,166 318,164 326,163 333,164 338,169 305,175 306,183 307,190 307,198 298,201 302,203 308,205 312,203 316,201 279,177 283,174 288,174 293,177 288,179 283,179 316,177 321,174 326,173 330,176 326,178 321,178 292,216 297,213 303,211 307,212 311,211 317,212 322,215 318,222 313,225 308,226 303,225 297,222 295,216 303,214 307,215 312,214 319,215 312,219 308,220 303,219
A1qyJ4uNzEc/00000139.jpg	0	265	156	354	245	265,177 266,189 268,200 270,211 274,221 279,230 288,236 298,242 309,244 320,242 329,237 336,230 340,220 343,209 345,198 346,186 346,175 272,169 276,164 283,162 290,163 296,166 313,165 319,163 326,162 333,163 338,168 306,176 306,184 307,191 308,199 299,202 303,204 308,206 312,204 316,202 281,178 285,176 290,176 294,178 290,180 285,180 317,178 321,176 326,176 330,177 326,180 321,180 294,217 299,214 303,213 307,214 311,213 316,214 322,216 317,221 312,223 308,223 304,223 299,221 296,217 303,216 307,216 311,216 319,216 312,217 308,218 304,217
A1qyJ4uNzEc/00000107.jpg	0	270	163	345	237	264,183 266,194 268,204 270,215 274,224 279,233 288,240 297,245 307,248 317,246 326,240 334,233 339,224 342,213 343,203 344,192 344,181 271,180 277,177 284,177 291,179 297,181 310,180 316,178 322,176 329,175 335,178 304,186 304,193 305,200 305,207 297,209 301,211 306,213 310,211 313,209 280,186 284,183 289,184 293,186 289,188 284,188 314,186 318,183 323,182 327,184 324,186 319,187 291,222 296,219 301,218 305,219 309,218 314,219 320,221 315,227 310,230 306,230 301,230 296,227 294,222 301,221 305,222 309,221 317,221 310,224 306,224 301,223
A1qyJ4uNzEc/00000043.jpg	0	254	179	328	254	251,197 252,207 254,217 256,226 259,235 263,243 271,249 279,254 288,256 298,255 306,251 314,245 319,237 322,228 324,217 325,207 325,196 257,192 261,188 268,188 274,189 281,191 292,191 298,188 305,187 311,187 317,191 287,196 287,202 287,209 288,215 280,219 284,220 288,221 292,220 296,218 265,197 269,195 273,195 277,197 273,198 268,198 297,197 300,194 305,194 309,196 305,198 301,198 275,231 279,228 284,227 288,228 292,227 296,228 301,231 297,236 292,238 288,238 283,238 279,235 277,231 284,230 288,230 292,230 298,231 292,232 288,233 284,232
A1qyJ4uNzEc/00000050.jpg	0	254	171	328	246	255,195 256,205 258,215 260,225 263,234 268,242 276,248 284,252 294,253 304,252 312,248 320,243 324,234 327,224 329,215 330,204 330,194 262,190 267,186 274,186 280,187 287,189 298,189 304,186 310,185 317,186 322,189 293,194 293,200 293,206 294,213 286,216 289,218 294,219 298,218 301,216 270,195 274,193 279,193 283,195 279,196 274,197 302,195 306,192 310,192 314,194 311,196 306,196 280,229 285,226 289,225 293,225 297,225 302,226 306,229 302,231 297,232 293,232 289,232 285,231 283,228 289,227 293,227 297,227 304,228 297,228 293,228 289,228
A1qyJ4uNzEc/00000115.jpg	0	265	156	354	245	266,181 267,192 270,203 272,215 276,225 282,233 290,239 300,244 310,246 320,244 328,239 335,232 340,223 343,212 345,201 346,190 345,178 273,175 278,171 285,171 292,173 298,176 314,175 320,171 326,169 332,169 337,173 307,183 307,190 308,198 309,206 300,208 304,210 309,212 313,210 316,208 282,183 286,180 291,180 296,184 291,186 286,185 316,183 320,179 325,178 330,181 326,184 321,184 294,221 299,218 304,218 308,219 312,218 317,219 322,221 317,225 313,227 309,227 304,227 299,225 297,221 304,220 308,221 312,220 319,221 312,222 308,222 304,221
A1qyJ4uNzEc/00000019.jpg	0	237	171	312	246	240,194 242,203 243,212 245,221 248,230 254,237 262,242 271,246 281,247 290,245 298,241 305,235 310,227 312,218 312,209 313,200 313,191 248,186 253,182 260,182 266,182 272,184 282,184 288,182 294,181 300,181 305,185 278,189 278,194 279,199 279,205 271,210 275,211 279,212 283,211 286,210 256,191 260,190 264,189 268,191 264,192 260,192 287,190 291,189 295,189 298,190 295,191 291,191 267,223 271,220 276,218 279,219 283,218 288,220 292,222 288,225 284,227 280,227 276,227 271,226 269,222 276,221 279,221 283,221 290,222 283,223 280,223 276,223
A1qyJ4uNzEc/00000032.jpg	0	245	179	320	254	246,196 247,206 248,216 250,225 253,235 258,243 265,249 273,254 282,256 291,254 300,250 307,244 312,236 315,226 317,216 318,206 319,196 251,193 256,189 262,189 269,191 274,193 285,192 292,190 298,189 304,189 310,192 280,198 281,204 281,210 281,216 273,219 277,221 281,222 285,221 289,219 259,198 263,196 267,196 271,198 267,199 263,199 290,198 294,196 298,196 302,197 298,199 294,199 269,231 272,229 277,227 281,228 286,228 290,229 295,231 291,235 286,237 281,238 277,237 272,235 271,231 277,230 281,231 286,230 293,231 286,232 281,233 277,232
A1qyJ4uNzEc/00000152.jpg	0	265	146	354	236	263,175 264,187 266,198 269,209 272,220 278,229 287,236 297,242 308,244 319,242 328,236 336,229 341,219 343,208 345,197 346,185 346,173 270,169 275,163 282,162 290,163 297,166 312,166 319,163 326,162 333,163 338,168 305,174 306,182 306,189 307,197 298,200 302,202 307,204 312,202 316,200 279,176 284,173 289,173 293,176 289,178 283,178 316,176 320,173 326,172 330,175 326,177 321,177 291,215 297,212 302,210 307,211 311,210 317,212 322,214 318,221 312,223 308,224 303,223 297,221 294,215 302,214 307,214 311,214 319,215 312,217 307,218 303,217
A1qyJ4uNzEc/00000044.jpg	0	254	179	328	254	251,196 253,206 254,216 256,226 259,235 264,243 272,249 280,254 290,256 299,254 308,250 315,244 320,235 322,226 324,216 325,206 326,195 258,191 262,188 269,187 275,189 281,191 293,190 299,188 305,187 312,187 317,191 288,196 288,202 288,209 289,215 281,218 285,220 289,221 293,220 297,218 265,197 269,195 274,194 278,197 273,198 269,198 298,197 301,194 306,194 310,196 306,198 302,198 276,231 280,228 284,227 289,228 293,227 298,228 302,231 298,235 293,237 289,237 284,237 280,235 278,230 284,230 289,230 293,230 300,231 293,231 289,232 284,231
A1qyJ4uNzEc/00000035.jpg	0	245	179	320	254	247,197 248,207 249,216 251,226 254,235 259,243 266,249 274,254 283,256 292,255 301,250 309,245 314,237 317,228 319,218 320,208 320,197 252,193 257,189 264,189 270,190 276,192 287,192 293,190 300,188 307,188 312,192 282,197 282,203 282,210 283,216 275,219 278,221 283,222 287,220 291,219 260,198 264,196 268,196 272,198 268,199 264,199 292,198 296,195 300,195 304,197 300,199 296,199 270,231 274,229 278,228 282,228 287,228 292,229 296,231 292,235 287,237 283,238 278,237 274,235 272,231 278,230 282,231 287,230 294,231 287,232 283,233 278,232
A1qyJ4uNzEc/00000121.jpg	0	265	156	354	245	267,179 268,190 270,200 273,211 276,222 281,231 290,238 300,242 311,244 321,243 330,237 337,230 342,221 345,210 347,199 348,187 348,176 273,171 277,165 283,164 290,166 297,168 316,167 322,164 329,163 335,164 339,169 308,179 308,186 309,194 310,202 301,205 305,207 310,208 314,207 318,205 282,180 286,176 292,177 297,181 292,183 286,183 317,181 322,176 327,176 332,179 328,182 322,182 295,218 301,215 306,215 309,215 313,214 318,215 324,217 319,222 314,223 310,224 306,224 301,222 297,218 306,217 309,217 313,217 321,217 313,220 310,221 306,220
A1qyJ4uNzEc/00000037.jpg	0	245	179	320	254	248,196 249,206 250,216 252,225 255,235 260,243 267,249 275,254 285,255 294,254 303,250 310,245 315,236 318,227 319,217 321,207 321,196 253,193 258,189 265,189 271,190 277,193 288,192 294,190 301,188 307,188 313,192 283,197 283,203 284,210 284,216 276,219 280,221 284,222 288,221 292,219 261,198 265,196 270,196 274,198 270,199 265,200 293,198 296,195 301,195 305,197 301,199 297,199 271,231 275,229 280,228 284,229 287,228 292,229 297,231 293,234 288,236 284,236 280,236 275,234 273,231 280,231 284,231 288,231 295,231 288,231 284,231 280,231
A1qyJ4uNzEc/00000065.jpg	0	262	171	337	246	261,188 262,199 264,209 266,219 270,229 275,237 284,243 293,247 303,249 312,247 321,242 328,236 332,227 334,217 336,207 337,197 337,187 270,183 275,179 281,179 288,180 294,183 306,182 312,180 318,179 324,179 329,183 301,188 301,194 302,200 302,206 294,210 298,211 302,213 306,211 309,210 278,189 281,187 286,187 290,189 286,190 281,190 310,189 314,186 318,187 322,188 319,190 314,190 288,223 293,220 298,219 302,219 306,219 311,220 315,223 311,228 306,230 302,231 298,230 293,228 291,223 298,222 302,222 306,222 313,223 306,225 302,226 298,225
A1qyJ4uNzEc/00000078.jpg	0	262	155	337	229	262,181 263,192 265,201 267,211 271,221 276,229 285,234 294,239 304,241 314,239 323,234 330,228 334,219 337,209 338,199 339,189 339,179 270,175 275,170 282,170 288,171 295,173 307,172 314,170 320,169 326,169 331,174 302,178 302,184 303,190 303,196 294,200 299,201 303,203 307,202 311,200 279,181 282,179 287,178 291,180 287,181 283,182 312,179 315,177 320,177 324,179 320,181 316,181 289,214 294,210 299,209 303,210 307,210 312,211 316,214 312,219 308,220 303,221 299,220 294,218 292,214 299,212 303,212 307,212 314,214 307,215 303,215 299,215
A1qyJ4uNzEc/00000084.jpg	0	262	155	337	229	262,178 264,188 266,198 268,208 271,217 277,225 285,231 294,235 305,237 315,235 324,231 331,225 335,216 337,206 339,196 340,186 340,176 270,172 275,167 282,165 289,167 296,169 307,168 314,166 321,165 328,166 332,170 303,174 303,180 304,186 304,192 296,196 300,198 304,199 308,197 312,196 279,177 283,175 287,175 292,176 288,178 283,178 313,176 317,174 321,174 325,176 321,177 317,177 292,211 296,207 300,206 304,207 308,206 312,208 317,211 313,215 309,217 304,217 300,216 296,215 294,211 300,209 304,209 308,209 314,211 308,211 304,212 300,211
A1qyJ4uNzEc/00000089.jpg	0	255	146	344	236	263,175 264,186 266,196 268,206 272,215 278,223 286,228 295,233 305,234 315,232 324,228 332,222 336,213 339,203 340,193 341,183 341,172 271,168 276,163 283,162 290,163 296,166 307,165 314,163 321,161 327,162 332,167 303,171 303,177 304,182 304,189 296,193 300,194 304,195 308,194 312,193 279,174 283,172 287,172 292,173 288,174 283,175 313,173 317,171 321,171 325,173 321,174 317,174 291,208 296,204 300,202 304,203 308,202 313,204 317,208 313,212 309,213 304,214 300,214 296,212 294,208 300,205 304,206 308,205 315,207 308,208 304,209 300,208
A1qyJ4uNzEc/00000129.jpg	0	265	146	354	236	265,175 267,186 268,197 270,208 274,219 280,229 288,237 299,243 309,246 320,244 328,237 335,229 340,218 343,208 344,197 346,185 346,174 273,167 276,161 283,159 290,160 297,162 314,162 321,159 328,158 334,160 338,167 307,173 307,181 308,188 308,196 300,199 304,201 309,203 313,201 316,199 281,175 285,172 291,173 296,176 291,178 285,178 316,176 321,172 326,172 330,175 327,178 321,178 294,215 299,210 304,209 308,210 313,209 318,210 323,215 319,223 314,226 309,227 304,226 299,223 297,215 304,212 309,213 313,212 320,215 313,220 309,220 304,219
A1qyJ4uNzEc/00000135.jpg	0	265	146	354	236	265,177 266,187 268,198 271,209 275,219 280,228 289,234 299,240 310,242 320,240 330,234 337,227 342,218 344,207 346,196 347,185 347,174 272,167 276,162 282,161 289,162 296,164 314,164 320,161 327,160 333,161 338,167 306,175 306,182 307,190 308,197 299,201 303,202 308,204 312,203 316,201 280,176 284,173 290,173 295,177 290,179 284,179 316,177 320,172 326,172 331,175 327,178 321,178 293,215 298,211 304,210 308,211 311,210 317,211 322,214 317,219 312,221 308,222 304,221 298,219 296,215 304,213 308,213 312,213 320,214 312,216 308,216 304,216
A1qyJ4uNzEc/00000162.jpg	0	265	146	354	236	262,172 264,183 265,194 268,205 271,215 277,225 286,231 297,236 308,238 318,236 328,231 336,224 341,215 344,204 345,193 346,181 346,170 270,164 275,159 282,158 289,158 296,160 311,160 318,158 325,157 332,159 337,164 305,168 305,175 306,182 306,190 298,194 302,196 306,197 311,195 314,193 278,170 282,167 288,167 293,170 288,172 282,172 315,170 319,166 325,166 329,170 325,172 319,172 292,209 297,205 302,204 306,205 310,204 316,205 321,208 316,214 311,216 307,216 303,216 297,214 295,209 302,207 306,207 310,207 318,208 311,210 307,210 303,210
A1qyJ4uNzEc/00000042.jpg	0	245	179	320	254	250,196 251,206 253,216 255,226 258,235 263,244 270,250 279,255 288,256 297,255 306,250 313,244 318,236 321,226 323,216 324,206 325,195 257,192 261,188 268,188 274,189 280,192 291,191 297,189 303,188 310,188 315,191 286,197 286,203 287,209 287,216 279,219 283,220 287,221 291,220 294,219 264,197 268,196 272,195 276,197 272,199 268,199 296,197 300,195 304,195 308,197 304,198 300,198 275,231 279,228 283,228 287,228 291,228 296,229 300,231 297,236 292,238 287,239 283,238 279,236 277,231 283,230 287,231 291,230 298,231 292,232 287,233 283,232
A1qyJ4uNzEc/00000103.jpg	0	262	163	337	237	264,181 265,192 268,202 270,213 273,222 279,231 286,237 296,243 306,244 316,243 325,237 333,230 338,221 341,211 342,201 343,190 343,179 270,179 276,175 283,175 290,177 297,179 308,179 314,176 321,174 328,174 333,177 303,184 303,191 304,198 304,205 296,208 300,209 304,211 309,209 312,207 279,184 283,182 288,182 292,185 288,186 283,186 313,184 317,181 321,181 326,183 322,185 318,185 290,220 295,217 300,216 304,217 309,216 314,217 319,220 314,224 309,226 304,227 300,226 295,224 292,220 300,219 304,220 309,219 316,220 309,220 304,221 300,220
A1qyJ4uNzEc/00000073.jpg	0	262	163	337	237	262,184 263,194 264,204 267,214 270,224 276,232 284,238 294,242 304,244 313,242 322,238 329,232 334,223 337,213 338,203 339,193 339,183 270,179 275,174 282,174 289,175 295,177 306,177 313,175 319,173 326,174 331,177 302,182 302,188 303,195 303,201 294,205 298,206 303,207 307,206 310,205 278,184 282,182 287,182 291,183 287,185 282,185 311,183 315,181 319,181 324,183 320,185 315,185 289,218 294,215 298,213 302,214 306,214 311,215 315,218 311,222 307,224 303,224 298,224 294,221 291,218 298,217 302,217 306,217 313,218 306,218 302,218 298,218
A1qyJ4uNzEc/00000102.jpg	0	262	163	337	237	264,180 265,191 267,201 269,212 273,221 278,230 286,236 295,242 305,243 315,242 324,236 332,230 337,221 340,211 342,201 342,190 343,179 271,177 276,174 283,174 290,176 296,178 308,177 314,175 321,173 327,173 333,176 303,183 303,190 303,197 304,204 295,206 299,208 304,209 308,208 312,206 279,183 283,181 288,181 292,183 288,185 283,185 313,183 317,180 321,180 325,182 322,184 317,184 290,219 295,216 300,215 304,216 308,215 313,216 318,218 314,223 309,225 304,226 300,226 295,223 293,219 300,218 304,218 308,218 315,218 308,219 304,220 300,220
A1qyJ4uNzEc/00000058.jpg	0	262	171	337	246	259,192 260,202 262,212 263,222 266,232 272,240 280,245 290,250 300,252 310,250 318,245 325,239 329,230 332,221 333,211 334,201 335,190 267,187 272,183 278,182 285,184 291,186 303,186 309,183 315,182 321,183 326,186 298,191 298,197 299,204 299,210 291,214 295,215 299,216 303,215 306,214 275,192 279,191 283,190 287,192 283,193 279,194 307,192 311,190 315,190 319,191 315,193 311,193 285,227 289,224 294,223 298,224 302,223 307,224 311,227 308,231 303,233 299,233 294,233 289,230 287,227 294,226 298,226 302,226 309,227 302,227 298,227 294,227
A1qyJ4uNzEc/00000016.jpg	0	237	171	312	246	241,195 241,204 242,213 244,222 248,231 254,238 261,244 269,248 278,249 287,248 295,243 301,236 305,228 308,219 310,210 310,202 310,193 249,187 254,183 260,183 266,183 271,185 281,185 286,183 292,182 297,182 302,185 276,190 277,196 277,201 277,207 269,212 273,213 277,214 281,213 284,212 256,192 259,190 263,190 267,192 263,193 259,193 284,191 288,189 292,189 296,191 292,192 288,192 263,226 268,222 274,221 277,221 281,220 286,221 291,224 287,229 282,231 278,231 274,231 268,230 266,225 274,224 277,224 281,223 289,224 281,226 278,227 274,226
A1qyJ4uNzEc/00000056.jpg	0	262	171	337	246	259,193 259,203 261,214 263,224 266,233 271,242 279,248 288,253 298,255 308,253 316,248 323,241 328,233 331,223 333,213 334,202 334,192 267,188 272,184 278,184 285,185 291,187 302,187 308,184 314,183 321,183 326,187 297,192 297,198 298,205 298,211 290,215 294,216 298,217 302,216 305,214 275,194 279,191 283,191 287,193 283,195 279,195 307,193 310,191 314,191 318,193 315,194 310,194 284,229 289,225 293,223 297,224 301,223 306,225 310,229 306,234 302,236 298,237 293,236 288,234 287,229 293,227 297,227 301,227 307,229 301,230 298,230 293,230
A1qyJ4uNzEc/00000048.jpg	0	254	171	328	246	253,195 255,205 257,215 259,224 262,234 266,242 274,248 283,253 292,255 302,254 310,249 318,243 323,235 326,225 327,215 328,204 329,194 261,191 265,187 272,187 279,188 285,190 296,190 302,187 309,186 315,187 320,191 291,195 291,201 292,208 292,214 284,217 288,219 292,220 296,219 300,217 269,196 272,194 277,194 281,196 277,197 272,197 300,196 304,193 308,193 312,195 309,197 305,197 279,230 283,227 288,226 292,227 296,226 301,227 305,230 301,235 296,237 292,237 288,237 283,235 281,230 288,229 292,229 296,229 303,230 296,231 292,231 288,231
A1qyJ4uNzEc/00000027.jpg	0	245	179	320	254	244,196 245,206 246,216 248,225 251,234 256,241 263,247 272,251 281,253 290,252 298,247 306,242 310,234 313,225 315,215 316,205 316,195 249,192 254,188 260,187 266,189 272,191 284,190 290,188 296,187 303,187 308,191 279,196 279,202 279,208 280,214 272,217 276,219 280,220 284,219 287,217 257,197 261,195 265,195 269,197 265,198 261,198 288,197 292,195 297,195 301,196 297,198 293,197 267,229 271,226 275,225 280,226 284,226 288,227 293,229 289,233 284,235 280,236 275,235 271,233 269,229 275,228 280,228 284,228 291,229 284,230 280,231 275,230
A1qyJ4uNzEc/00000020.jpg	0	237	171	312	246	241,195 243,204 244,213 246,222 249,230 255,238 263,242 272,246 282,246 291,245 299,241 306,235 310,227 312,218 313,209 313,200 313,191 249,187 254,183 260,182 266,183 272,185 283,184 288,182 295,181 300,182 305,185 278,189 278,194 279,199 279,205 271,210 275,211 279,212 283,211 286,210 256,192 260,190 264,190 268,191 264,192 260,193 287,191 291,189 295,189 298,191 295,192 291,192 267,223 271,219 276,218 279,219 283,218 288,219 292,222 288,225 284,226 280,227 276,226 271,225 269,223 276,221 279,221 283,221 290,222 283,222 279,223 276,222
A1qyJ4uNzEc/00000049.jpg	0	254	171	328	246	254,195 255,205 257,215 259,225 262,234 267,242 275,248 284,253 294,254 303,253 312,249 319,243 324,235 327,225 328,215 329,205 329,194 262,190 267,187 273,186 280,188 286,190 297,190 303,187 309,186 315,187 321,190 292,195 292,201 292,207 293,214 285,217 289,218 293,220 297,218 300,217 270,196 273,193 278,193 282,196 278,197 273,197 301,196 305,193 309,193 313,195 310,197 305,197 280,229 285,227 289,225 293,226 297,226 301,227 306,229 301,232 297,233 293,234 289,233 285,232 282,229 289,228 293,228 297,228 304,229 297,229 293,229 289,228
A1qyJ4uNzEc/00000111.jpg	0	270	163	345	237	264,182 266,193 268,204 271,215 274,225 280,234 289,240 298,245 308,247 318,245 327,240 334,233 339,224 342,214 344,203 345,192 345,181 272,180 278,177 285,177 292,178 299,181 311,180 317,178 323,176 330,175 336,178 305,186 306,193 306,200 307,207 298,209 302,211 307,213 311,211 315,209 281,185 285,183 290,183 294,186 290,187 285,187 316,186 319,183 324,182 328,184 324,186 320,186 292,221 297,219 303,218 307,219 311,219 316,219 321,221 317,226 312,228 307,229 302,229 297,226 294,221 302,221 307,221 311,221 319,221 311,223 307,223 302,223
A1qyJ4uNzEc/00000045.jpg	0	254	179	328	254	252,196 253,206 255,216 256,226 259,235 264,243 272,249 281,254 290,255 300,254 309,250 316,244 321,235 324,225 325,215 326,205 326,195 258,192 263,188 269,187 276,189 282,191 293,191 300,188 306,187 312,187 318,190 288,196 289,202 289,209 289,215 281,218 285,220 290,221 294,220 297,218 266,197 270,195 274,195 278,197 274,198 270,198 298,196 302,194 306,194 310,196 307,198 303,198 277,231 281,228 286,227 290,228 294,227 298,229 303,231 299,235 294,237 290,237 285,237 281,235 279,230 286,230 290,230 294,230 301,231 294,231 290,231 285,231
A1qyJ4uNzEc/00000022.jpg	0	237	171	312	246	241,194 243,204 244,213 246,222 249,231 254,238 262,243 272,246 281,247 291,246 299,242 306,236 310,228 313,219 314,209 314,200 314,191 249,187 254,183 260,182 266,183 272,185 283,184 289,182 295,181 301,182 305,185 278,190 279,195 279,200 280,206 272,211 276,212 280,213 284,212 287,210 257,192 260,190 264,190 268,192 264,193 260,193 287,191 291,189 295,190 299,191 295,192 291,192 267,224 272,220 276,219 280,219 283,218 288,220 293,223 289,227 284,228 280,229 276,228 272,227 269,223 276,222 280,222 284,222 291,223 284,223 280,224 276,224
A1qyJ4uNzEc/00000061.jpg	0	262	171	337	246	260,191 261,201 263,211 265,221 268,230 273,238 281,244 290,249 301,251 311,250 319,245 326,238 330,230 333,220 335,210 336,200 336,190 268,186 273,182 280,182 287,183 293,185 305,185 310,183 317,181 323,182 328,185 299,190 300,196 300,203 301,209 292,213 296,214 300,215 304,214 307,213 276,191 280,189 285,189 289,191 285,193 280,193 309,191 312,189 317,189 321,191 317,192 313,192 287,226 291,223 296,222 300,223 303,222 308,223 313,226 309,230 304,232 300,232 296,232 291,230 289,226 296,225 300,225 303,225 310,226 304,226 300,226 296,226
A1qyJ4uNzEc/00000041.jpg	0	245	179	320	254	250,197 251,207 253,216 255,226 257,235 262,244 269,250 278,255 287,257 296,255 305,251 313,245 317,237 320,227 322,217 323,207 323,197 256,193 261,189 267,189 274,190 280,192 291,191 297,189 303,188 310,188 315,192 286,197 286,203 286,210 286,216 278,219 282,221 286,222 291,221 294,219 264,198 267,196 272,195 276,198 272,199 267,199 296,198 299,195 304,195 308,197 304,199 300,199 274,232 278,229 282,228 286,229 290,228 296,229 300,232 296,236 291,238 286,239 282,238 278,236 276,231 282,231 286,231 291,231 298,232 291,233 286,233 282,232
A1qyJ4uNzEc/00000054.jpg	0	262	171	337	246	257,193 258,204 259,214 261,225 265,234 270,243 278,249 287,254 297,257 307,255 315,250 322,243 326,234 329,224 331,214 332,203 332,192 265,188 270,184 276,184 283,185 289,187 301,187 307,185 313,184 320,184 324,188 295,193 296,199 296,205 296,212 288,215 292,216 296,218 300,217 304,215 273,194 277,191 281,191 285,193 281,195 276,195 305,193 308,191 313,191 317,193 313,195 309,195 283,229 287,226 292,224 296,225 299,224 304,226 309,230 305,236 300,238 296,239 292,238 287,235 286,229 292,228 296,228 299,228 306,230 300,232 296,232 292,231
A1qyJ4uNzEc/00000077.jpg	0	262	155	337	229	262,182 263,193 265,203 267,212 270,222 276,230 285,235 294,239 304,241 314,239 323,235 330,229 335,220 337,211 339,201 340,190 340,180 271,175 275,171 282,170 289,172 295,174 307,173 314,171 320,170 326,170 331,174 302,179 302,185 303,191 303,197 294,201 298,202 303,204 307,202 311,201 278,181 282,179 287,179 291,181 287,182 282,182 311,180 315,178 320,179 324,180 320,182 316,181 290,215 294,211 299,210 303,211 306,210 312,212 316,215 312,219 307,221 303,221 299,221 294,219 292,215 298,213 303,213 307,213 314,215 307,216 303,216 299,215
A1qyJ4uNzEc/00000039.jpg	0	245	179	320	254	249,197 250,207 252,217 253,226 256,235 260,244 268,250 276,255 285,257 295,256 304,251 311,245 316,237 319,227 321,217 322,207 322,196 254,193 259,189 266,189 272,190 278,193 289,192 295,190 302,188 308,189 314,192 284,197 285,203 285,210 285,217 277,219 281,221 285,222 289,221 293,219 262,198 266,196 270,196 274,198 270,199 266,199 294,198 298,195 302,195 306,197 302,199 298,199 273,232 277,229 281,228 285,229 289,228 294,230 298,233 294,237 289,239 285,239 281,239 276,236 275,232 281,231 285,232 289,231 296,232 289,233 285,233 281,232
A1qyJ4uNzEc/00000118.jpg	0	265	156	354	245	266,179 268,190 270,201 272,212 275,223 281,232 289,240 300,246 310,248 321,246 330,239 336,231 341,221 344,210 345,199 346,188 346,177 274,171 278,166 284,165 290,167 296,169 316,168 322,165 328,163 334,164 338,169 307,180 308,187 308,195 309,203 301,206 305,208 309,209 313,208 317,206 282,180 286,177 292,177 297,182 292,184 286,184 317,181 321,177 327,176 331,179 328,183 322,183 294,219 300,217 305,216 309,216 313,216 318,216 323,219 319,226 314,229 310,230 305,229 300,227 297,220 305,219 309,219 313,219 320,219 313,223 309,224 305,223
A1qyJ4uNzEc/00000159.jpg	0	265	146	354	236	262,173 264,184 266,196 269,207 272,217 278,227 287,233 297,238 308,240 319,238 328,233 336,225 341,216 343,204 345,193 346,182 346,170 270,165 275,160 282,158 289,159 297,161 311,161 318,159 325,158 332,159 338,164 305,169 305,176 306,183 307,191 298,195 302,196 307,198 311,196 315,194 279,172 283,170 288,170 293,172 288,174 283,174 316,171 320,169 325,169 330,171 325,173 320,173 292,211 297,207 302,205 307,206 311,205 316,206 322,210 317,215 312,218 307,218 303,218 297,216 295,210 302,208 307,208 311,208 319,210 311,212 307,212 303,212
A1qyJ4uNzEc/00000133.jpg	0	265	156	354	245	265,178 267,189 269,200 271,211 275,222 280,231 289,238 299,243 310,245 320,244 329,238 336,230 341,220 343,209 345,198 346,187 347,175 272,169 276,163 283,162 289,164 296,166 314,165 320,162 327,161 333,163 338,168 306,177 307,184 307,192 308,200 299,203 303,204 308,206 313,204 316,202 281,179 285,177 290,177 294,179 290,181 285,181 317,179 321,177 326,176 330,178 327,180 322,180 293,217 299,213 304,212 308,213 312,212 317,213 322,216 318,223 313,226 309,226 304,226 298,223 296,217 304,215 308,215 312,215 320,216 313,219 308,220 304,219
A1qyJ4uNzEc/00000108.jpg	0	270	163	345	237	264,183 266,194 268,204 270,215 274,225 279,234 288,240 297,246 307,248 317,246 326,240 333,233 338,224 341,214 343,203 344,192 344,181 272,180 278,177 284,177 291,179 298,181 310,180 316,178 322,176 329,175 335,178 304,186 305,193 305,200 306,207 297,210 301,211 306,213 310,211 314,209 280,186 285,184 289,184 293,186 289,187 284,187 315,186 318,183 323,182 327,184 323,186 319,186 291,222 296,219 301,218 306,219 310,218 315,219 320,221 316,227 311,230 306,230 301,230 296,227 294,222 301,221 306,222 310,222 318,221 310,224 306,224 301,223
A1qyJ4uNzEc/00000149.jpg	0	265	156	354	245	264,176 265,188 266,199 268,210 272,221 278,230 287,237 298,243 309,245 319,243 328,237 336,229 341,219 344,208 345,197 346,185 346,173 271,170 275,165 282,163 290,164 297,167 312,167 319,164 326,163 333,164 338,169 305,176 306,183 307,191 308,198 298,202 303,203 308,205 312,203 316,201 279,177 284,175 289,175 293,178 288,179 283,179 317,177 321,174 326,174 330,176 326,178 321,178 292,216 297,213 303,211 307,212 311,211 316,212 322,215 318,222 312,225 308,225 303,225 298,222 295,216 303,214 307,215 311,214 319,215 312,219 308,220 303,219
A1qyJ4uNzEc/00000087.jpg	0	255	146	344	236	263,176 264,187 266,197 269,207 272,216 278,224 286,230 295,233 306,234 316,233 324,229 331,223 335,215 338,205 339,195 340,185 341,174 271,169 276,164 282,163 289,164 296,166 308,165 315,163 321,162 328,164 332,168 303,171 303,177 304,183 304,189 296,194 300,195 304,196 308,195 311,194 279,174 283,173 288,172 292,173 288,175 283,176 313,173 317,172 321,172 325,173 321,175 317,174 291,209 296,206 300,204 304,205 308,204 313,205 317,209 313,211 309,212 304,212 300,212 296,211 293,208 300,207 304,207 308,207 315,208 308,208 304,209 300,208
A1qyJ4uNzEc/00000128.jpg	0	265	146	354	236	266,176 267,187 269,198 271,209 275,219 280,228 289,235 299,241 309,243 320,242 329,236 337,228 341,218 344,208 345,196 346,185 346,174 274,165 278,160 284,159 290,160 296,162 316,161 322,158 328,157 334,159 338,164 307,173 308,181 308,188 309,195 300,199 304,201 309,203 313,201 316,199 282,176 286,174 291,174 296,176 291,178 286,178 318,176 322,174 327,174 331,175 327,178 322,178 295,214 299,210 304,209 309,209 312,208 317,210 322,214 318,220 314,223 309,224 305,223 299,220 298,214 304,212 309,213 312,212 319,214 313,216 309,216 305,216
A1qyJ4uNzEc/00000051.jpg	0	254	171	328	246	255,194 256,204 258,214 260,225 263,234 269,242 276,248 285,252 295,254 304,252 313,248 320,242 324,234 327,224 329,214 330,204 330,193 262,190 267,186 274,185 281,187 287,189 299,188 305,186 311,184 318,185 322,189 293,193 294,200 294,206 294,212 286,216 290,217 294,219 298,217 302,216 271,195 275,192 279,192 283,194 279,196 275,196 302,194 306,192 311,192 314,194 311,195 307,195 282,229 286,226 291,225 294,226 298,225 303,226 307,228 303,231 299,233 295,233 291,233 286,231 284,229 291,228 294,228 298,227 305,228 298,228 294,229 291,228
A1qyJ4uNzEc/00000069.jpg	0	262	163	337	237	261,187 262,197 264,207 266,217 270,226 276,234 284,240 294,244 304,246 313,244 321,239 329,233 333,225 336,215 337,205 338,196 338,185 270,181 275,177 282,177 288,178 295,181 307,180 313,178 319,177 326,177 330,180 302,186 302,192 302,198 303,205 294,208 299,209 303,211 307,209 310,208 278,187 282,186 286,185 291,187 287,188 282,189 311,187 315,185 319,185 323,186 319,188 315,188 289,221 294,218 299,216 302,217 306,217 311,218 315,221 311,225 307,227 303,228 299,227 294,225 291,221 299,219 302,220 306,219 313,221 306,222 302,223 299,222
A1qyJ4uNzEc/00000158.jpg	0	265	146	354	236	262,172 263,184 265,195 268,206 272,217 278,226 287,232 297,238 309,240 319,237 329,232 336,225 341,215 344,204 346,193 347,181 347,170 270,165 275,160 282,158 289,159 297,161 311,161 318,159 325,158 332,159 337,164 305,170 306,176 306,183 307,191 298,195 302,196 307,198 312,196 315,194 279,172 283,169 289,169 294,172 289,173 283,174 315,171 320,168 325,168 330,171 326,173 320,173 292,210 297,206 303,205 307,206 311,205 317,206 322,209 317,215 312,217 308,218 303,218 298,215 295,210 303,208 307,208 311,208 319,209 312,212 308,212 303,212
A1qyJ4uNzEc/00000140.jpg	0	265	156	354	245	264,177 265,188 267,200 269,211 273,222 279,231 288,238 298,243 309,246 320,244 329,237 336,229 341,219 343,208 345,197 346,185 347,174 272,170 276,164 283,163 290,164 296,167 312,166 319,163 326,162 333,164 338,169 306,177 306,184 307,192 308,199 299,203 303,205 308,206 312,204 316,202 280,179 284,177 289,177 294,179 289,181 284,181 317,179 321,176 326,176 330,178 326,180 321,180 294,217 299,215 303,213 307,214 311,213 316,214 321,217 317,223 312,226 308,226 304,226 299,223 296,218 303,216 307,217 311,216 318,217 312,220 308,220 304,219
A1qyJ4uNzEc/00000125.jpg	0	265	156	354	245	266,177 268,188 270,199 272,210 275,220 281,230 289,237 300,242 310,244 321,242 330,236 338,229 342,219 345,208 347,197 348,185 348,174 274,169 278,163 284,162 291,164 298,167 316,166 322,162 328,161 335,162 339,167 308,177 308,185 309,192 310,200 300,203 305,205 310,207 314,205 318,203 282,179 286,177 291,178 296,180 291,181 286,181 318,180 322,177 327,177 332,178 328,181 323,181 295,217 300,214 305,213 309,214 313,213 318,214 324,216 319,222 314,224 310,225 305,224 300,222 297,217 305,216 309,216 314,216 321,216 314,219 310,220 305,219
A1qyJ4uNzEc/00000098.jpg	0	262	155	337	229	262,176 264,186 266,196 268,206 271,216 277,224 285,230 294,235 304,236 314,235 323,230 331,224 336,215 339,206 340,195 341,185 341,174 270,170 275,166 282,165 288,166 295,168 307,167 313,165 320,164 326,164 331,167 302,173 302,180 302,186 303,193 295,196 299,198 303,199 307,198 311,196 278,176 282,174 286,174 291,175 286,176 282,177 312,175 316,173 320,173 324,174 320,176 316,176 290,210 294,207 299,205 303,206 307,206 312,207 317,210 313,214 308,216 303,217 299,216 294,214 292,210 299,209 303,209 307,209 314,210 307,211 303,211 299,211
A1qyJ4uNzEc/00000057.jpg	0	262	171	337	246	259,193 260,203 261,214 263,224 266,233 272,241 280,247 289,251 299,253 309,251 317,247 324,240 329,232 331,222 333,212 334,202 334,192 266,187 272,183 278,183 285,184 291,187 303,186 309,184 315,183 322,183 326,187 298,192 298,198 298,204 299,211 290,214 294,216 299,217 303,216 306,214 275,193 278,191 283,191 287,193 283,194 278,194 307,193 310,190 315,190 319,192 315,194 311,194 285,228 289,225 294,223 298,224 302,224 307,225 311,228 307,232 303,234 298,234 294,234 289,232 287,228 294,226 298,226 302,226 309,228 302,229 298,229 294,228
A1qyJ4uNzEc/00000136.jpg	0	265	146	354	236	265,175 266,186 268,197 270,208 274,218 280,227 289,234 299,239 310,241 320,239 330,233 337,226 342,217 345,206 346,195 347,184 347,173 272,167 276,161 282,160 289,161 295,164 314,163 320,161 327,160 333,161 338,166 306,175 306,182 307,190 308,197 299,201 303,202 308,204 312,202 316,200 280,176 284,173 290,174 295,177 289,179 284,179 316,177 321,173 326,173 331,176 327,178 321,178 293,214 299,211 304,210 307,211 311,210 316,211 322,213 317,218 312,219 308,220 304,220 299,218 296,214 304,213 308,213 311,213 320,213 312,215 308,215 304,215
A1qyJ4uNzEc/00000114.jpg	0	270	163	345	237	265,182 267,193 269,204 272,215 275,225 281,234 290,240 299,245 309,247 319,245 328,240 335,233 340,224 343,214 345,203 346,191 346,180 273,178 279,175 286,175 293,177 299,180 312,179 318,176 324,174 331,173 337,176 306,185 307,192 307,199 308,207 299,209 303,211 308,212 312,211 316,209 282,184 287,182 291,183 296,185 291,186 286,186 316,185 320,182 325,182 329,184 325,186 321,186 293,221 298,219 303,218 307,219 312,218 316,219 322,221 317,225 312,227 308,228 303,227 298,225 295,221 303,221 308,221 312,221 320,221 312,222 308,222 303,222
A1qyJ4uNzEc/00000096.jpg	0	255	146	344	236	262,175 264,186 266,195 268,205 272,215 278,222 286,227 295,231 305,232 315,231 323,226 331,221 336,213 339,203 340,193 341,183 341,172 270,167 275,163 282,162 288,163 295,166 307,165 313,162 320,161 326,162 332,165 301,171 302,177 302,183 303,189 295,193 299,195 303,196 307,195 310,193 278,174 282,172 286,172 290,173 286,174 282,175 312,172 316,171 320,171 324,172 321,174 316,173 290,207 295,203 299,202 303,203 307,202 312,204 316,207 312,210 308,212 303,212 299,212 295,210 293,207 299,205 303,205 307,205 314,206 307,207 303,208 299,207
A1qyJ4uNzEc/00000094.jpg	0	255	146	344	236	262,175 264,185 266,195 268,205 271,214 277,222 285,227 295,231 305,233 315,231 324,227 331,222 336,214 339,204 340,194 341,183 341,173 270,168 274,163 281,162 288,163 295,165 307,164 313,162 320,161 327,162 332,166 302,170 302,176 302,182 303,188 295,193 299,194 303,195 307,194 311,193 278,173 282,171 286,171 291,172 287,174 282,174 312,172 316,170 321,171 325,172 321,173 317,173 290,207 295,203 299,201 303,202 307,201 312,203 316,207 312,210 307,212 303,212 299,212 295,210 293,207 299,205 303,205 307,205 314,206 307,207 303,207 299,207
A1qyJ4uNzEc/00000117.jpg	0	265	156	354	245	266,179 268,190 269,201 271,212 275,223 281,233 290,240 300,245 311,247 321,245 330,239 337,231 342,221 344,210 346,199 347,187 346,176 274,171 278,167 284,166 290,168 296,170 316,169 322,166 328,164 334,165 338,169 307,180 308,187 309,195 309,203 300,206 305,208 309,210 314,208 317,206 282,180 286,177 292,178 296,181 291,183 285,183 317,181 321,177 327,176 331,178 328,182 322,182 295,220 300,217 305,217 309,218 313,217 318,217 323,219 318,225 314,228 309,228 305,228 300,225 297,220 305,220 309,220 313,220 320,220 313,222 309,222 305,222
A1qyJ4uNzEc/00000099.jpg	0	262	155	337	229	263,178 264,188 266,198 269,208 272,218 277,226 285,232 295,236 305,238 315,237 323,232 331,226 336,217 338,207 340,197 341,186 341,176 270,172 275,168 282,168 289,169 295,171 307,170 313,168 320,166 326,167 332,171 302,176 302,182 303,189 303,196 295,199 299,200 303,202 307,200 311,199 279,178 282,176 287,176 291,177 287,179 283,179 312,177 316,175 320,175 324,176 320,178 316,178 290,213 294,209 299,208 303,209 307,208 312,209 317,212 313,217 308,219 303,219 299,219 294,217 292,212 299,211 303,212 307,211 314,212 308,213 303,214 299,213
A1qyJ4uNzEc/00000052.jpg	0	254	171	328	246	256,194 257,204 259,214 261,224 264,234 269,242 277,248 286,252 296,254 306,252 313,248 321,242 325,234 328,224 330,214 331,204 331,193 263,190 268,186 275,185 281,186 288,189 299,188 305,186 312,184 318,185 323,189 294,193 294,199 295,206 295,212 287,216 291,217 295,219 299,217 302,215 272,195 275,193 280,192 284,194 280,196 275,196 303,194 307,192 311,192 315,194 312,195 307,195 282,229 287,226 291,225 295,226 298,225 303,226 307,228 303,231 299,232 295,233 291,233 287,231 284,229 291,228 295,228 298,228 306,228 299,228 295,229 291,228
A1qyJ4uNzEc/00000028.jpg	0	245	179	320	254	244,196 245,206 247,216 249,225 252,235 257,243 264,249 272,254 281,255 290,254 298,249 306,243 311,234 313,225 315,215 316,205 317,195 250,192 255,189 261,188 267,190 273,192 284,191 290,189 296,188 303,188 308,191 279,197 279,203 279,209 280,216 272,219 276,220 280,221 284,220 287,219 257,198 261,196 265,196 269,198 265,199 261,199 289,198 292,196 297,196 301,197 297,199 293,199 267,231 271,228 276,227 280,228 283,227 288,228 293,231 289,236 284,238 280,239 276,238 271,236 269,231 276,230 280,230 283,230 290,231 284,233 280,233 276,233
A1qyJ4uNzEc/00000148.jpg	0	265	156	354	245	264,176 265,188 267,199 269,210 273,220 279,230 287,236 298,242 309,244 319,242 328,237 336,230 340,220 343,209 345,198 346,186 346,174 271,170 275,165 283,164 290,165 297,167 311,167 318,164 326,163 333,164 338,169 305,176 306,183 307,191 308,198 298,202 303,204 308,205 312,203 316,201 279,177 284,175 289,175 294,178 289,179 283,180 316,177 321,174 326,174 330,176 326,179 321,179 292,216 297,213 303,212 307,212 311,211 316,212 322,215 317,219 313,222 308,222 303,222 298,220 295,216 303,214 307,215 311,214 319,215 312,216 308,217 303,217
A1qyJ4uNzEc/00000132.jpg	0	265	156	354	245	265,178 267,189 269,200 271,211 275,222 280,232 289,239 298,246 309,248 319,246 328,240 335,232 340,221 343,211 345,199 346,187 346,176 272,170 276,164 283,163 289,164 296,167 314,166 320,163 327,162 333,163 338,169 306,177 307,185 307,192 308,200 299,203 303,205 308,207 312,205 316,203 281,179 285,177 290,177 294,180 289,181 284,182 317,179 321,177 326,176 330,178 327,181 321,181 293,218 298,214 303,213 308,214 312,213 317,214 322,217 319,225 313,229 308,229 303,228 298,225 296,218 303,216 308,216 312,216 320,218 313,222 308,223 303,222
A1qyJ4uNzEc/00000091.jpg	0	255	146	344	236	263,175 264,186 266,196 268,206 271,215 277,223 285,228 295,232 305,234 315,232 324,228 331,222 336,214 338,204 339,194 341,184 341,174 270,168 275,163 282,162 289,163 296,166 308,164 314,162 321,161 328,162 332,167 302,171 303,176 303,182 304,188 295,193 299,194 304,196 308,194 311,193 279,174 283,172 287,171 292,173 288,174 283,175 313,172 317,170 321,170 325,172 322,174 317,173 291,208 295,204 300,202 304,203 308,202 313,204 317,208 313,211 309,213 304,213 300,213 296,211 294,208 300,205 304,206 308,205 315,207 308,208 304,208 300,208
A1qyJ4uNzEc/00000059.jpg	0	262	171	337	246	259,192 260,203 262,213 264,223 267,232 273,240 281,246 290,250 300,252 310,250 318,246 325,240 329,231 332,222 333,212 334,201 334,191 267,187 272,183 279,182 286,184 292,186 303,185 310,183 316,182 322,183 327,186 298,191 299,197 299,203 300,210 291,213 295,215 300,216 304,215 307,213 276,192 279,190 284,190 288,192 284,193 279,193 307,191 311,189 315,189 319,191 316,193 311,193 286,227 291,224 295,222 299,223 303,223 308,224 312,227 308,230 304,232 299,232 295,232 291,230 288,226 295,225 299,226 303,226 310,227 303,227 299,227 295,227
A1qyJ4uNzEc/00000029.jpg	0	245	179	320	254	245,196 246,206 247,216 249,226 252,235 256,244 264,250 272,256 281,258 290,256 299,252 306,245 311,237 313,227 315,217 316,207 317,196 250,193 255,189 261,189 267,190 273,192 284,192 291,190 297,189 303,189 308,192 279,198 279,204 280,210 280,217 272,220 276,221 280,222 284,221 288,219 258,198 262,197 266,196 270,199 266,200 261,200 289,198 293,196 297,196 301,198 297,199 293,199 267,232 271,229 276,228 280,229 284,228 289,229 293,232 290,238 285,241 281,241 276,241 271,238 270,232 276,231 280,231 284,230 291,232 284,234 280,235 276,234
A1qyJ4uNzEc/00000144.jpg	0	270	155	345	229	264,177 265,188 267,199 269,210 273,220 279,230 288,236 299,242 310,243 320,241 329,235 337,228 341,218 344,208 345,197 346,185 346,174 271,170 276,165 282,163 290,164 296,166 313,165 319,163 327,162 333,163 338,168 306,176 306,183 307,191 308,199 299,202 303,204 308,205 312,203 316,201 280,178 284,175 289,175 294,178 289,180 284,180 317,177 321,174 326,173 331,176 327,179 322,179 293,217 299,213 304,212 307,213 311,212 316,213 322,216 317,221 312,223 308,223 304,223 299,221 296,216 304,215 308,215 311,215 319,216 312,217 308,218 304,218
A1qyJ4uNzEc/00000074.jpg	0	262	163	337	237	262,184 263,194 265,204 267,214 271,223 276,231 285,237 294,241 304,243 313,241 322,237 329,231 334,223 337,213 338,203 340,193 340,183 270,178 275,174 282,173 289,174 295,177 307,176 313,174 319,173 326,173 331,177 302,182 302,188 303,194 303,200 295,204 299,205 303,206 307,205 310,204 279,183 282,181 287,181 291,183 287,184 283,185 311,182 315,180 319,181 323,182 320,184 315,184 290,217 294,214 299,212 302,213 306,213 311,214 316,217 311,221 307,223 303,223 299,223 294,221 292,217 299,216 302,216 306,216 313,217 306,217 303,217 299,217
A1qyJ4uNzEc/00000160.jpg	0	265	146	354	236	261,173 263,184 265,195 268,206 272,217 278,226 287,233 297,238 308,240 319,238 328,232 336,225 341,215 344,204 345,193 347,182 347,171 269,165 274,160 281,158 289,158 296,161 311,160 318,158 325,158 333,159 338,165 304,169 305,176 306,183 306,190 297,195 302,196 306,198 311,196 315,194 278,172 283,169 288,169 293,171 288,173 283,173 315,171 320,168 325,169 330,171 325,173 320,172 291,210 297,206 302,205 306,205 310,205 316,206 322,209 317,214 311,217 307,217 303,217 297,215 294,210 302,208 307,208 310,208 319,209 311,211 307,211 303,211
A1qyJ4uNzEc/00000076.jpg	0	262	163	337	237	262,181 263,192 265,202 267,212 270,221 275,229 283,235 293,239 304,241 314,239 323,235 330,229 334,220 337,210 338,200 339,190 339,180 270,176 275,172 282,171 289,173 295,175 307,174 313,172 319,171 326,171 331,175 302,180 302,186 303,192 303,198 294,202 298,203 303,205 307,203 310,202 278,182 282,180 286,180 290,181 286,183 282,183 311,181 315,179 319,179 323,181 320,182 315,182 289,216 294,212 299,211 302,212 306,211 311,212 316,216 312,220 307,221 303,221 299,221 294,219 291,216 298,214 302,214 306,214 314,215 307,216 303,216 299,216
A1qyJ4uNzEc/00000104.jpg	0	270	163	345	237	264,183 266,194 268,204 270,214 274,224 279,232 287,238 296,243 306,245 316,244 325,238 332,232 338,223 341,213 342,202 343,192 344,181 271,180 277,176 283,176 290,178 297,180 308,180 314,177 321,175 328,175 334,177 303,185 303,192 304,199 304,206 296,209 300,210 304,212 309,210 312,208 280,185 284,183 289,183 293,186 288,187 284,187 313,185 317,182 322,182 326,184 322,186 318,186 290,221 295,218 300,218 304,219 308,218 313,219 319,220 314,225 309,227 304,227 300,226 295,224 293,221 300,220 304,221 308,220 316,221 309,221 304,221 300,221
A1qyJ4uNzEc/00000021.jpg	0	237	171	312	246	241,194 242,204 244,213 245,222 249,231 254,238 263,242 272,245 282,246 291,244 299,240 306,235 310,227 312,218 313,209 313,200 313,191 249,187 254,183 260,182 266,182 272,184 283,184 288,182 294,181 300,182 305,185 278,189 279,194 279,200 280,205 272,210 276,211 280,212 284,211 287,210 256,192 260,190 264,190 268,191 264,192 260,193 287,191 291,189 295,189 298,190 295,192 291,192 267,223 272,219 276,218 280,219 283,218 288,219 292,222 288,225 284,227 280,227 276,227 272,226 269,223 276,221 280,221 283,221 290,222 284,222 280,223 276,222
A1qyJ4uNzEc/00000164.jpg	0	265	146	354	236	263,171 264,182 265,193 268,204 271,215 277,224 286,230 297,235 308,237 318,235 328,230 336,224 341,215 344,204 346,192 347,181 347,170 270,164 274,158 282,157 289,158 296,160 311,159 318,157 326,157 333,158 338,163 304,168 305,175 305,182 306,189 297,193 301,195 306,196 311,194 315,192 279,171 283,168 288,168 293,170 288,172 283,172 316,170 320,167 325,168 329,169 325,171 320,171 291,208 296,204 302,203 306,204 310,203 316,204 321,208 317,213 311,216 307,216 302,215 296,213 294,208 302,206 306,206 310,206 318,207 311,210 307,210 302,210
A1qyJ4uNzEc/00000142.jpg	0	265	156	354	245	264,177 266,189 268,200 270,211 274,221 279,230 288,237 298,242 309,243 320,242 329,236 336,229 341,219 343,208 345,197 346,186 346,174 271,170 275,164 282,163 289,164 296,167 313,166 319,163 326,162 333,163 337,168 306,176 306,184 307,191 308,199 299,203 303,204 308,206 312,204 316,202 280,177 284,174 290,174 294,178 289,180 283,180 316,178 320,173 326,173 330,177 326,179 321,180 293,216 299,214 304,213 308,214 311,213 316,214 322,216 317,220 312,221 308,222 304,221 299,220 296,216 303,216 308,216 311,216 319,216 312,216 308,217 304,216
A1qyJ4uNzEc/00000062.jpg	0	262	171	337	246	260,190 261,200 263,211 265,221 268,230 274,238 282,244 291,249 301,251 311,249 319,245 326,238 331,229 333,220 335,209 336,199 336,189 268,185 273,181 280,181 287,182 293,184 305,184 311,182 317,180 324,181 328,185 300,189 300,196 301,202 301,209 293,212 297,213 301,215 305,213 308,212 277,191 280,189 285,188 289,191 285,192 280,192 309,190 313,188 317,188 321,190 318,192 313,192 287,225 291,222 296,221 301,222 305,221 310,223 314,225 310,230 305,232 301,232 296,232 291,229 289,225 296,224 301,224 305,224 312,225 305,226 301,227 296,226
A1qyJ4uNzEc/00000113.jpg	0	270	163	345	237	265,182 266,193 269,204 271,215 275,225 280,234 289,240 298,245 308,247 319,245 327,240 335,233 340,224 343,214 344,203 346,192 346,181 272,180 278,176 285,177 293,178 299,181 311,180 317,178 324,176 331,175 337,178 306,185 306,193 307,200 307,207 299,210 303,211 308,213 312,211 316,209 282,185 286,183 291,184 295,186 290,187 285,187 316,186 320,183 324,182 329,184 325,186 320,186 292,221 298,219 303,218 307,219 312,218 317,219 322,221 317,225 312,228 307,228 303,228 298,226 295,222 303,221 307,221 312,221 319,221 312,222 307,223 303,222
