d8sa9Za7JHo/00000133.jpg	0	194	46	237	89	202,66 202,70 203,74 204,79 206,83 209,87 212,91 216,95 220,96 225,95 230,92 234,88 238,83 240,77 240,71 240,65 240,59 201,59 202,58 204,57 206,57 208,57 216,56 219,54 222,53 226,54 229,55 213,61 212,65 212,69 212,72 210,75 212,75 214,76 216,75 218,74 205,63 206,61 208,61 210,63 208,64 206,64 219,61 220,59 223,58 225,60 224,61 221,62 211,82 212,81 214,80 215,80 217,80 221,80 225,80 222,83 219,85 217,85 215,85 213,84 212,82 214,81 215,81 217,81 223,81 218,83 216,83 214,83
d8sa9Za7JHo/00000083.jpg	0	199	46	242	89	207,64 206,68 207,73 208,78 210,83 212,88 214,92 218,95 222,96 228,96 233,93 238,89 243,84 245,79 247,72 247,65 246,59 206,57 207,56 209,55 211,56 213,57 220,55 223,53 227,52 231,52 235,54 217,60 216,64 216,68 215,72 213,75 215,76 217,76 219,75 222,74 208,62 210,61 212,60 214,62 212,63 210,63 224,60 226,58 228,58 231,59 229,60 226,61 215,84 215,82 216,81 218,81 219,81 223,81 228,82 224,85 221,86 219,86 218,86 216,85 216,84 217,83 218,83 220,83 226,82 220,83 219,83 217,83
d8sa9Za7JHo/00000312.jpg	0	383	78	435	130	384,96 383,103 384,110 385,117 389,123 394,128 399,133 406,136 412,136 418,134 422,130 425,124 427,118 428,112 429,106 428,100 427,95 393,93 397,91 401,90 405,90 409,91 414,90 417,89 420,88 423,88 425,90 412,97 412,101 413,106 414,110 408,113 410,114 413,115 416,114 418,112 398,98 400,97 403,97 405,98 403,99 400,99 415,97 418,95 420,95 422,96 420,97 418,97 402,120 407,119 411,119 413,119 415,118 418,118 420,118 418,121 416,123 413,123 411,124 407,123 404,120 411,120 413,120 415,120 419,118 415,120 413,121 411,121
d8sa9Za7JHo/00000159.jpg	0	184	50	228	94	190,67 191,72 192,77 194,82 197,87 200,91 204,96 207,100 212,100 217,99 222,95 226,89 229,84 231,77 231,71 230,64 229,57 190,61 192,60 194,60 196,60 198,61 204,60 206,58 210,57 213,56 217,56 202,65 202,70 203,74 203,78 201,80 202,81 205,82 207,80 209,79 193,66 195,65 197,65 199,66 197,66 195,67 208,64 210,62 212,62 215,62 213,64 210,64 202,87 202,86 204,85 206,85 208,84 211,84 215,84 213,88 210,91 208,92 206,92 203,90 203,87 205,87 206,87 208,86 214,85 209,88 207,89 205,89
d8sa9Za7JHo/00000271.jpg	0	439	89	482	132	444,101 444,106 445,110 446,114 447,118 449,122 451,126 455,129 459,130 464,129 468,126 471,123 474,119 475,114 476,109 476,105 476,100 448,96 449,94 452,93 454,93 457,94 461,94 464,93 467,92 470,93 471,95 459,98 459,102 459,105 459,108 456,111 458,111 459,112 461,111 462,110 451,100 452,99 454,99 456,100 454,101 452,101 463,99 465,98 467,98 469,99 467,100 465,100 454,117 456,116 458,115 460,116 461,115 464,115 466,116 464,118 462,120 460,120 458,120 456,119 455,117 458,117 460,117 462,117 465,116 462,118 460,118 458,118
d8sa9Za7JHo/00000190.jpg	0	223	60	266	103	228,69 228,75 229,80 231,85 233,90 235,95 238,100 241,104 245,105 250,104 254,100 258,95 261,89 263,83 264,78 264,72 264,66 229,67 231,66 234,66 237,66 239,68 245,67 248,66 251,65 254,64 257,66 242,71 242,76 242,81 242,86 239,85 241,87 243,88 246,87 248,85 232,71 234,71 236,71 239,71 236,72 234,72 248,71 250,70 252,70 254,70 252,71 250,71 238,90 240,90 242,90 244,91 246,90 249,90 252,89 250,94 247,96 244,97 242,96 240,94 239,91 242,92 244,92 246,91 251,90 246,93 244,94 242,93
d8sa9Za7JHo/00000222.jpg	0	343	60	386	103	344,72 345,78 347,84 349,90 352,95 355,100 359,105 364,108 370,108 375,107 379,102 382,96 385,90 386,83 387,77 387,70 386,64 347,69 349,67 353,67 356,67 360,68 367,66 370,64 373,62 377,61 380,62 364,71 364,77 365,82 366,87 362,88 364,90 366,90 369,89 371,87 351,74 353,73 356,73 358,73 356,74 353,75 370,70 372,69 374,69 377,68 375,70 373,71 360,96 362,95 365,94 367,94 369,93 372,93 375,93 373,97 370,100 368,101 366,101 363,99 361,96 365,96 367,96 369,95 373,94 370,97 368,97 365,97
d8sa9Za7JHo/00000222.jpg	1	59	60	103	103	63,75 64,80 65,85 66,89 69,94 72,98 77,101 82,102 87,102 91,100 94,97 97,93 98,88 99,83 99,78 99,74 98,69 68,69 70,67 73,66 76,66 79,67 83,65 85,63 88,62 91,62 93,63 82,70 83,73 83,76 84,79 81,83 83,83 84,83 86,82 87,81 72,72 74,71 76,71 78,72 76,72 74,73 86,70 87,68 89,67 91,68 90,69 88,70 79,92 81,89 83,88 85,88 86,87 88,88 90,89 89,91 87,92 86,93 84,93 81,93 80,91 84,90 85,89 86,89 89,89 86,90 85,91 84,91
d8sa9Za7JHo/00000189.jpg	0	218	60	261	103	223,68 223,73 224,79 225,84 228,90 230,95 234,100 237,104 242,105 247,104 252,100 255,95 258,90 260,84 261,78 261,71 261,65 225,66 228,65 231,65 234,66 236,68 242,67 245,65 249,64 252,64 255,65 240,71 240,76 240,81 240,86 236,85 238,87 240,88 243,87 245,85 229,71 231,70 233,71 235,71 233,72 231,72 245,71 247,70 249,70 252,70 250,71 247,72 234,90 236,90 239,91 241,91 243,91 246,90 249,90 247,94 243,97 241,97 239,96 236,94 235,91 239,92 241,92 243,92 248,91 243,94 241,94 239,94
d8sa9Za7JHo/00000104.jpg	0	194	46	237	89	201,64 201,69 202,73 203,78 206,83 209,87 212,91 215,94 219,95 224,94 229,91 233,87 236,82 239,76 239,70 239,64 238,57 201,58 202,56 204,55 206,55 208,56 214,55 217,53 220,52 224,52 227,53 211,60 211,64 211,67 211,71 210,74 211,74 213,75 215,74 217,73 204,62 205,60 207,60 209,61 207,62 205,62 218,59 219,58 221,57 224,58 222,59 220,60 210,81 210,79 212,79 214,79 216,78 219,79 224,79 221,82 217,84 215,84 213,84 211,83 211,81 213,80 214,80 216,80 222,79 217,82 215,82 213,82
d8sa9Za7JHo/00000069.jpg	0	223	46	266	89	228,59 228,64 228,69 229,74 230,79 232,84 234,87 238,90 242,91 247,91 252,89 256,85 259,81 261,76 262,71 263,66 263,61 231,51 233,49 235,48 238,48 241,50 247,50 250,48 253,48 256,50 259,52 244,56 243,59 243,63 243,67 240,70 241,71 243,71 245,71 246,71 234,57 235,55 237,56 239,57 237,58 235,58 249,57 251,56 253,56 255,57 253,58 251,58 238,79 240,77 241,76 243,77 245,76 247,77 249,80 247,81 244,81 243,81 241,81 239,80 239,79 241,78 243,79 244,79 248,79 244,79 243,79 241,78
d8sa9Za7JHo/00000082.jpg	0	199	46	242	89	206,65 206,69 207,74 208,79 210,83 212,88 215,92 219,95 223,96 229,95 235,92 240,89 244,84 246,78 247,72 247,66 247,59 206,57 208,56 210,56 212,56 215,56 222,55 226,52 229,52 233,52 237,53 218,60 218,64 217,68 217,72 215,75 217,76 219,76 221,75 223,74 209,63 210,61 213,61 215,62 213,63 211,63 226,60 228,58 230,58 233,59 231,60 228,61 215,84 216,82 218,81 219,81 221,80 225,81 229,82 226,84 223,86 221,86 219,86 217,85 217,84 218,83 220,83 222,82 228,82 222,83 220,83 219,83
d8sa9Za7JHo/00000276.jpg	0	429	84	472	127	434,96 434,101 434,106 435,110 437,115 439,118 442,122 446,125 451,126 456,125 460,122 463,119 465,114 466,110 467,105 467,100 467,95 437,91 439,89 442,89 445,89 448,90 452,89 455,88 458,88 461,89 463,91 450,93 450,97 450,100 450,104 447,106 449,107 451,108 452,107 454,106 441,95 443,94 445,94 446,95 444,96 442,96 454,95 456,94 458,93 460,94 458,95 456,95 445,112 447,112 449,111 451,111 453,111 455,111 458,112 456,114 454,116 452,116 450,116 447,115 446,112 450,113 451,113 453,112 457,112 453,113 451,114 450,114
d8sa9Za7JHo/00000315.jpg	0	383	78	435	130	379,94 379,101 380,109 382,116 386,123 391,128 397,133 403,137 410,137 416,135 420,131 423,125 425,119 427,112 428,106 428,100 427,94 391,92 395,90 400,90 404,90 409,92 413,91 416,89 419,88 423,88 425,90 411,97 412,102 412,107 413,111 406,114 409,115 412,116 415,115 417,113 396,98 399,97 402,96 404,98 402,99 399,99 414,97 417,95 420,95 421,96 420,97 417,97 400,120 405,119 409,119 412,119 414,119 416,118 419,118 417,122 414,124 412,125 409,125 405,124 402,120 409,121 412,121 414,120 417,119 414,121 412,122 409,122
d8sa9Za7JHo/00000191.jpg	0	223	60	266	103	228,68 229,74 229,79 231,85 234,90 236,95 239,100 243,104 247,105 252,104 256,100 259,95 262,90 264,84 265,78 265,72 265,67 231,67 234,66 236,66 239,67 242,68 248,67 251,66 254,65 257,64 260,65 245,71 245,76 245,81 245,86 241,85 243,87 246,88 248,87 251,85 234,71 236,71 239,71 241,71 239,72 236,72 250,71 252,70 255,70 257,70 255,71 253,71 239,90 241,90 244,90 246,91 248,90 252,90 255,89 252,94 249,97 247,97 244,97 242,94 240,91 244,92 246,92 248,91 254,90 249,94 246,94 244,94
d8sa9Za7JHo/00000226.jpg	0	354	55	406	107	361,73 362,79 364,85 366,91 369,96 373,102 377,106 382,110 387,110 393,108 397,103 400,97 403,91 404,84 405,77 404,70 403,64 364,69 366,68 369,67 372,67 376,68 383,66 386,64 389,62 393,61 396,61 380,72 381,78 381,83 382,89 378,90 380,91 383,92 385,90 387,88 368,75 370,74 372,74 375,74 373,75 370,76 386,71 388,70 391,69 393,69 391,71 389,71 378,98 380,96 382,96 384,96 386,95 389,94 392,95 390,99 387,101 385,102 383,102 380,101 379,98 382,98 384,97 386,97 390,95 387,98 384,99 382,99
d8sa9Za7JHo/00000226.jpg	1	69	55	112	98	70,75 71,80 72,85 75,90 78,94 82,98 87,101 92,102 97,102 101,100 104,96 106,92 107,87 108,81 107,76 107,72 105,67 78,69 80,67 83,66 86,66 89,67 93,65 95,64 98,62 100,62 102,64 92,69 93,73 94,76 95,79 92,83 94,83 95,83 97,82 98,81 82,72 84,71 86,70 88,71 86,72 84,73 95,69 97,68 98,67 100,68 99,69 97,70 90,91 92,89 94,87 96,87 97,87 99,87 100,88 99,90 98,92 97,92 95,93 93,93 91,91 95,89 96,89 97,88 99,89 98,90 96,90 95,90
d8sa9Za7JHo/00000221.jpg	0	338	60	381	103	340,71 341,77 342,84 345,89 347,95 351,100 355,104 360,108 365,108 370,106 374,101 377,96 380,89 381,83 382,76 382,70 381,64 343,69 345,67 349,66 352,66 356,67 363,66 366,63 369,61 372,61 376,61 360,71 360,76 361,82 362,87 357,88 360,89 362,90 365,88 367,86 347,73 349,73 352,72 354,72 352,74 350,74 365,70 368,69 370,68 372,68 371,70 368,70 356,95 358,94 360,93 363,93 365,92 367,92 370,92 368,97 366,99 364,100 361,100 358,99 357,95 361,95 363,95 365,94 369,93 365,96 363,97 361,97
d8sa9Za7JHo/00000221.jpg	1	61	58	97	94	60,74 61,79 62,84 63,89 66,93 70,97 75,100 80,101 85,101 89,99 91,96 93,91 94,86 94,81 94,76 93,71 92,67 66,70 68,67 70,66 74,66 76,66 80,65 82,63 85,62 87,62 89,64 79,69 80,72 81,75 82,78 79,82 81,82 82,82 84,81 85,80 70,72 71,71 73,71 75,71 73,72 72,73 82,69 84,68 85,67 87,68 86,69 84,69 77,90 79,88 81,87 83,87 84,86 86,86 87,87 86,89 85,91 84,91 82,92 80,92 78,90 82,88 83,88 84,87 86,87 84,89 83,89 82,90
d8sa9Za7JHo/00000199.jpg	0	247	60	290	103	247,70 248,75 249,81 250,87 253,92 255,97 259,101 263,105 268,105 272,104 276,100 278,95 281,89 282,84 283,79 284,73 283,68 252,69 255,67 258,67 261,67 264,68 270,68 273,66 275,65 278,64 281,65 268,72 268,77 268,82 269,86 264,86 266,88 269,89 271,87 273,86 256,72 258,72 260,72 262,72 260,73 258,73 272,71 274,70 276,70 278,70 276,71 274,72 260,91 263,91 266,91 268,91 270,90 273,90 275,90 273,95 271,97 268,98 266,98 263,96 261,92 266,92 268,92 270,92 274,91 270,94 268,95 266,95
d8sa9Za7JHo/00000199.jpg	1	33	50	69	86	36,67 36,71 37,75 39,79 41,83 43,86 47,89 51,91 55,91 59,90 62,87 65,83 67,79 68,74 68,69 67,65 66,60 39,62 40,60 42,59 45,58 47,59 51,58 53,56 56,55 58,55 60,56 50,62 50,64 50,67 51,70 49,73 50,73 52,73 53,73 54,72 42,64 43,63 45,62 47,63 45,64 43,64 54,61 55,60 57,59 58,60 57,61 55,61 47,80 49,78 51,77 52,77 54,77 56,77 58,78 57,80 55,82 53,82 52,82 50,82 48,80 51,79 53,78 54,78 57,78 54,80 53,80 51,80
d8sa9Za7JHo/00000277.jpg	0	429	79	472	122	432,93 432,98 432,102 433,107 435,111 437,116 440,119 444,122 448,123 454,122 458,120 461,116 464,112 465,107 466,101 466,96 466,91 436,88 438,86 440,86 443,86 446,87 450,86 452,85 456,84 459,85 461,87 448,90 448,94 448,98 448,102 445,104 446,105 448,105 450,104 451,103 439,92 440,91 442,91 444,92 442,93 440,93 452,92 454,90 456,90 458,91 456,92 454,92 442,109 445,109 447,109 449,109 450,109 453,108 456,108 454,111 451,113 449,113 447,113 445,112 443,109 447,110 449,110 450,110 455,109 451,111 449,111 447,111
d8sa9Za7JHo/00000076.jpg	0	213	46	256	89	221,62 221,67 221,72 222,77 223,82 225,87 227,91 230,94 234,95 239,95 244,93 248,90 252,85 254,80 256,75 257,69 257,64 223,54 225,52 227,52 230,52 232,54 238,54 241,53 244,52 248,54 250,56 234,60 234,64 233,67 233,71 231,74 232,75 234,76 235,75 237,75 225,61 227,60 229,60 231,62 229,62 227,62 240,62 242,61 244,61 246,62 244,63 242,63 230,83 231,81 232,80 234,81 235,81 238,82 241,84 238,85 235,86 234,86 232,86 231,85 231,83 232,83 234,83 235,83 239,84 235,83 234,83 232,83
d8sa9Za7JHo/00000143.jpg	0	204	46	247	89	211,62 211,67 212,72 214,77 216,82 218,87 221,91 224,95 228,96 233,95 239,92 243,88 247,83 250,77 250,71 250,65 250,58 211,55 212,53 215,53 217,53 220,55 227,54 230,51 234,51 238,51 241,53 224,60 223,64 223,68 222,72 220,75 222,76 224,76 226,75 229,74 214,61 216,60 218,60 221,61 218,62 216,62 230,60 232,59 235,59 237,59 235,61 233,61 220,83 221,81 223,81 225,81 227,80 230,81 233,82 231,85 228,86 226,87 224,87 222,85 221,83 223,83 225,83 227,83 232,82 227,83 225,84 224,83
d8sa9Za7JHo/00000269.jpg	0	445	86	481	122	448,99 448,103 448,107 449,111 450,115 453,119 455,123 459,125 463,126 468,126 472,123 475,120 478,116 480,111 481,107 481,102 481,97 451,93 453,91 455,90 458,90 460,91 464,91 467,89 470,89 473,90 475,92 462,95 462,98 462,102 462,105 460,107 461,108 462,109 464,108 466,107 454,97 455,96 457,96 459,97 457,98 455,98 467,96 469,95 471,95 473,96 471,97 469,97 457,113 459,113 461,112 463,112 465,112 467,112 470,113 467,116 465,117 463,117 461,117 459,116 458,113 461,114 463,114 465,113 469,113 465,115 463,115 461,115
d8sa9Za7JHo/00000067.jpg	0	222	38	273	90	230,58 230,62 230,67 231,72 232,77 235,82 238,85 242,87 246,88 251,88 255,86 259,83 262,78 263,73 264,68 265,63 265,58 235,48 236,46 239,45 242,45 244,47 251,47 253,46 256,45 259,46 261,49 248,53 247,57 247,60 247,64 244,68 246,68 247,69 249,68 250,68 237,55 239,53 241,53 243,55 241,56 239,56 252,55 254,54 257,54 258,55 257,56 254,56 242,77 244,74 246,73 247,74 249,74 251,75 253,77 251,78 249,79 247,79 245,78 244,78 243,76 246,76 247,76 249,76 252,77 249,76 247,76 246,76
d8sa9Za7JHo/00000010.jpg	0	242	31	285	74	241,52 242,57 244,63 245,69 248,74 252,78 257,81 262,82 268,82 272,80 276,76 278,71 280,65 280,60 281,55 280,49 280,44 249,43 251,41 254,39 257,38 260,39 266,38 268,36 271,35 274,35 276,37 264,43 265,47 266,50 267,54 263,58 265,59 267,59 268,58 269,57 253,47 255,45 257,44 259,46 257,47 255,47 268,44 270,42 272,41 273,42 272,43 270,44 259,68 262,65 265,63 267,63 269,63 271,63 272,65 271,68 269,70 267,70 265,71 262,70 261,68 265,66 267,65 269,65 271,65 269,67 267,67 265,68
d8sa9Za7JHo/00000184.jpg	0	208	55	252	98	214,69 214,74 215,79 217,84 219,89 221,93 224,98 227,102 231,103 236,103 241,99 244,94 248,89 250,84 252,78 252,71 251,65 216,65 218,65 220,65 222,66 224,68 230,67 233,65 236,65 239,64 243,65 227,72 227,76 227,81 227,85 224,85 226,87 228,88 230,87 232,85 218,70 220,70 222,70 224,71 222,72 220,71 233,71 235,70 237,70 240,70 238,72 235,72 223,90 224,90 226,90 228,91 230,90 234,90 237,91 234,95 231,97 229,97 227,96 224,94 224,90 227,91 228,92 231,92 236,91 231,94 229,94 227,93
d8sa9Za7JHo/00000197.jpg	0	237	60	280	103	241,69 242,75 243,81 244,87 247,92 250,97 253,102 257,105 262,106 266,104 270,101 273,96 275,90 277,85 278,79 279,74 279,68 246,69 249,67 252,67 255,67 258,69 265,68 267,67 270,66 273,65 276,66 262,72 262,77 262,82 262,86 257,86 259,88 262,89 264,87 266,86 249,72 252,72 254,72 256,73 254,73 252,73 266,72 268,71 270,71 272,71 271,72 269,72 254,91 257,91 260,91 262,92 264,91 267,91 269,91 267,95 264,98 262,98 260,98 256,96 255,92 260,93 262,93 264,92 268,91 264,95 262,95 260,95
d8sa9Za7JHo/00000150.jpg	0	213	50	256	94	217,73 219,78 221,82 224,87 227,91 230,95 234,97 239,98 244,97 248,95 251,91 253,86 254,81 254,75 253,70 253,65 251,60 220,65 222,62 224,60 228,59 231,60 237,57 239,54 241,53 244,52 247,53 235,63 236,67 237,71 238,75 236,79 237,79 239,79 241,77 242,76 224,69 226,67 228,66 231,67 229,68 227,69 240,63 241,61 243,60 245,60 244,62 242,62 234,88 236,85 238,83 240,83 241,82 244,82 246,83 245,86 243,88 242,89 240,89 237,89 236,88 239,86 240,85 242,84 245,83 242,85 241,86 239,86
d8sa9Za7JHo/00000310.jpg	0	383	78	435	130	382,96 382,103 382,110 384,117 388,123 393,128 398,132 405,135 412,135 417,134 421,130 424,124 427,119 428,113 429,107 429,101 428,95 393,92 397,90 401,89 406,89 409,91 414,90 417,88 420,88 423,88 425,90 412,96 413,101 413,105 414,110 408,112 410,113 413,114 416,113 418,112 398,97 400,96 403,96 405,97 403,98 400,98 415,96 418,95 420,95 422,96 420,97 418,97 402,119 406,118 410,118 413,118 415,118 417,118 419,118 417,120 415,122 413,122 410,122 406,121 403,119 410,120 413,120 415,119 418,118 415,119 413,120 410,120
d8sa9Za7JHo/00000195.jpg	0	232	60	275	103	237,69 237,75 238,81 240,86 242,91 245,96 248,101 252,105 257,106 261,104 265,100 268,96 271,90 273,85 274,79 274,74 274,68 241,68 244,67 247,67 250,67 253,69 259,68 262,66 265,65 268,65 270,66 256,72 256,76 256,81 257,86 252,86 254,87 257,88 259,87 261,86 244,72 247,72 249,72 251,72 249,73 247,73 261,72 263,71 265,71 267,71 265,72 263,72 249,91 252,90 254,91 256,91 259,90 262,90 264,90 262,95 259,97 257,98 254,97 251,95 250,91 254,92 256,92 259,92 263,91 259,94 257,95 254,94
d8sa9Za7JHo/00000206.jpg	0	271	60	314	103	271,68 272,75 273,81 275,87 278,92 281,97 285,102 290,105 294,105 299,104 302,99 304,94 306,88 308,83 309,77 310,71 309,66 277,69 280,68 283,67 287,68 290,69 296,68 299,66 301,64 304,63 307,64 294,72 294,77 295,82 295,87 290,87 292,88 295,89 297,88 299,86 281,73 283,73 286,72 288,73 286,74 283,74 298,71 300,70 302,70 304,69 302,71 300,71 287,93 290,93 293,92 295,93 297,92 299,91 300,91 299,95 297,98 295,99 293,99 290,97 288,93 293,94 295,94 297,93 299,92 297,95 295,96 293,96
d8sa9Za7JHo/00000224.jpg	0	348	55	400	107	353,72 354,78 356,84 358,90 361,96 364,101 368,105 373,108 379,109 384,107 388,102 391,97 394,90 396,83 396,77 396,70 395,63 356,68 358,67 361,66 364,66 367,67 375,66 378,63 381,61 384,61 388,61 372,71 372,77 373,82 374,88 370,89 372,90 375,91 377,89 379,87 360,74 362,73 364,73 367,73 364,74 362,75 378,70 380,69 383,69 385,68 383,70 381,71 369,96 371,95 373,94 376,95 378,94 381,93 384,93 382,98 379,100 377,101 374,101 372,100 370,97 374,96 376,96 378,96 382,94 378,97 376,98 374,98
d8sa9Za7JHo/00000200.jpg	0	247	60	290	103	250,69 251,75 252,81 253,86 256,92 259,97 262,101 267,104 272,105 276,103 279,99 282,94 284,89 286,83 287,78 287,72 287,67 255,68 258,67 261,66 265,67 268,68 274,67 276,65 279,64 281,64 284,64 271,71 271,76 272,81 272,86 267,86 269,87 272,88 274,87 276,85 259,72 261,72 263,72 265,72 263,73 261,73 275,71 277,70 279,70 281,70 280,71 278,71 264,92 267,91 270,91 272,91 274,90 276,90 278,90 277,94 274,97 272,98 270,97 267,96 265,92 270,92 272,92 274,92 277,91 274,94 272,95 270,95
d8sa9Za7JHo/00000100.jpg	0	194	46	237	89	200,65 201,69 202,74 203,78 206,83 209,87 212,91 215,94 219,95 224,94 229,91 233,87 237,83 240,77 241,70 240,64 240,57 200,57 201,56 203,55 205,55 208,56 213,55 216,53 220,52 224,52 228,53 210,60 210,64 210,68 210,71 209,74 210,75 212,75 214,74 216,73 203,61 204,60 206,59 208,61 206,62 204,62 217,59 219,57 221,57 224,58 222,59 219,60 210,82 210,80 212,79 213,80 215,79 219,79 223,80 220,83 217,85 215,85 213,85 211,84 211,82 212,81 214,81 215,80 222,80 216,82 214,82 213,82
d8sa9Za7JHo/00000205.jpg	0	266	60	309	103	267,69 268,75 269,82 271,87 274,93 277,98 281,102 286,105 291,105 295,103 298,99 300,94 302,88 304,83 305,77 305,72 305,66 273,69 276,68 280,67 283,67 286,68 292,67 295,66 297,64 300,63 303,64 290,72 290,77 291,82 291,87 286,87 288,88 291,89 293,88 295,86 277,73 279,72 282,72 284,73 282,74 279,74 294,71 296,70 298,69 300,69 298,71 296,71 283,93 286,92 289,92 291,92 293,91 295,91 296,91 295,95 293,98 291,99 289,99 285,97 284,93 289,93 291,93 293,93 295,92 293,95 291,96 289,96
d8sa9Za7JHo/00000309.jpg	0	383	78	435	130	384,97 384,103 384,110 386,117 389,123 394,128 399,132 406,136 413,136 418,134 422,130 425,124 427,119 429,113 429,107 429,101 428,96 394,93 398,91 402,90 406,91 410,92 415,91 417,90 420,89 423,89 425,91 412,97 413,102 414,106 415,110 408,113 411,114 414,115 416,114 418,112 398,98 401,97 404,97 406,99 404,99 401,99 416,98 418,96 420,96 422,97 421,98 418,98 402,119 407,119 411,118 413,119 415,118 418,118 420,118 418,121 416,123 413,123 411,123 407,122 404,119 411,120 413,120 415,120 419,118 416,120 413,121 411,121
d8sa9Za7JHo/00000306.jpg	0	389	90	440	141	391,104 390,111 390,117 391,123 393,129 397,134 402,138 408,141 414,142 421,141 425,137 428,132 430,126 431,121 431,115 431,109 430,104 397,100 401,98 405,97 409,97 412,99 417,98 420,97 423,96 426,97 428,99 414,104 415,108 415,113 416,117 410,119 412,120 415,121 418,120 420,119 401,105 404,104 406,104 409,105 406,105 404,105 419,105 421,103 423,103 425,104 423,105 421,105 405,125 409,125 412,125 415,125 417,124 420,124 423,124 420,127 418,129 415,129 413,129 409,128 406,125 413,126 415,126 417,126 422,125 417,126 415,127 413,126
d8sa9Za7JHo/00000280.jpg	0	419	74	463	118	425,92 424,97 425,102 425,107 427,112 430,116 433,120 437,122 441,123 446,122 451,120 454,116 457,112 459,107 460,102 460,97 460,92 428,86 430,84 433,84 436,84 438,86 442,85 445,84 448,83 451,84 454,86 440,89 440,93 440,97 440,100 437,103 439,104 440,104 442,104 444,103 431,90 433,89 435,89 437,91 435,91 433,91 445,90 447,89 449,89 451,90 449,91 447,91 435,109 437,108 439,108 441,108 443,108 446,108 449,108 446,111 443,112 441,112 439,112 437,111 436,109 439,109 441,109 443,109 447,109 443,110 441,110 439,110
d8sa9Za7JHo/00000185.jpg	0	208	55	252	98	216,70 215,75 216,80 217,85 219,89 222,94 224,99 228,103 232,104 237,103 242,100 246,95 250,90 252,85 254,79 254,73 253,67 217,66 219,65 222,65 224,66 227,68 231,67 235,65 238,65 242,65 245,66 229,72 229,76 229,80 229,85 225,85 227,86 229,87 232,86 234,85 220,71 222,70 224,71 226,71 224,72 222,71 235,71 237,71 239,71 242,71 239,72 237,72 224,90 225,89 228,90 230,90 232,90 235,90 238,91 235,94 232,96 230,96 228,95 225,93 225,90 228,91 230,91 232,91 237,91 232,93 230,93 228,93
d8sa9Za7JHo/00000185.jpg	1	95	32	147	84	104,47 103,52 103,58 103,64 104,70 105,76 107,81 111,85 117,87 125,87 133,85 140,82 145,77 148,71 150,64 152,58 153,50 104,39 106,37 109,37 112,38 115,41 123,42 128,40 133,40 137,41 141,44 118,47 117,51 116,55 115,59 112,62 114,63 116,64 118,64 120,63 107,45 109,44 112,44 114,47 111,47 109,47 126,48 129,46 133,46 136,48 133,49 129,49 110,71 111,69 114,69 115,69 118,69 121,71 126,74 121,74 118,74 115,73 113,73 111,72 111,71 114,71 115,71 118,71 124,73 118,71 115,71 114,70
d8sa9Za7JHo/00000188.jpg	0	218	60	261	103	224,70 224,75 225,80 227,85 229,90 231,95 234,100 236,104 241,105 245,104 250,100 253,95 256,89 259,84 260,77 260,71 259,65 225,67 227,66 229,66 231,67 234,68 239,67 242,66 245,65 248,64 252,65 237,71 237,76 236,81 236,85 233,85 235,87 237,88 240,87 242,85 228,71 229,71 231,71 233,71 231,72 229,72 242,71 244,70 246,70 249,70 247,71 245,72 233,91 234,90 236,90 238,91 240,90 244,90 247,90 244,95 241,97 239,98 237,97 235,95 234,91 236,92 238,92 240,92 246,91 241,94 239,95 237,94
d8sa9Za7JHo/00000214.jpg	0	302	55	354	107	306,69 307,76 309,82 311,88 315,93 319,98 323,103 328,106 333,106 337,104 340,99 343,93 345,87 346,81 347,75 347,69 346,63 312,69 315,67 318,67 321,67 325,68 332,66 334,64 336,62 339,61 342,61 329,71 330,76 330,81 331,87 326,87 329,88 331,89 334,87 336,85 316,73 318,73 320,72 323,72 321,74 318,74 333,70 335,69 338,68 340,67 338,69 336,70 324,94 327,93 329,92 332,92 334,92 336,91 338,91 337,95 334,98 332,99 330,99 327,98 325,94 330,94 332,94 334,93 337,91 334,94 332,96 330,96
d8sa9Za7JHo/00000214.jpg	1	49	54	85	90	47,71 48,75 49,80 51,84 54,89 58,92 62,94 67,96 72,95 76,93 78,90 80,85 81,80 81,76 80,71 80,67 78,63 53,65 54,63 57,61 60,61 63,61 67,60 69,58 71,57 73,57 75,58 66,64 67,67 68,69 69,72 66,76 68,76 69,76 71,75 72,74 57,68 58,66 60,65 62,66 61,67 59,68 69,64 70,62 72,62 73,62 72,63 71,64 64,85 66,82 68,81 70,81 71,80 73,80 74,82 73,83 72,85 71,85 70,86 67,86 66,85 69,82 70,82 71,82 73,82 72,83 71,83 69,84
d8sa9Za7JHo/00000049.jpg	0	112	36	156	79	109,52 109,58 110,64 112,70 116,75 120,79 126,82 132,84 137,84 141,83 143,79 145,75 146,70 147,65 147,61 148,57 147,53 120,46 123,44 128,43 132,43 136,45 141,45 143,44 145,43 147,44 148,45 139,49 140,52 141,55 142,59 136,63 138,63 140,64 142,63 143,62 125,50 127,48 130,48 132,50 130,50 127,50 141,50 143,49 145,49 146,50 145,51 143,50 131,71 135,69 138,68 139,69 141,68 142,69 143,70 142,72 141,73 139,74 138,74 134,73 132,71 138,70 139,70 141,70 142,70 141,71 139,71 138,71
d8sa9Za7JHo/00000081.jpg	0	204	46	247	89	212,63 212,67 212,72 213,76 214,81 215,86 217,91 220,94 225,95 230,95 236,93 241,89 246,84 248,79 249,73 249,67 249,61 213,54 214,53 216,52 218,52 220,54 225,53 228,52 232,51 236,52 239,55 222,59 221,63 220,66 219,70 218,73 219,74 221,75 223,74 225,73 215,60 216,59 218,59 220,60 218,61 216,61 228,60 230,58 233,58 235,59 233,60 230,60 218,82 219,80 220,79 222,80 224,79 227,80 231,81 228,84 225,85 223,85 221,85 219,84 219,82 221,82 222,82 224,81 230,82 224,82 222,82 221,82
d8sa9Za7JHo/00000182.jpg	0	204	55	247	98	212,71 212,76 212,81 213,85 216,90 218,95 221,99 223,103 227,105 232,104 237,101 242,96 245,91 248,85 249,79 248,72 248,66 212,66 214,66 216,66 218,67 220,68 225,68 228,66 231,65 235,65 238,66 223,72 223,76 222,81 222,85 219,85 221,87 223,88 226,87 228,86 215,72 216,71 218,71 220,72 218,72 217,72 229,72 231,71 233,71 235,71 233,72 231,72 218,89 220,89 222,90 224,91 226,90 230,90 234,90 231,95 227,97 225,97 222,97 220,94 219,90 222,91 224,92 226,91 233,90 227,94 224,94 222,94
d8sa9Za7JHo/00000085.jpg	0	201	50	237	86	209,64 208,67 209,71 210,75 211,79 212,83 213,86 216,89 219,90 224,89 228,87 233,84 237,80 239,76 240,70 240,65 241,59 206,59 207,58 208,57 210,58 211,58 218,57 221,55 224,54 227,54 231,56 214,62 214,65 213,68 212,71 212,73 213,74 214,74 216,73 218,72 208,63 209,61 211,61 213,62 211,63 209,63 221,61 223,59 225,59 227,60 225,61 223,61 212,79 212,78 214,77 215,77 217,77 220,77 224,78 221,80 218,81 216,81 214,81 213,80 212,79 214,79 215,78 217,78 223,78 217,79 216,79 214,79
d8sa9Za7JHo/00000073.jpg	0	218	46	261	89	224,61 224,66 224,71 225,76 226,81 227,86 230,90 233,93 237,94 242,94 247,92 251,89 255,85 257,80 259,74 260,69 260,64 227,53 229,51 231,50 234,51 236,53 243,53 246,52 249,51 252,53 254,55 239,59 239,63 238,66 238,70 235,73 236,74 238,75 239,74 241,74 229,60 231,58 233,59 235,60 233,61 231,61 245,61 247,59 249,59 251,61 249,62 247,62 233,82 235,80 237,79 238,80 239,80 242,81 244,83 242,84 239,85 238,85 236,85 235,84 235,82 237,82 238,82 239,82 243,83 239,82 238,82 236,82
d8sa9Za7JHo/00000270.jpg	0	439	84	482	127	445,100 445,104 445,109 446,113 448,117 450,121 453,124 457,127 462,128 466,127 470,124 473,121 475,117 476,113 477,108 477,104 477,100 449,94 451,92 453,92 456,92 458,93 462,92 465,91 468,91 471,92 473,93 460,97 461,100 461,103 461,107 458,109 459,110 461,111 462,110 464,109 452,99 453,98 455,98 457,99 455,99 453,99 465,98 467,97 469,97 470,98 469,99 467,99 455,114 457,114 460,114 461,114 463,113 466,114 468,114 466,117 464,118 462,119 460,118 458,117 456,115 460,115 461,115 463,115 467,114 463,116 462,116 460,116
d8sa9Za7JHo/00000316.jpg	0	383	78	435	130	380,95 379,103 380,110 382,118 386,124 391,130 397,135 403,138 410,139 415,137 419,132 422,126 424,119 426,113 428,107 427,101 427,95 391,93 395,91 400,90 404,91 408,93 413,92 415,90 419,89 422,89 424,90 411,98 412,103 412,108 413,112 406,115 409,116 412,117 415,116 417,114 396,99 399,97 402,97 404,99 402,100 399,100 414,98 416,96 419,95 420,97 419,98 416,98 401,121 405,121 409,120 411,121 413,120 415,119 417,119 416,123 414,125 411,126 409,126 405,125 402,121 409,122 411,122 413,121 416,120 413,122 411,123 409,123
d8sa9Za7JHo/00000211.jpg	0	295	60	338	103	294,70 295,76 296,82 298,88 301,93 305,98 309,102 314,105 319,106 323,104 326,99 328,94 330,88 332,82 333,76 333,70 332,65 299,69 302,67 305,67 309,67 312,68 319,67 321,65 324,63 327,62 329,62 316,71 317,76 317,81 318,87 313,87 315,88 318,89 320,88 322,86 303,73 305,72 308,72 310,72 308,74 306,74 321,70 322,69 325,69 327,68 325,70 323,71 311,94 314,93 316,92 318,92 320,92 322,91 324,91 323,95 321,98 319,98 317,98 314,97 312,94 316,94 318,94 320,93 323,92 320,94 319,95 317,95
d8sa9Za7JHo/00000131.jpg	0	194	46	237	89	200,65 200,69 201,74 203,79 205,83 208,87 211,91 215,94 220,95 225,94 230,92 234,88 237,83 240,77 240,71 240,65 240,59 201,59 202,57 204,56 206,56 209,57 216,55 219,53 223,52 227,53 230,55 213,61 213,64 213,68 212,71 210,74 212,75 214,75 216,74 218,73 204,63 205,61 208,61 210,62 208,63 206,64 219,60 221,58 223,58 226,59 224,61 221,61 211,82 212,80 213,79 215,79 217,79 221,79 225,80 222,82 219,84 216,84 215,84 213,83 212,81 214,81 215,81 217,80 223,80 218,81 216,82 214,81
d8sa9Za7JHo/00000139.jpg	0	199	46	242	89	209,60 208,65 209,70 210,74 211,80 212,85 214,90 216,95 220,97 225,97 231,94 237,90 241,86 245,80 246,74 247,67 247,60 208,53 210,52 212,52 214,53 215,55 220,55 224,54 228,54 232,55 235,57 217,60 216,64 215,69 214,73 212,74 214,75 216,76 219,76 221,75 211,58 212,58 214,58 216,60 214,60 212,60 224,61 226,60 229,60 231,61 229,62 226,62 214,80 214,80 216,80 217,81 219,80 223,81 227,82 223,85 220,86 217,86 216,85 215,83 215,81 216,81 217,82 219,82 226,82 219,84 217,83 216,82
d8sa9Za7JHo/00000201.jpg	0	252	60	295	103	253,69 254,75 255,81 256,87 259,92 262,97 266,101 270,104 275,105 279,103 282,99 285,93 287,88 288,83 290,77 290,72 290,67 259,68 261,67 265,66 268,67 271,68 277,67 279,66 282,64 284,64 287,64 274,72 274,76 275,81 275,86 270,86 273,87 275,88 277,87 279,85 262,72 264,72 266,72 269,72 266,73 264,73 278,71 280,70 282,70 284,70 283,71 281,71 267,91 270,91 273,91 275,91 277,91 279,90 281,90 280,95 277,97 275,98 273,98 269,96 268,92 273,92 275,92 277,92 280,91 277,94 275,95 273,95
d8sa9Za7JHo/00000137.jpg	0	194	46	237	89	201,63 201,67 201,72 203,78 205,82 208,87 211,91 215,95 219,96 224,95 230,93 234,88 238,84 240,78 241,72 241,66 241,59 202,57 203,55 206,55 208,56 211,57 217,56 221,54 224,53 228,53 232,55 215,61 214,65 214,69 213,73 210,75 212,76 215,77 217,76 219,75 205,62 206,60 209,60 211,62 209,63 206,63 221,61 223,59 225,59 228,60 226,61 223,62 211,82 212,81 214,80 215,81 217,80 221,81 225,81 222,85 219,86 217,86 215,86 212,84 212,82 214,82 216,82 218,82 224,82 218,83 216,83 214,83
d8sa9Za7JHo/00000167.jpg	0	189	55	232	98	197,70 197,75 198,80 200,85 202,89 205,94 208,99 211,103 216,104 221,103 225,99 229,94 233,88 235,82 235,76 234,70 233,64 198,66 199,65 201,65 204,66 206,67 211,67 214,65 217,64 220,64 223,64 209,72 209,76 208,80 208,85 205,85 207,87 210,87 212,86 215,85 200,71 201,71 204,71 206,72 204,72 201,72 215,71 216,70 219,69 221,70 219,71 217,71 206,91 207,91 209,90 211,91 212,90 216,90 220,90 217,94 214,96 212,97 210,96 207,95 206,92 209,92 211,92 213,92 218,91 213,93 211,94 210,93
d8sa9Za7JHo/00000198.jpg	0	242	60	285	103	244,69 245,75 245,81 247,86 249,92 252,97 256,101 260,105 265,105 269,104 272,100 275,95 278,89 279,84 280,79 281,73 281,68 249,69 252,67 255,67 259,67 262,69 267,68 270,67 272,65 275,65 278,66 265,72 265,77 265,82 265,86 261,86 263,88 265,89 268,87 269,86 253,73 255,72 257,72 259,73 257,73 255,73 269,72 271,71 273,71 275,71 273,72 271,72 257,91 260,91 263,91 265,91 267,91 270,90 272,90 270,95 267,98 265,98 263,98 260,96 258,92 263,92 265,93 267,92 271,91 267,95 265,95 263,95
d8sa9Za7JHo/00000302.jpg	0	395	89	439	132	399,102 398,107 398,113 399,118 402,124 404,129 408,133 413,136 419,137 425,136 429,133 433,129 436,124 437,118 438,113 439,108 438,102 404,96 407,94 411,93 414,94 417,96 422,95 425,94 428,94 432,95 434,97 420,100 420,105 420,109 420,113 415,115 417,116 419,117 422,116 424,115 408,101 410,100 413,100 415,101 413,102 410,102 424,101 426,100 429,100 431,101 429,102 426,102 410,120 414,120 417,120 419,121 422,120 424,120 427,121 425,124 422,125 419,125 417,125 414,123 412,121 417,122 419,122 422,122 426,121 422,123 419,123 417,122
d8sa9Za7JHo/00000302.jpg	1	190	135	252	198	190,146 191,155 192,165 194,174 197,182 202,190 208,196 214,201 222,203 230,201 236,196 243,190 248,182 251,173 253,163 254,153 255,142 197,143 201,140 206,140 212,142 216,145 223,144 228,141 234,138 241,138 245,141 220,150 220,157 220,164 220,171 214,173 217,175 221,176 225,174 228,172 203,150 206,149 210,149 213,151 210,151 206,151 227,150 231,148 235,147 239,148 235,149 231,150 211,181 214,181 218,181 221,181 224,180 228,180 233,180 229,186 225,189 222,189 218,189 215,187 213,182 218,182 221,182 224,182 231,181 225,185 221,186 218,186
d8sa9Za7JHo/00000165.jpg	0	189	55	232	98	197,71 197,76 198,80 200,85 202,89 205,94 208,99 211,103 216,103 221,102 225,98 229,93 232,87 234,81 234,75 234,69 233,63 197,67 198,66 200,66 202,67 204,68 209,67 212,65 215,64 219,63 222,64 207,71 207,76 207,80 207,84 204,85 206,86 209,87 211,86 213,84 199,71 201,71 203,71 205,71 203,72 201,72 213,70 215,69 217,69 220,69 218,70 216,71 205,90 206,90 208,89 210,90 212,89 215,89 219,89 217,93 214,95 211,96 209,96 207,94 206,91 208,91 210,91 212,91 218,90 213,93 211,93 209,93
d8sa9Za7JHo/00000066.jpg	0	228	41	271	84	232,57 232,61 232,66 233,72 234,76 236,81 239,84 244,86 248,87 253,86 257,84 261,81 263,77 265,72 266,67 266,62 267,58 236,48 238,45 241,44 244,44 246,45 253,46 255,44 258,44 261,46 263,48 249,52 249,55 249,59 249,62 246,66 248,67 249,67 251,67 252,66 239,53 240,52 243,52 244,54 242,54 240,54 254,54 256,52 258,52 260,54 258,55 256,55 244,75 246,73 248,72 249,72 251,72 253,73 254,75 252,76 251,77 249,77 247,77 245,76 245,75 248,74 249,74 251,74 253,75 250,74 249,74 248,74
d8sa9Za7JHo/00000105.jpg	0	194	46	237	89	200,64 200,69 201,73 202,78 205,83 207,88 211,92 214,95 219,96 224,95 229,92 233,88 237,83 239,77 239,71 239,64 238,58 200,57 201,55 203,55 206,55 208,55 214,55 217,53 221,53 224,53 228,54 211,60 211,64 211,67 211,71 209,74 211,75 213,75 215,74 216,73 203,61 204,59 206,59 208,61 206,61 204,62 218,60 219,58 222,58 224,59 222,60 220,60 210,82 210,80 212,80 214,80 215,79 219,80 223,80 220,84 217,85 215,85 213,85 211,84 211,82 212,81 214,81 216,81 222,81 216,82 214,83 213,82
d8sa9Za7JHo/00000155.jpg	0	213	50	256	94	216,73 218,78 220,83 223,87 227,92 231,95 235,97 240,98 245,97 249,94 251,90 253,85 254,80 254,74 254,69 253,64 251,59 221,65 222,62 225,60 228,59 231,59 238,57 239,54 242,52 244,51 247,52 236,63 237,67 238,71 239,75 236,79 238,79 240,79 242,77 243,76 225,68 227,67 229,66 231,66 229,68 227,68 240,62 242,60 244,59 246,59 245,61 243,62 235,88 237,85 239,83 241,83 242,82 245,82 247,83 246,85 244,87 243,88 241,89 238,89 236,88 240,85 241,85 243,84 246,83 243,85 242,86 240,86
d8sa9Za7JHo/00000077.jpg	0	213	50	256	94	220,64 220,68 221,73 222,77 223,82 224,87 226,91 229,94 232,95 237,95 243,93 247,90 251,86 253,81 255,75 255,69 256,63 221,56 223,54 225,54 227,54 229,55 235,55 238,54 241,53 245,54 247,56 232,61 231,64 231,67 230,71 228,74 230,75 231,76 233,75 235,75 224,62 225,61 227,61 228,62 227,63 225,63 238,62 240,61 242,61 244,62 242,63 240,63 228,83 229,81 230,80 231,81 233,81 236,82 239,84 236,86 233,86 232,86 230,86 229,85 229,83 230,83 231,83 233,83 237,84 233,84 232,84 230,83
d8sa9Za7JHo/00000335.jpg	0	398	59	460	122	404,83 403,90 402,96 402,104 404,110 407,116 412,121 419,124 427,126 435,127 442,124 448,120 451,114 454,108 455,102 456,96 456,91 414,74 417,72 421,71 426,72 429,75 434,76 438,75 443,76 446,79 448,82 431,82 431,85 431,88 430,92 424,96 427,97 429,99 432,98 434,98 418,82 420,81 423,81 425,83 422,83 420,83 436,86 439,85 442,86 444,88 441,88 439,87 419,104 422,103 426,103 428,104 431,104 435,105 438,109 434,109 430,109 428,108 425,108 422,106 420,105 426,105 428,106 431,106 436,108 431,107 428,106 426,106
d8sa9Za7JHo/00000156.jpg	0	218	50	261	94	218,73 219,78 221,83 224,88 227,92 231,95 235,97 240,98 245,97 249,95 251,91 253,87 255,81 255,76 255,70 254,65 253,60 221,64 223,61 225,59 228,58 231,59 238,56 240,54 242,52 245,51 248,53 236,63 237,67 238,70 239,74 236,79 238,79 240,78 242,77 243,76 225,68 227,66 229,65 231,66 230,67 228,68 241,62 242,60 245,58 246,59 245,61 243,62 236,88 238,85 240,83 241,83 242,82 244,82 246,83 246,85 244,87 243,88 241,89 239,89 237,88 240,85 242,85 243,84 245,83 243,84 242,85 240,86
d8sa9Za7JHo/00000141.jpg	0	199	46	242	89	208,59 207,64 207,69 208,75 209,81 210,86 212,92 215,96 220,98 226,98 232,95 238,91 243,86 246,80 247,73 248,67 248,60 208,52 210,51 213,51 215,52 217,54 223,54 227,52 231,52 235,53 238,56 220,60 219,64 218,68 217,73 214,75 216,76 218,77 221,76 223,76 211,58 212,57 215,58 217,60 215,60 212,60 227,60 229,59 232,59 234,60 232,61 229,61 214,82 215,81 217,81 219,82 221,81 224,82 228,84 225,87 221,88 219,88 217,88 215,86 215,83 217,83 219,83 221,83 227,84 221,85 219,85 217,84
d8sa9Za7JHo/00000005.jpg	0	250	32	302	84	253,54 254,60 255,65 257,71 260,76 263,80 268,83 273,85 278,85 283,83 287,80 290,75 292,70 293,65 294,59 295,54 294,48 260,44 262,41 265,39 268,39 271,40 278,39 280,37 283,36 286,37 289,38 275,45 276,49 276,52 277,56 273,61 275,61 277,61 279,60 280,59 263,48 265,46 268,46 270,47 268,49 266,49 280,46 282,44 284,43 286,45 285,46 282,46 270,70 272,68 275,66 277,66 279,65 282,66 284,68 282,71 280,73 278,74 276,74 273,73 271,70 276,68 278,68 279,68 283,68 279,70 278,70 276,71
d8sa9Za7JHo/00000228.jpg	0	367	60	410	103	368,73 369,79 371,85 373,91 376,97 380,102 383,106 388,109 393,110 399,108 403,103 406,97 409,91 411,84 412,77 412,71 411,64 371,70 373,68 376,67 380,67 383,68 391,67 394,64 397,62 401,61 405,62 387,72 388,78 388,83 389,88 385,89 387,90 390,91 392,89 394,88 375,75 377,74 379,73 382,74 380,75 377,76 394,71 396,70 398,69 401,69 399,71 396,72 384,97 386,95 388,95 390,95 392,94 395,93 398,93 396,98 394,101 391,101 389,102 386,100 385,97 389,97 391,96 393,96 397,94 393,97 391,98 389,98
d8sa9Za7JHo/00000078.jpg	0	208	46	252	89	218,63 217,67 218,71 219,76 220,81 222,85 224,90 227,93 231,95 236,94 241,92 246,89 250,85 253,79 255,73 255,67 255,62 218,55 219,53 222,52 224,53 226,54 233,54 236,52 239,52 243,53 246,55 229,60 228,64 228,67 227,71 225,74 227,75 228,75 230,75 232,75 220,61 222,60 224,60 226,61 224,62 222,62 235,61 238,60 240,60 242,61 240,62 238,62 226,83 226,81 228,80 229,81 231,80 234,81 237,83 234,85 231,86 229,86 228,85 227,84 227,83 228,82 229,83 231,82 235,83 231,83 229,83 228,83
d8sa9Za7JHo/00000130.jpg	0	194	46	237	89	201,65 201,69 202,74 204,79 206,83 209,88 212,92 216,95 220,96 225,95 230,92 235,88 238,83 241,77 241,70 241,64 240,57 201,59 202,57 204,56 206,57 209,57 216,56 219,54 223,53 226,53 230,54 213,61 212,65 212,69 212,73 210,75 212,76 214,77 216,76 218,75 204,63 206,61 208,61 210,62 208,63 206,64 219,60 221,58 223,58 226,59 224,60 221,61 211,83 212,82 213,81 215,81 217,81 220,81 224,81 221,84 218,86 216,86 215,86 212,85 212,83 214,83 215,83 217,82 223,81 217,83 216,83 214,83
d8sa9Za7JHo/00000070.jpg	0	223	46	266	89	227,60 227,65 227,70 228,75 229,80 231,85 233,88 237,91 241,92 246,91 251,89 255,86 258,82 260,77 261,72 262,67 262,62 230,52 232,50 234,49 237,49 239,51 246,51 249,50 252,49 255,51 257,53 242,57 242,60 242,64 242,68 239,71 240,72 242,72 243,72 245,72 233,57 234,56 236,56 238,58 236,59 234,58 248,58 250,57 252,57 254,58 252,59 250,59 237,80 239,78 240,77 242,78 243,77 246,78 248,80 246,81 243,82 242,82 240,82 238,81 238,80 240,79 242,79 243,79 247,80 243,79 242,79 240,79
d8sa9Za7JHo/00000072.jpg	0	218	46	261	89	225,60 225,65 225,70 226,76 227,81 228,85 231,89 234,92 238,93 243,93 248,91 252,88 256,84 258,79 260,73 261,68 261,63 228,52 229,51 232,50 235,51 237,52 244,52 247,51 250,51 253,52 256,55 240,58 240,62 239,66 239,69 236,73 238,74 239,74 241,74 242,74 230,59 232,58 234,58 236,60 234,60 231,60 246,60 248,59 250,59 252,60 250,61 248,61 234,81 236,79 238,79 239,79 241,79 243,80 246,82 243,84 240,84 239,84 237,84 236,83 235,81 238,81 239,81 241,81 244,82 240,81 239,81 238,81
d8sa9Za7JHo/00000008.jpg	0	247	31	290	74	246,53 246,58 248,64 249,69 252,74 256,78 261,81 266,83 272,83 276,81 280,77 282,72 284,66 285,61 286,56 285,50 285,46 252,43 255,41 258,39 261,38 264,39 270,38 272,36 275,35 278,35 280,37 268,44 269,47 270,51 270,54 267,59 269,59 270,59 272,59 273,58 256,47 258,45 261,45 263,46 261,47 259,48 272,44 274,42 276,41 278,43 277,44 274,44 263,69 266,66 269,64 271,64 272,63 275,64 276,66 275,69 273,71 271,72 269,72 266,71 264,69 269,67 271,66 272,66 275,66 272,68 271,69 269,69
d8sa9Za7JHo/00000038.jpg	0	117	36	160	79	115,52 116,57 116,63 118,68 121,73 125,77 130,80 135,82 140,82 145,81 147,78 149,74 151,69 152,64 153,59 153,55 153,50 125,46 128,43 131,42 135,43 139,44 143,44 146,42 148,42 151,42 152,44 141,48 142,51 143,54 144,58 139,62 141,62 143,62 144,62 145,61 129,49 131,48 134,48 136,49 134,50 131,50 144,49 146,47 148,47 149,48 148,49 146,49 135,70 138,68 141,67 143,67 144,67 146,68 147,69 146,71 144,72 143,73 141,73 138,72 136,70 141,69 143,69 144,69 146,69 144,70 142,70 141,70
d8sa9Za7JHo/00000225.jpg	0	354	55	406	107	357,71 358,78 359,84 362,90 365,95 368,101 372,105 377,109 383,109 388,107 392,102 395,96 398,89 399,82 400,75 399,69 399,62 360,69 362,67 365,67 369,67 372,68 380,66 382,64 385,62 389,60 392,61 376,72 377,77 378,83 378,88 374,89 377,91 379,91 382,89 384,87 364,74 366,73 368,73 371,73 369,74 366,75 382,70 384,69 387,68 389,68 387,70 385,71 373,97 376,96 378,95 380,95 382,94 385,93 388,93 386,98 383,101 381,101 379,101 376,100 375,97 378,96 380,96 382,96 386,94 383,97 381,98 379,98
d8sa9Za7JHo/00000225.jpg	1	73	58	109	94	70,74 71,79 72,84 74,89 77,93 81,97 85,100 90,102 95,101 99,100 101,96 103,91 105,86 105,81 105,76 104,71 103,67 76,69 78,67 81,66 84,66 87,66 91,65 93,63 95,62 98,62 99,64 90,70 91,73 91,76 92,79 89,83 91,83 93,83 94,82 95,81 80,72 82,71 84,70 86,71 84,72 82,73 93,69 94,68 96,67 97,68 96,69 94,70 87,91 89,88 92,87 93,87 94,86 96,86 98,87 97,90 96,92 94,92 93,93 90,92 88,90 92,88 93,88 95,88 97,88 95,89 94,90 92,90
d8sa9Za7JHo/00000148.jpg	0	213	50	256	94	217,72 218,76 220,81 222,85 225,89 228,93 232,95 236,96 241,96 245,94 248,90 251,86 252,81 253,76 253,70 252,65 251,60 219,62 221,59 223,57 226,56 229,56 235,54 237,52 240,50 243,50 246,52 233,61 234,65 235,69 236,72 233,77 235,77 237,76 238,75 240,74 223,66 225,64 227,64 229,65 227,66 225,66 238,61 240,59 242,58 244,59 243,60 241,61 232,86 234,83 236,81 238,81 239,80 242,80 244,82 243,84 241,86 239,87 238,87 235,87 233,86 237,84 238,83 240,82 243,82 240,83 239,84 237,85
d8sa9Za7JHo/00000003.jpg	0	256	32	308	84	260,53 261,59 262,65 263,70 265,76 268,80 273,83 278,86 283,86 288,84 293,81 296,76 299,71 301,66 302,60 302,54 302,49 266,44 268,41 270,40 274,39 277,40 284,39 286,38 290,37 293,38 296,40 281,46 281,50 282,53 282,57 278,61 280,62 282,62 284,61 286,60 269,49 271,47 274,46 275,48 273,49 271,49 286,47 288,44 291,44 293,46 291,47 288,47 275,71 278,68 281,67 283,67 285,66 287,67 290,69 288,72 285,74 283,74 281,74 278,73 276,71 281,69 283,69 285,69 288,69 285,71 283,71 281,71
d8sa9Za7JHo/00000079.jpg	0	208	46	252	89	217,63 216,67 217,71 218,76 219,81 221,85 223,90 225,93 229,95 234,94 240,92 245,88 249,84 251,79 253,73 253,67 253,61 217,55 218,54 220,53 222,53 224,54 231,54 234,52 237,52 240,53 243,55 227,60 227,64 226,67 225,71 224,74 225,75 227,75 229,75 231,74 219,61 221,60 223,60 225,61 223,62 221,62 234,61 235,59 237,59 240,60 238,61 235,61 225,83 225,81 226,80 227,81 229,80 232,81 235,82 233,85 230,86 228,86 227,85 225,84 226,83 226,82 228,82 229,82 234,83 229,83 228,83 227,83
d8sa9Za7JHo/00000186.jpg	0	89	32	141	84	93,47 93,53 94,60 95,67 97,73 100,79 104,83 109,86 116,87 123,87 129,85 135,81 139,76 142,70 143,63 144,56 145,49 99,38 102,36 106,36 110,37 113,40 120,41 124,39 129,38 133,40 137,43 117,46 117,51 116,56 116,61 111,63 114,65 116,66 118,65 120,64 103,45 105,43 109,44 111,46 108,46 105,46 123,47 126,45 129,46 132,47 129,48 126,48 108,72 111,70 113,69 115,70 117,70 120,72 123,74 120,75 117,75 115,75 113,75 111,73 109,72 113,72 115,72 117,72 122,74 117,72 115,72 113,71
d8sa9Za7JHo/00000186.jpg	1	213	60	256	103	219,70 219,75 220,80 221,85 224,90 226,95 228,100 231,105 236,106 241,105 246,101 250,96 253,90 255,84 256,78 256,71 255,65 220,66 221,65 224,65 226,66 229,68 234,67 237,66 240,65 244,64 247,65 232,71 231,76 231,80 231,85 228,85 230,87 232,88 235,87 237,85 223,71 224,70 226,71 228,71 226,72 224,71 237,71 240,70 242,70 244,70 242,71 240,72 228,90 229,90 231,91 233,91 235,91 239,90 242,90 239,95 236,97 234,97 232,97 230,94 229,91 231,92 233,92 235,92 241,91 236,94 234,94 231,94
d8sa9Za7JHo/00000102.jpg	0	194	46	237	89	201,64 201,68 202,73 204,78 206,83 209,88 212,92 215,95 219,96 224,95 229,92 233,88 237,83 239,77 240,71 240,64 239,57 201,57 202,55 204,55 207,55 209,56 214,55 217,53 221,52 224,52 228,53 212,60 211,64 211,68 211,72 209,74 211,75 213,76 215,75 217,74 204,62 205,60 207,60 209,61 207,62 205,62 218,60 219,58 222,58 224,59 222,60 220,60 210,82 210,80 212,79 214,80 216,79 219,79 223,80 220,84 217,86 215,86 213,86 211,84 211,82 212,81 214,81 216,81 222,80 216,83 215,83 213,83
d8sa9Za7JHo/00000153.jpg	0	218	50	261	94	217,75 219,80 221,84 224,89 227,93 231,96 235,98 240,99 245,98 249,96 252,92 254,87 255,82 255,76 255,71 254,66 252,61 221,66 222,63 225,61 228,60 231,60 237,58 239,55 242,53 245,53 248,54 236,64 237,68 238,72 239,76 236,80 238,80 240,80 241,79 243,77 225,70 227,67 229,66 231,67 229,69 227,70 240,63 242,61 244,60 246,61 245,62 243,63 236,90 237,86 239,85 241,84 242,83 244,83 247,84 246,86 244,88 243,89 241,90 238,90 237,89 240,87 241,86 243,85 246,84 243,86 242,87 240,87
d8sa9Za7JHo/00000304.jpg	0	395	94	439	137	395,106 395,112 396,118 397,124 399,129 402,134 406,138 412,141 418,142 424,141 428,137 432,133 434,127 435,122 436,116 436,111 435,106 401,101 404,98 408,97 412,97 416,99 420,99 423,97 427,97 430,98 432,100 418,104 418,108 418,113 418,117 413,119 416,120 418,121 421,120 423,119 405,105 408,104 410,104 412,105 410,106 408,106 422,105 425,104 427,104 429,105 427,106 425,106 408,125 412,124 416,124 418,125 421,124 424,124 427,124 424,127 421,129 418,129 416,129 412,127 410,125 416,126 418,126 421,126 426,125 421,126 418,127 416,126
d8sa9Za7JHo/00000002.jpg	0	256	32	308	84	263,54 264,60 265,65 266,71 268,76 272,80 276,84 281,86 286,86 291,84 295,81 298,77 299,71 300,66 301,60 300,55 300,50 268,44 270,41 273,40 276,39 279,41 286,40 288,38 291,38 294,38 296,40 283,46 284,49 284,53 285,57 281,62 283,62 285,62 286,62 288,61 272,48 273,47 276,46 278,48 276,49 274,49 288,47 290,45 292,45 294,46 292,47 290,47 277,71 280,69 283,67 285,67 287,67 290,67 292,70 290,72 288,74 286,74 283,74 280,74 279,71 283,70 285,70 287,69 291,70 287,71 285,71 283,71
d8sa9Za7JHo/00000151.jpg	0	218	50	261	94	218,75 219,80 221,84 224,89 227,92 231,96 235,98 240,99 245,98 249,96 252,92 254,87 255,82 256,76 255,70 254,65 252,61 221,66 222,63 225,61 228,60 231,60 237,58 239,55 242,53 245,53 248,53 235,64 236,68 237,72 238,76 236,80 238,80 240,80 241,79 242,77 225,69 226,67 229,66 231,67 229,69 227,70 240,63 242,61 244,60 246,60 245,62 242,63 235,89 237,86 239,84 241,84 242,83 244,83 246,84 245,87 244,89 242,90 240,90 238,90 236,89 239,87 241,86 242,85 245,84 243,86 241,87 240,87
d8sa9Za7JHo/00000268.jpg	0	445	86	481	122	448,96 448,101 448,105 449,110 451,114 454,118 457,121 460,124 465,125 470,124 473,121 476,117 478,113 479,108 480,104 481,99 481,95 452,92 454,90 457,89 459,89 462,90 466,90 469,88 472,88 474,89 476,91 464,94 464,97 464,100 464,104 462,106 463,107 465,108 466,107 468,106 455,96 457,95 459,94 461,96 459,96 457,96 468,95 470,94 472,94 473,95 472,95 470,95 459,112 461,111 463,111 465,111 467,111 469,111 471,111 469,114 467,116 465,116 464,116 461,115 460,112 463,112 465,112 467,112 470,112 467,113 465,114 464,114
d8sa9Za7JHo/00000203.jpg	0	29	50	65	86	32,67 33,71 34,75 35,79 37,83 40,87 44,90 48,92 53,91 57,90 60,87 62,83 63,78 63,74 63,69 63,65 62,61 37,61 38,59 41,58 43,58 46,58 50,57 52,55 54,55 56,55 58,56 48,61 49,64 50,66 50,69 48,73 49,73 51,73 52,72 53,72 40,64 41,62 43,62 45,63 43,63 41,64 52,61 53,59 55,59 56,60 55,61 53,61 46,81 48,78 50,77 51,77 52,77 54,77 56,78 55,80 53,81 52,82 50,82 48,82 47,81 50,79 51,79 52,78 55,79 53,79 51,80 50,80
d8sa9Za7JHo/00000203.jpg	1	256	60	299	103	258,68 259,74 260,80 262,86 265,92 268,97 272,101 277,105 282,105 286,103 289,99 292,94 294,88 296,83 297,77 297,72 297,66 264,69 267,67 271,67 274,67 278,68 284,67 287,66 290,64 293,63 295,64 281,72 282,76 282,81 283,86 277,86 280,87 282,88 285,87 287,85 268,72 270,72 273,71 275,72 273,73 271,73 286,71 288,69 290,69 292,69 290,70 288,71 273,91 277,91 280,91 282,91 284,91 286,90 289,90 287,95 285,97 282,98 280,98 276,96 274,92 280,92 282,92 284,92 287,91 284,94 282,95 280,95
d8sa9Za7JHo/00000274.jpg	0	434	89	477	132	438,101 439,106 439,110 440,114 442,119 444,123 446,126 450,129 454,130 459,129 463,127 466,123 468,119 470,114 470,109 470,105 470,100 441,96 443,94 446,93 449,93 452,94 456,94 458,92 461,92 464,93 466,95 454,98 454,102 454,105 454,109 451,111 452,112 454,112 456,111 457,110 445,100 446,99 448,99 450,100 448,100 446,101 458,99 460,98 462,98 463,99 462,100 460,100 449,117 451,116 453,116 454,116 456,115 458,116 461,116 459,118 457,120 455,120 453,120 451,119 450,117 453,117 454,117 456,117 460,116 456,117 455,118 453,118
d8sa9Za7JHo/00000204.jpg	0	261	60	304	103	263,69 264,75 265,81 267,87 270,92 273,97 277,102 281,105 286,105 290,104 293,99 295,94 297,88 299,83 300,77 301,72 301,66 269,70 272,68 275,67 279,68 282,69 288,68 290,66 293,64 295,64 298,64 285,72 285,77 286,82 287,87 281,87 284,88 286,89 289,88 290,86 273,73 275,73 277,72 280,73 277,74 275,74 289,71 291,70 293,70 295,69 294,71 292,71 278,92 281,92 284,92 286,92 288,91 290,91 292,90 291,95 288,98 286,99 284,99 281,97 279,93 284,93 286,93 288,93 291,91 288,95 286,96 284,96
d8sa9Za7JHo/00000144.jpg	0	204	41	247	84	209,56 209,60 210,65 212,69 214,73 216,77 219,81 222,83 226,84 230,83 235,81 239,78 243,75 246,71 248,66 249,61 249,55 210,53 212,51 215,51 218,52 221,53 228,53 232,51 235,51 239,51 242,52 225,57 224,61 224,64 224,67 221,69 223,70 225,70 227,69 229,68 213,58 215,57 218,57 220,58 218,59 215,59 231,57 233,56 236,56 239,57 236,58 233,58 219,75 221,74 224,73 225,73 227,73 230,73 233,74 230,76 228,77 226,77 224,77 222,76 221,75 224,75 225,75 227,74 232,74 227,75 225,75 224,75
d8sa9Za7JHo/00000299.jpg	0	204	121	278	196	203,136 204,147 206,158 208,168 213,178 219,186 226,192 234,197 242,198 249,196 255,190 261,183 265,175 269,166 271,156 272,147 273,137 211,136 216,131 224,130 232,131 239,134 248,134 254,131 261,129 268,130 272,134 244,141 245,150 245,158 246,166 237,168 241,170 245,171 249,170 252,168 220,140 224,138 229,138 233,142 229,143 224,143 251,141 255,137 260,136 264,138 260,141 256,142 231,179 236,178 241,177 244,178 247,177 250,178 253,178 250,182 247,185 244,185 240,185 236,183 233,179 241,179 244,180 247,179 251,179 247,181 244,182 241,181
d8sa9Za7JHo/00000064.jpg	0	232	36	275	79	234,55 234,60 235,65 236,70 237,75 240,79 244,82 249,83 254,84 258,83 262,81 265,78 267,73 268,69 269,64 269,59 269,55 240,45 241,43 244,41 247,41 250,42 257,42 259,41 262,41 264,43 266,45 254,48 254,52 254,55 255,58 251,63 253,63 254,63 256,63 257,63 242,50 244,49 246,49 248,50 246,51 244,51 258,51 260,49 262,49 263,50 262,51 260,51 248,72 251,69 253,68 255,69 256,68 258,69 260,72 258,73 256,73 254,73 253,73 250,73 249,71 253,70 254,71 256,71 259,72 256,71 254,71 253,71
d8sa9Za7JHo/00000036.jpg	0	117	31	160	74	114,49 114,55 115,61 117,66 121,71 125,75 130,78 136,80 141,81 145,79 148,75 150,71 152,66 153,61 155,56 155,51 154,46 123,43 126,40 130,39 134,40 138,41 143,41 146,39 149,38 152,38 153,40 141,45 142,49 142,53 143,56 138,60 140,61 142,61 144,60 146,59 127,47 130,45 133,45 135,47 133,48 130,48 144,46 146,44 149,44 151,45 149,46 147,46 134,68 138,67 141,66 143,66 144,66 146,66 148,66 146,69 144,70 143,71 141,71 138,70 135,68 141,68 143,68 144,67 147,67 144,68 143,68 141,68
d8sa9Za7JHo/00000193.jpg	0	228	60	271	103	233,69 234,74 234,80 236,85 238,90 241,95 244,100 248,104 252,105 257,104 261,100 264,95 267,90 269,84 270,78 270,73 270,67 236,68 239,66 241,66 245,67 247,68 254,68 256,66 260,65 263,65 265,66 251,72 251,76 251,81 251,86 247,85 249,87 251,88 254,87 256,85 240,71 242,71 244,71 246,72 244,72 242,72 256,71 258,71 260,71 262,71 260,72 258,72 244,90 247,90 249,90 252,91 254,90 257,89 260,89 257,94 254,96 252,97 250,97 247,94 245,90 250,91 252,92 254,91 259,90 254,94 252,94 250,94
d8sa9Za7JHo/00000275.jpg	0	429	84	472	127	436,99 436,103 436,108 437,113 439,117 442,121 445,124 449,127 453,128 458,127 461,124 464,121 467,117 468,112 469,107 469,102 469,97 440,94 442,92 445,91 447,91 450,92 454,92 456,90 459,90 462,91 464,93 452,96 452,100 452,103 452,107 449,109 451,110 452,111 454,110 456,109 443,98 445,97 447,97 448,98 447,98 445,98 456,97 458,96 460,96 461,97 460,98 458,98 447,115 449,114 451,114 453,114 455,113 457,114 459,114 457,117 455,118 453,119 452,119 449,117 448,115 451,115 453,115 455,115 458,114 455,116 453,116 451,116
d8sa9Za7JHo/00000177.jpg	0	187	49	239	101	196,64 196,70 196,76 197,83 199,89 202,96 205,102 210,107 215,108 221,107 227,103 233,98 237,91 240,84 241,77 241,70 240,63 199,59 201,58 204,58 207,60 210,62 217,63 220,61 224,60 228,60 231,61 214,68 213,73 213,77 212,82 208,84 211,85 213,86 216,85 219,84 202,66 204,65 207,65 209,67 207,68 204,67 220,68 222,66 225,66 228,67 225,68 222,68 205,90 208,90 211,90 213,91 216,90 220,90 224,91 221,96 217,98 214,99 211,98 208,96 206,91 211,92 213,92 216,92 222,92 216,95 214,95 211,94
d8sa9Za7JHo/00000168.jpg	0	189	55	232	98	196,68 196,73 197,78 199,83 201,88 204,93 206,99 210,103 215,103 220,102 225,99 229,93 232,88 234,82 235,76 235,70 234,64 197,64 199,63 201,64 204,65 206,66 212,66 215,65 218,64 221,63 225,64 209,71 209,76 209,80 209,85 205,85 207,86 210,87 213,86 215,85 200,70 201,70 203,70 206,71 203,72 201,71 215,71 217,70 220,70 222,70 220,71 218,71 205,91 206,90 209,90 211,91 213,90 216,90 220,90 217,94 214,96 212,96 209,96 207,94 206,91 209,92 211,92 213,92 218,91 213,93 211,93 209,93
d8sa9Za7JHo/00000170.jpg	0	189	55	232	98	196,68 196,73 197,78 198,83 200,87 203,92 207,97 210,101 214,102 219,101 223,97 227,92 230,87 233,81 234,76 234,70 234,64 197,64 200,64 202,64 205,65 207,67 213,66 216,65 219,64 222,64 226,64 211,72 210,76 210,80 210,85 207,85 209,86 211,87 214,86 216,85 200,70 202,70 204,70 207,71 204,72 202,72 216,71 218,70 221,70 223,70 221,71 219,72 206,91 208,90 210,90 212,90 214,90 217,90 219,90 217,94 215,95 212,96 210,95 208,94 207,91 210,92 212,92 214,91 218,91 214,92 212,93 210,92
d8sa9Za7JHo/00000142.jpg	0	204	46	247	89	211,63 211,67 212,72 213,77 215,82 217,87 220,92 222,95 227,96 231,95 237,92 241,88 245,83 248,78 249,71 249,65 248,59 211,55 212,53 214,53 217,53 219,54 225,53 228,52 232,51 235,52 238,54 222,60 222,64 221,68 221,72 219,75 221,76 223,76 225,76 227,75 214,61 215,60 218,60 220,61 218,62 216,62 229,61 231,59 233,59 236,60 233,61 231,61 219,83 220,81 222,81 223,81 225,81 228,81 232,82 229,85 226,86 224,87 222,87 221,85 220,83 222,83 224,83 225,83 230,82 226,84 224,84 222,84
d8sa9Za7JHo/00000169.jpg	0	189	55	232	98	195,65 195,71 196,76 197,81 199,86 202,91 205,96 209,100 213,101 218,100 222,96 226,92 229,87 231,81 233,76 233,70 233,63 197,62 199,62 202,62 204,64 207,66 212,66 215,65 219,64 222,64 225,64 210,70 210,75 209,80 209,84 205,84 208,85 210,86 213,85 215,84 199,68 201,68 204,68 206,70 203,70 201,70 215,70 218,69 220,69 223,70 220,71 218,71 205,90 207,89 209,89 211,90 212,89 215,89 218,90 216,93 213,94 211,95 209,94 207,92 206,90 209,91 211,91 213,91 217,90 213,91 211,91 209,91
d8sa9Za7JHo/00000174.jpg	0	187	49	239	101	196,64 196,70 196,76 197,82 199,89 202,95 205,101 209,106 214,108 220,107 226,103 232,97 236,91 238,84 240,77 239,69 239,63 198,59 201,59 204,60 206,61 209,64 215,64 218,63 222,62 225,62 229,63 212,69 212,74 211,79 211,84 206,84 209,86 212,87 215,86 218,85 201,66 203,66 206,67 208,68 205,68 203,68 218,69 221,68 223,68 226,69 223,70 221,70 204,90 206,90 210,90 212,91 214,91 219,91 223,91 219,97 215,99 212,99 210,98 206,96 205,91 210,92 212,93 215,93 221,92 215,95 212,96 210,95
d8sa9Za7JHo/00000176.jpg	0	187	49	239	101	196,64 195,70 196,76 197,83 199,89 202,95 205,101 209,106 214,108 220,107 226,103 232,97 236,91 238,84 240,77 239,70 239,63 199,59 201,58 204,59 207,60 210,63 216,63 219,62 223,61 226,61 230,62 213,68 213,73 212,77 212,82 207,83 210,85 213,86 216,85 219,84 202,66 204,65 206,66 208,67 206,67 203,67 219,68 221,67 224,67 227,67 224,69 221,69 204,90 207,89 210,89 213,90 216,90 220,90 224,91 220,96 216,99 213,99 210,98 207,96 205,90 210,91 213,92 216,92 222,91 216,95 213,95 210,95
d8sa9Za7JHo/00000187.jpg	0	213	55	256	98	221,68 221,73 222,78 224,83 226,87 228,92 231,96 233,100 237,102 242,101 246,98 250,93 253,88 256,83 257,77 257,71 257,65 222,66 224,65 226,65 229,66 231,68 237,67 240,66 243,65 246,65 249,65 234,72 234,76 234,81 234,85 231,85 232,86 235,87 237,86 239,85 225,71 227,71 229,71 231,71 229,72 227,72 240,71 242,71 244,71 246,71 244,72 242,72 231,90 232,90 234,90 235,91 237,90 240,90 243,90 241,93 238,95 236,95 234,95 232,93 232,90 234,91 235,92 237,91 242,90 237,92 236,93 234,92
d8sa9Za7JHo/00000278.jpg	0	424	79	467	122	430,92 430,96 430,101 431,106 432,110 435,114 438,118 442,121 446,121 452,121 456,118 459,114 461,110 463,105 463,100 463,95 463,91 433,86 435,84 438,84 441,84 443,85 447,84 450,83 453,83 456,83 459,85 445,89 446,92 446,96 446,100 442,102 444,103 446,104 448,103 449,102 436,90 438,89 440,89 442,90 440,91 438,91 450,90 452,89 454,89 456,90 454,90 452,90 440,108 442,108 444,107 446,108 448,107 451,107 454,107 451,110 449,111 447,111 445,111 442,110 441,108 445,109 446,109 448,108 453,108 448,109 446,110 445,109
d8sa9Za7JHo/00000060.jpg	0	232	31	275	74	235,51 235,56 236,62 237,67 239,71 243,75 247,77 253,79 257,79 262,78 266,75 269,72 271,68 273,63 273,59 274,54 273,49 241,42 243,39 246,37 249,37 252,38 259,38 261,36 264,36 267,38 269,40 256,44 257,46 257,49 258,52 254,57 256,57 257,57 259,57 260,56 244,46 246,45 249,45 251,46 249,47 247,47 260,46 262,44 264,44 266,45 265,46 262,46 251,66 254,63 256,62 258,62 259,62 261,63 263,66 261,67 259,68 258,68 256,68 254,68 252,66 256,64 258,64 259,64 262,65 259,65 258,66 256,66
d8sa9Za7JHo/00000060.jpg	1	112	36	156	79	109,53 109,58 109,64 111,70 115,75 120,79 126,82 132,84 137,84 141,82 143,78 144,73 145,69 146,64 147,60 146,56 145,53 120,46 123,44 127,42 132,42 135,44 139,45 141,43 143,43 145,43 146,45 138,49 139,52 140,54 141,58 135,62 137,62 139,63 141,62 142,61 124,50 127,48 129,48 131,50 129,50 127,50 139,50 141,48 143,48 144,50 143,50 141,50 130,70 134,68 137,67 139,67 140,67 141,68 142,70 141,71 140,73 139,73 137,73 134,72 131,70 137,69 139,69 140,69 141,69 140,70 139,70 137,70
d8sa9Za7JHo/00000037.jpg	0	117	36	160	79	115,52 116,58 116,63 118,68 121,73 125,77 130,80 135,82 141,82 145,81 148,78 150,74 151,69 152,65 153,60 153,56 153,51 125,45 128,43 132,42 136,42 139,43 144,43 146,42 149,42 151,42 152,44 142,47 142,50 143,54 144,57 139,61 141,62 143,62 144,61 146,61 129,49 132,47 134,47 136,49 134,49 132,49 144,49 146,47 148,47 150,48 148,49 146,49 135,69 138,68 141,67 143,67 144,66 146,67 147,69 146,71 144,72 143,72 141,72 138,71 136,69 141,69 143,69 144,68 146,69 144,69 143,70 141,70
d8sa9Za7JHo/00000196.jpg	0	237	60	280	103	240,70 240,75 241,81 242,86 244,92 247,97 250,101 254,105 259,106 264,104 267,101 270,96 273,90 275,85 276,80 276,74 276,69 244,69 247,67 250,67 253,67 256,69 262,68 264,66 267,65 270,65 272,66 259,72 259,77 259,81 259,86 255,86 257,88 259,89 262,87 264,86 248,72 250,72 252,72 254,73 252,73 250,73 263,72 266,71 268,71 270,71 268,72 266,73 251,91 254,91 257,91 259,91 261,91 264,90 267,90 264,95 262,98 259,98 257,98 254,96 252,91 257,92 259,92 261,92 266,91 261,95 259,95 257,95
d8sa9Za7JHo/00000145.jpg	0	208	46	252	89	214,68 214,72 216,77 218,81 220,86 223,89 226,93 230,95 235,95 239,93 244,90 247,86 250,81 252,76 252,70 252,65 251,59 215,59 216,57 219,55 222,55 224,55 231,53 234,51 237,50 240,50 243,52 228,60 229,64 229,67 229,71 227,75 229,75 231,75 232,74 234,73 218,64 220,63 222,62 225,63 223,64 220,65 234,60 236,58 238,58 241,58 239,60 237,60 227,84 228,81 230,80 231,80 233,79 236,80 239,81 237,83 234,85 233,86 231,86 229,85 228,84 230,82 232,82 233,82 238,81 234,82 232,83 231,83
d8sa9Za7JHo/00000058.jpg	0	112	36	156	79	109,53 109,59 110,65 112,71 115,76 120,79 126,82 132,84 138,84 142,82 143,79 144,74 145,69 146,65 146,60 146,56 145,53 120,46 123,44 127,42 131,42 135,44 139,44 141,43 143,43 145,43 145,45 137,48 139,51 140,54 141,58 135,62 137,62 139,63 141,62 142,61 125,50 127,49 129,48 131,50 129,51 127,51 139,50 141,48 142,48 143,50 142,50 141,50 131,71 135,68 138,67 139,68 140,67 141,68 142,70 141,72 140,73 139,73 137,73 134,72 132,70 138,69 139,69 140,69 141,70 140,70 139,71 138,71
d8sa9Za7JHo/00000194.jpg	0	232	60	275	103	236,69 236,75 237,81 238,86 240,91 243,96 246,101 250,105 254,106 259,104 263,101 266,96 269,90 271,85 272,79 272,74 272,68 239,68 242,67 244,67 247,67 250,69 256,68 259,66 262,65 265,65 267,66 253,72 254,76 254,81 254,86 249,86 252,87 254,88 256,87 258,85 243,72 245,72 247,72 249,72 247,73 245,73 258,72 260,71 262,71 264,71 263,72 260,72 247,90 249,90 252,90 254,91 256,90 259,90 262,90 260,95 257,97 254,98 252,97 249,95 248,91 252,91 254,92 256,91 261,90 257,94 254,95 252,94
d8sa9Za7JHo/00000216.jpg	0	164	32	216	84	171,48 170,55 170,61 171,68 173,74 176,80 179,85 183,89 189,90 195,90 202,87 207,83 212,78 215,72 217,65 218,58 218,51 175,42 178,41 181,40 185,42 188,44 193,44 197,42 202,41 206,42 209,45 190,49 189,53 189,58 188,63 184,65 186,66 188,67 191,67 193,66 179,48 181,46 184,47 186,49 183,49 180,49 196,49 199,47 202,47 204,49 202,50 199,50 182,74 184,72 186,72 188,73 190,72 193,74 197,75 193,78 190,78 188,78 186,78 184,76 183,74 186,74 188,75 189,75 195,75 190,75 188,75 186,74
d8sa9Za7JHo/00000216.jpg	1	314	60	357	103	317,71 318,77 320,83 322,89 325,94 328,99 332,103 336,107 342,107 346,105 350,100 352,95 354,89 356,83 357,76 357,70 356,64 321,69 323,67 327,67 330,67 333,68 340,67 343,64 346,62 349,61 352,62 338,71 338,76 339,82 339,87 335,87 337,89 340,89 342,88 344,86 325,73 327,73 329,72 332,73 330,74 327,74 343,70 345,69 347,68 349,68 348,70 345,70 332,94 335,93 338,93 340,93 342,92 345,92 347,91 345,96 343,99 341,100 338,100 335,98 334,94 338,94 340,94 342,94 346,92 342,96 340,96 338,96
d8sa9Za7JHo/00000307.jpg	0	391	94	434	137	389,104 389,110 390,116 391,122 393,128 397,133 401,137 407,140 414,140 420,139 424,135 427,130 429,124 430,119 430,113 430,108 429,102 396,100 398,97 403,95 407,95 411,97 416,96 419,95 422,95 425,95 427,98 413,102 414,106 414,111 415,115 409,117 412,118 414,119 417,118 419,117 400,103 402,102 405,102 407,103 405,104 402,104 417,103 420,101 422,101 424,102 422,103 420,103 404,123 408,123 411,122 414,123 416,122 419,122 422,122 419,125 417,127 414,127 411,127 408,126 405,124 411,124 414,124 416,124 421,123 417,125 414,125 411,125
d8sa9Za7JHo/00000061.jpg	0	112	36	156	79	108,53 108,59 109,65 111,71 114,75 119,79 125,82 131,84 137,84 141,82 143,78 144,74 145,69 145,65 146,60 145,56 144,53 120,46 123,43 127,42 131,42 134,44 138,44 140,43 142,43 144,44 145,46 137,48 138,51 139,54 140,57 135,62 137,62 138,62 140,62 141,61 124,50 127,48 129,48 131,50 129,50 127,50 138,50 140,49 142,49 143,50 142,51 140,50 130,70 134,68 137,67 138,67 140,67 141,67 141,70 141,71 140,72 139,73 137,73 134,72 131,70 137,69 138,69 140,69 141,69 139,70 138,70 137,70
d8sa9Za7JHo/00000061.jpg	1	227	26	279	78	229,50 230,56 231,61 233,66 237,71 241,75 247,78 252,80 257,80 262,79 265,76 268,72 271,68 272,63 273,58 273,53 272,49 239,42 242,39 245,38 249,37 252,38 259,38 262,36 264,36 267,38 268,40 257,45 257,48 258,50 259,53 254,58 256,58 258,58 259,58 261,57 244,47 246,46 248,46 250,47 248,47 246,48 260,47 262,45 264,45 266,47 264,47 262,47 251,67 254,64 257,63 258,63 260,63 262,64 263,67 262,68 260,69 258,69 256,69 254,69 252,67 257,65 258,65 260,65 262,66 260,67 258,67 257,67
d8sa9Za7JHo/00000068.jpg	0	223	41	266	84	229,58 229,63 229,68 230,73 231,78 233,83 236,86 240,89 244,89 249,89 254,87 258,84 260,80 262,75 264,70 264,65 264,60 233,50 234,47 237,46 240,46 242,48 249,48 252,47 255,47 258,48 260,51 246,55 245,58 245,62 245,65 242,69 243,70 245,70 246,70 248,69 235,56 237,54 239,55 241,56 239,57 237,57 251,56 253,55 255,55 257,56 255,57 253,57 240,78 242,76 244,75 245,75 247,75 249,76 251,78 249,80 246,80 245,80 243,80 241,79 241,78 244,77 245,78 247,78 250,78 246,77 245,78 243,77
d8sa9Za7JHo/00000146.jpg	0	208	46	252	89	214,67 214,72 216,76 218,81 221,85 223,90 227,93 231,96 236,96 240,94 244,91 248,86 251,81 252,76 253,70 252,65 251,59 216,59 218,56 220,55 223,54 226,55 233,53 235,51 238,50 242,50 244,51 230,60 230,64 231,67 231,71 229,75 231,75 232,75 234,74 236,73 220,64 221,62 224,62 226,63 224,64 222,64 236,60 238,58 240,58 242,58 240,59 238,60 228,84 229,82 232,80 233,80 235,79 237,80 240,81 238,84 236,85 234,86 233,86 230,86 229,84 232,83 233,82 235,82 239,81 235,82 234,83 232,83
d8sa9Za7JHo/00000103.jpg	0	194	46	237	89	200,64 200,69 201,74 203,79 205,83 208,88 211,92 215,95 219,96 224,95 229,92 233,88 236,83 239,77 240,71 239,64 239,58 200,57 201,55 204,54 206,55 208,55 214,54 217,53 221,52 224,52 228,54 211,60 211,64 211,67 211,71 209,74 211,75 213,75 215,74 216,73 203,61 204,60 206,59 209,61 207,61 205,62 218,59 219,58 222,57 224,58 222,59 220,60 210,82 210,80 212,80 214,80 215,79 219,80 223,80 220,84 217,86 215,86 213,86 211,85 211,82 212,81 214,81 216,81 222,81 216,83 215,83 213,83
d8sa9Za7JHo/00000040.jpg	0	117	36	160	79	114,52 114,58 115,64 117,70 120,74 124,78 129,81 135,84 140,84 144,82 147,79 149,75 150,70 151,66 152,61 152,57 151,53 125,47 128,44 132,42 136,43 139,44 144,45 146,43 148,43 150,43 151,45 142,48 143,52 143,55 144,58 139,62 141,63 143,63 144,62 146,62 129,50 131,49 134,48 136,50 134,51 132,51 144,50 146,48 148,48 149,50 148,50 146,50 135,71 138,69 141,68 143,68 144,68 145,68 146,70 145,72 144,74 143,74 141,74 138,73 136,71 141,70 143,70 144,70 145,70 144,71 143,71 141,71
d8sa9Za7JHo/00000273.jpg	0	434	89	477	132	440,102 440,106 441,111 442,115 443,119 446,123 448,127 452,130 456,131 461,130 465,127 469,123 471,119 472,114 473,110 473,105 473,101 444,96 445,95 448,94 450,94 453,95 457,94 460,93 463,93 466,94 468,96 455,99 455,102 455,106 455,110 452,112 454,113 455,113 457,112 459,111 447,101 448,100 450,99 452,100 450,101 448,101 459,100 461,99 463,99 465,100 463,101 461,101 450,117 452,117 454,117 456,117 458,116 460,116 463,117 461,119 458,121 456,121 454,121 452,120 451,118 454,118 456,118 458,118 462,117 458,119 456,119 454,119
d8sa9Za7JHo/00000129.jpg	0	194	46	237	89	201,65 201,69 202,74 204,79 206,84 209,88 212,92 216,95 221,96 226,95 231,92 235,88 239,83 241,77 241,70 241,64 240,57 201,59 202,57 204,56 207,56 209,57 216,56 219,53 223,52 227,52 230,54 213,61 213,65 213,69 213,73 210,75 212,76 214,76 217,75 219,74 205,63 206,61 208,61 210,62 208,63 206,64 220,60 221,58 224,58 226,59 224,60 222,61 211,83 212,81 214,81 215,81 217,80 221,80 225,81 222,84 219,86 217,86 215,86 213,85 212,83 214,82 216,82 217,82 223,81 218,83 216,83 215,83
d8sa9Za7JHo/00000219.jpg	0	328	60	371	103	330,71 331,77 333,83 335,89 338,95 341,100 345,104 351,107 356,107 361,105 365,101 368,95 370,88 371,82 372,76 372,70 371,63 334,69 336,67 340,66 343,66 347,67 354,66 357,63 360,61 363,61 366,61 351,71 352,76 352,81 353,86 348,87 351,89 353,89 356,88 358,86 338,73 340,73 343,72 345,72 343,74 341,74 356,70 358,69 361,68 363,68 361,69 359,70 346,95 349,93 351,93 354,93 356,92 358,92 361,92 359,96 357,99 355,100 352,100 349,98 348,95 352,95 354,94 356,94 360,92 356,95 354,96 352,96
d8sa9Za7JHo/00000075.jpg	0	210	44	262	95	218,62 218,67 219,72 220,77 222,82 224,86 228,91 231,94 236,95 241,95 246,93 250,89 254,84 256,79 257,74 258,68 258,63 222,53 224,52 227,51 230,52 233,53 240,54 243,52 246,52 250,53 252,55 236,59 236,63 235,67 235,71 232,74 234,75 235,75 237,75 239,75 225,60 227,59 229,59 231,60 229,61 227,61 242,61 244,60 247,60 249,61 247,62 244,62 230,83 232,81 234,80 235,81 237,81 240,82 243,84 240,85 237,86 235,86 234,85 232,84 232,83 234,83 235,83 237,83 241,84 237,83 235,83 234,82
d8sa9Za7JHo/00000149.jpg	0	213	50	256	94	218,73 219,77 221,82 223,86 226,90 229,94 233,96 238,97 243,96 247,94 250,91 252,86 253,81 254,76 253,70 252,65 251,60 220,63 222,60 224,58 227,57 229,58 236,56 238,53 241,51 243,51 246,52 234,62 235,66 236,70 237,74 234,78 236,78 238,78 240,76 241,75 224,67 225,65 228,64 230,65 228,67 226,67 239,62 241,59 243,58 245,59 244,61 241,61 233,87 235,84 237,82 239,82 240,81 243,81 245,82 244,85 242,87 241,88 239,88 236,88 234,87 238,85 239,84 241,83 244,83 241,84 240,85 238,85
d8sa9Za7JHo/00000210.jpg	0	290	60	333	103	289,70 290,76 291,82 293,88 297,93 300,98 304,102 309,106 314,106 319,104 321,99 324,93 326,88 327,82 328,76 328,71 328,65 295,69 298,67 301,67 305,67 308,68 314,67 317,65 319,63 322,63 325,63 312,72 312,77 313,82 314,87 309,87 311,88 314,89 316,88 318,86 299,73 301,72 304,72 306,73 304,74 301,74 316,71 318,69 320,69 322,69 321,70 318,71 306,94 309,93 312,92 314,93 315,92 318,91 320,91 318,95 316,98 314,99 312,99 309,97 307,94 312,94 314,94 316,93 318,92 316,95 314,95 312,96
d8sa9Za7JHo/00000210.jpg	1	40	46	84	89	39,69 40,74 41,78 43,83 46,87 50,90 55,93 61,94 65,94 69,92 72,89 73,84 74,80 74,75 74,70 73,66 72,62 48,63 50,61 52,59 56,59 58,59 62,58 63,57 65,56 67,56 69,57 61,62 62,65 63,68 64,71 61,75 63,75 64,75 65,74 66,73 52,66 53,64 55,63 57,64 55,65 54,66 63,62 64,61 66,60 67,61 66,62 65,62 59,84 61,81 63,79 65,79 66,79 67,79 68,81 68,82 67,84 65,84 64,84 62,85 60,83 63,81 65,81 66,80 67,81 66,81 65,82 64,82
d8sa9Za7JHo/00000217.jpg	0	319	60	362	103	321,71 322,77 324,83 326,89 329,94 333,99 336,104 341,107 346,107 351,105 355,100 357,95 360,89 361,82 362,76 362,70 361,64 325,69 328,67 331,67 334,67 338,68 345,66 348,64 351,62 354,61 357,61 342,71 343,76 343,81 344,87 339,88 342,89 344,89 347,88 349,86 329,73 331,73 334,72 336,72 334,74 332,74 347,70 349,69 352,68 354,68 352,69 350,70 337,95 340,94 343,93 345,93 347,92 349,92 352,92 350,96 348,99 345,100 343,100 340,99 338,95 343,95 345,95 347,94 351,92 347,96 345,96 343,97
d8sa9Za7JHo/00000217.jpg	1	170	32	222	84	173,48 173,54 173,61 174,67 176,74 179,80 182,85 187,89 193,91 199,91 206,88 211,84 216,79 219,72 221,65 222,58 223,51 178,40 181,39 185,39 189,40 192,42 198,43 202,41 207,40 211,41 215,44 194,48 193,53 193,58 192,63 188,65 190,66 192,67 195,67 197,66 181,46 184,45 187,45 189,48 186,48 183,48 201,48 203,46 207,46 209,48 207,49 203,49 185,74 187,72 190,72 192,73 194,72 197,74 201,76 197,78 194,79 192,78 189,78 187,76 186,74 190,74 192,75 194,75 199,75 194,75 192,75 190,75
d8sa9Za7JHo/00000209.jpg	0	285	60	328	103	284,69 285,75 286,82 288,87 291,93 295,98 299,102 304,105 309,105 313,103 316,99 319,93 321,87 322,82 323,76 324,70 323,65 290,69 293,67 296,66 300,67 304,68 310,67 312,65 315,63 318,62 320,63 307,71 308,76 308,81 309,86 304,87 306,88 309,89 311,87 313,85 294,72 296,72 299,71 301,72 299,73 297,73 311,70 313,69 316,68 318,68 316,70 314,70 301,93 304,92 307,92 309,92 311,91 313,91 315,91 313,95 311,98 309,98 307,98 304,97 302,93 307,93 309,93 311,93 314,92 311,94 309,95 307,95
d8sa9Za7JHo/00000181.jpg	0	193	49	245	101	199,66 199,73 200,79 202,86 204,92 208,98 211,104 216,108 222,109 228,107 234,103 238,97 242,91 244,84 245,78 245,71 245,64 203,62 205,60 209,60 212,61 215,64 223,65 227,63 230,61 234,61 237,62 220,70 219,74 219,79 219,83 215,85 217,87 220,87 223,86 225,85 206,68 209,67 212,68 214,69 212,70 209,70 225,69 228,68 231,68 233,69 231,70 228,70 212,93 215,91 218,91 220,91 223,91 226,91 230,92 227,96 223,99 221,99 218,99 215,97 213,93 218,93 220,93 223,93 228,93 223,95 221,95 218,95
d8sa9Za7JHo/00000071.jpg	0	218	46	261	89	226,60 225,65 226,70 226,75 228,80 229,85 232,89 235,91 239,93 244,92 249,90 253,87 257,83 259,78 260,73 261,68 262,63 228,52 230,50 233,49 236,50 238,52 245,52 248,50 251,50 254,52 256,54 241,58 241,61 240,65 240,68 237,72 238,73 240,73 242,73 243,73 231,58 233,57 235,57 237,59 235,59 232,59 246,59 248,58 251,58 253,59 251,60 249,60 235,80 237,79 239,78 240,78 242,78 244,79 247,82 244,83 241,83 240,83 238,83 236,82 236,80 238,80 240,80 241,80 245,81 241,81 240,81 238,80
d8sa9Za7JHo/00000140.jpg	0	199	46	242	89	208,59 207,64 208,69 209,74 210,80 211,85 213,91 216,95 220,97 225,97 232,95 237,91 241,85 245,79 246,73 246,66 246,60 208,51 210,50 212,50 214,52 216,54 221,54 225,52 229,53 233,54 236,57 218,60 217,64 216,69 215,73 213,74 214,76 217,77 219,76 222,75 210,58 212,57 214,57 216,59 214,59 212,59 225,60 227,59 229,60 232,61 229,62 227,61 213,80 214,80 216,80 218,81 220,81 224,82 228,83 224,86 220,87 218,87 216,86 214,84 214,81 216,82 218,83 220,83 226,83 220,84 218,84 216,83
d8sa9Za7JHo/00000063.jpg	0	232	36	275	79	235,54 236,59 236,64 237,69 238,73 241,77 245,80 250,82 255,82 259,81 263,79 266,76 268,72 269,67 269,63 270,58 269,54 241,44 243,42 245,40 248,40 251,42 258,42 260,40 263,41 265,42 267,44 255,48 255,51 255,54 256,57 252,61 254,61 255,62 257,61 258,61 244,49 246,48 248,48 250,49 248,50 246,50 259,50 261,48 263,48 264,50 263,50 261,50 250,70 252,68 254,67 256,67 257,67 259,68 260,70 259,71 257,72 256,72 254,72 252,71 251,70 254,69 256,69 257,69 259,70 257,69 256,69 254,69
d8sa9Za7JHo/00000164.jpg	0	189	55	232	98	198,70 198,74 198,79 200,83 202,88 204,93 206,98 209,102 214,103 219,102 224,99 228,94 232,88 234,82 234,76 234,70 233,64 198,64 199,64 201,64 203,65 205,66 209,66 212,64 215,63 219,63 222,64 208,70 207,75 207,79 206,84 204,84 206,85 208,86 211,85 213,84 200,70 201,69 203,70 205,70 203,71 201,71 213,70 215,69 217,69 220,69 217,70 215,70 204,89 205,89 207,89 209,89 211,88 215,88 219,88 216,93 213,95 211,96 208,95 206,93 205,90 207,90 209,90 212,90 218,89 212,92 210,93 208,92
d8sa9Za7JHo/00000180.jpg	0	193	49	245	101	199,68 199,75 200,81 202,87 205,93 209,98 212,103 217,107 222,108 228,106 234,102 238,96 241,89 243,83 243,76 243,70 242,63 203,63 205,62 208,62 211,63 214,65 221,64 224,62 227,61 231,60 234,61 218,70 218,74 218,78 218,83 214,85 216,86 219,87 222,86 224,84 206,70 208,69 211,69 213,70 211,71 208,71 224,69 226,67 228,67 231,68 229,69 226,69 213,93 215,91 217,90 220,91 222,90 226,90 229,92 226,96 223,98 221,99 218,98 215,97 214,93 218,93 220,93 222,92 227,92 223,95 220,95 218,95
d8sa9Za7JHo/00000065.jpg	0	228	36	271	79	233,56 233,60 233,65 234,70 236,75 238,80 242,83 247,85 251,85 256,84 260,82 263,79 265,74 267,70 267,65 268,60 268,56 238,46 239,44 242,42 246,42 248,44 255,44 258,42 261,42 263,44 265,46 252,50 252,53 252,57 252,60 249,64 250,65 252,65 254,65 255,64 241,52 242,50 245,50 247,52 245,53 242,53 256,52 258,50 261,50 262,52 261,53 258,53 246,73 248,71 251,70 252,70 254,70 256,71 258,73 256,75 254,75 252,75 250,75 248,75 247,73 251,72 252,73 254,72 257,73 254,72 252,73 251,73
d8sa9Za7JHo/00000178.jpg	0	187	49	239	101	195,65 195,71 195,77 196,84 199,90 202,96 205,103 210,107 215,109 221,108 227,104 233,98 237,92 239,85 241,78 241,71 241,64 199,60 201,58 205,58 208,60 211,62 217,63 221,61 225,60 228,60 232,61 214,68 214,72 214,77 213,82 208,83 211,85 214,86 217,85 220,84 202,66 204,65 207,66 210,67 207,68 204,67 220,68 223,66 225,66 228,67 226,68 223,68 205,91 208,90 211,90 214,91 216,90 221,90 224,91 221,96 217,98 214,98 211,98 208,96 206,91 211,92 214,92 217,92 223,92 217,95 214,95 212,94
d8sa9Za7JHo/00000208.jpg	0	280	60	323	103	280,69 281,75 282,81 284,87 287,92 290,97 294,102 298,105 303,105 308,103 311,99 313,94 315,88 317,82 318,77 318,71 318,66 286,69 289,67 292,67 295,67 299,68 305,67 307,65 310,64 313,63 315,63 302,71 303,77 303,82 304,87 299,87 301,88 304,89 306,87 308,86 289,73 292,72 294,72 296,72 294,73 292,74 306,71 308,69 311,69 313,69 311,70 309,71 296,93 299,92 301,92 303,92 305,91 307,91 309,91 308,95 306,98 304,98 302,98 299,97 297,93 302,93 304,93 305,93 308,92 306,94 304,95 302,95
d8sa9Za7JHo/00000213.jpg	0	304	60	347	103	303,70 304,76 305,82 308,88 311,93 314,98 318,102 323,105 328,105 332,103 336,99 338,93 340,87 342,81 342,75 342,69 342,63 308,69 310,67 314,66 317,67 321,68 327,66 329,64 332,62 335,61 338,62 324,71 325,76 326,81 327,87 322,87 324,88 327,89 329,87 331,85 311,73 314,72 316,72 319,72 316,73 314,74 329,70 331,69 333,68 336,67 334,69 332,70 319,93 322,93 325,92 327,92 329,91 331,91 334,90 332,95 330,98 328,99 325,99 322,97 320,94 325,94 327,94 329,93 332,91 329,94 327,95 325,95
d8sa9Za7JHo/00000308.jpg	0	383	84	435	136	383,99 383,106 383,112 385,119 388,125 393,130 399,134 406,137 413,138 419,136 423,132 426,127 428,122 429,116 429,110 429,104 428,99 394,95 397,93 402,92 406,93 410,94 415,93 418,92 421,91 424,92 426,94 413,100 413,104 414,108 415,113 408,116 411,117 414,117 416,116 418,115 398,101 401,100 404,100 406,101 404,102 401,102 416,100 419,98 421,98 423,99 421,100 419,100 402,121 407,121 411,121 413,121 416,120 419,120 421,120 419,123 416,125 414,125 411,125 407,124 404,122 411,122 413,122 416,122 420,121 416,123 414,123 411,123
d8sa9Za7JHo/00000004.jpg	0	250	32	302	84	255,54 256,60 258,65 259,71 262,76 266,81 270,84 276,86 281,86 286,84 289,80 292,75 293,70 294,64 295,59 294,53 293,49 262,45 264,42 267,40 271,39 274,40 281,40 283,38 286,37 288,38 290,39 278,45 279,49 280,53 281,57 277,61 278,62 280,62 282,61 283,60 266,49 268,47 270,46 272,48 271,49 268,49 283,46 284,44 287,44 288,45 287,46 285,47 272,71 275,68 279,67 281,67 283,66 285,67 287,69 285,72 283,74 281,74 279,74 276,73 274,71 279,69 281,69 283,69 286,69 283,71 281,71 279,71
d8sa9Za7JHo/00000004.jpg	1	89	26	141	78	87,55 89,61 91,67 95,72 99,76 105,79 112,81 118,83 124,83 128,81 131,76 133,71 135,65 135,60 136,54 135,48 133,42 96,46 99,42 103,41 107,41 111,42 117,40 120,38 123,36 126,36 129,37 117,46 118,49 120,53 121,56 116,61 118,61 121,61 123,61 124,59 101,49 104,46 107,46 110,48 107,49 104,49 120,46 122,43 125,42 127,44 125,45 123,46 114,71 117,68 120,66 122,66 123,65 125,66 127,68 126,71 124,72 123,73 121,73 118,73 115,70 120,68 122,68 123,67 126,68 123,69 122,70 121,70
d8sa9Za7JHo/00000227.jpg	0	360	55	412	107	365,73 366,79 368,85 370,91 373,97 377,102 381,106 385,110 391,110 396,108 400,103 404,97 407,91 408,84 409,77 409,70 407,64 368,69 370,67 373,67 376,67 380,68 387,66 390,64 393,62 397,61 400,61 384,72 384,78 385,83 386,89 382,90 384,91 387,92 389,90 391,88 372,75 374,74 376,74 379,74 376,75 374,76 390,71 392,70 395,69 397,69 395,71 393,71 381,98 383,96 385,95 387,96 389,95 392,94 395,94 394,99 391,102 389,102 386,102 384,101 383,98 386,97 388,97 390,97 394,95 390,98 388,99 386,99
d8sa9Za7JHo/00000202.jpg	0	256	60	299	103	257,69 258,75 259,81 260,87 263,92 266,97 269,101 274,104 278,105 283,103 286,99 288,94 291,88 292,83 293,77 293,72 293,66 262,69 264,67 268,67 271,67 274,68 281,67 283,65 285,64 288,63 291,63 277,71 278,76 278,81 279,86 274,86 276,87 279,88 281,87 283,85 265,73 267,72 270,72 272,72 270,73 267,74 282,71 284,70 286,69 288,69 286,70 284,71 270,91 273,91 276,91 278,91 280,90 283,90 285,90 283,95 281,97 279,98 276,98 273,96 271,92 276,92 278,92 281,92 284,90 281,94 278,95 276,95
d8sa9Za7JHo/00000138.jpg	0	193	44	245	95	200,66 201,71 202,75 203,80 206,85 208,90 212,94 216,97 220,98 226,97 231,94 237,89 241,84 243,78 244,72 244,65 244,58 200,59 202,58 204,58 207,58 209,59 217,58 220,55 224,54 228,53 232,54 213,64 213,67 213,71 212,75 210,78 212,78 214,79 217,78 219,76 203,65 205,64 208,63 210,65 208,66 205,66 221,62 223,60 226,60 229,61 226,63 223,63 212,87 212,85 214,83 216,83 217,83 221,83 225,84 222,86 219,88 217,88 215,88 213,88 213,86 214,85 216,85 218,85 224,84 218,85 216,85 215,85
d8sa9Za7JHo/00000173.jpg	0	194	55	237	98	200,73 200,77 201,82 203,87 206,91 209,96 212,100 215,104 220,104 225,103 230,100 233,94 236,89 238,83 239,77 238,71 237,65 201,67 202,66 205,65 207,66 210,67 214,66 217,64 221,63 224,63 228,64 213,72 213,76 213,80 212,84 210,85 212,87 214,87 217,86 219,85 204,72 205,72 207,71 210,72 208,73 205,73 218,71 220,70 223,69 225,70 223,71 221,71 210,92 211,91 213,90 215,91 217,90 220,90 224,90 221,94 219,96 217,97 214,97 212,95 211,92 214,92 215,92 217,91 222,90 218,93 216,94 214,94
d8sa9Za7JHo/00000311.jpg	0	383	78	435	130	381,97 381,104 382,111 384,118 388,124 393,128 399,132 406,135 412,135 418,134 421,129 423,124 425,118 426,113 427,107 427,102 426,97 393,93 397,90 401,89 405,89 410,91 414,91 417,89 420,88 422,89 424,91 412,97 413,101 414,105 415,109 408,113 411,113 414,114 416,113 418,112 398,98 400,97 403,96 405,98 403,99 400,99 415,97 418,95 420,95 421,96 420,97 418,97 402,119 407,118 411,118 413,118 416,118 418,117 420,118 418,121 416,122 414,123 411,123 407,122 403,119 411,120 413,120 416,119 419,118 416,120 413,120 411,121
d8sa9Za7JHo/00000132.jpg	0	194	46	237	89	201,65 201,69 202,74 204,79 206,83 209,87 212,91 216,95 220,96 225,95 230,92 234,88 238,83 240,77 240,71 240,64 240,58 201,59 202,57 204,57 206,57 208,57 215,56 218,54 222,53 226,53 229,55 212,61 212,65 212,68 212,72 210,74 211,75 213,76 216,75 218,73 204,63 205,61 208,61 210,62 208,63 205,64 219,60 220,58 223,58 225,59 223,60 221,61 211,82 212,80 213,80 215,80 217,79 221,79 225,80 222,84 219,85 217,86 215,85 213,84 212,82 214,81 215,81 217,80 224,80 218,83 216,83 214,83
d8sa9Za7JHo/00000166.jpg	0	189	55	232	98	197,71 197,76 198,81 200,85 203,90 206,94 208,99 211,103 216,103 221,102 226,98 229,93 232,87 234,81 234,75 234,69 232,63 197,67 199,66 201,66 203,67 205,68 210,67 212,65 215,64 219,63 222,64 208,72 208,76 208,80 208,84 205,85 207,86 210,87 212,86 214,84 200,72 201,71 203,71 205,72 203,73 201,73 214,71 216,70 218,69 220,69 218,70 216,71 205,91 207,90 209,90 211,90 213,89 216,89 220,89 218,93 215,96 212,96 210,96 207,94 206,91 209,91 211,91 213,91 219,90 214,93 212,93 210,93
d8sa9Za7JHo/00000215.jpg	0	158	32	210	84	164,51 164,57 165,62 166,68 168,74 171,80 174,85 179,89 184,90 191,89 196,86 201,82 206,77 208,71 209,64 210,58 210,51 168,44 171,43 175,43 178,43 181,45 187,44 190,42 195,41 199,42 202,44 184,49 184,53 183,58 183,62 179,65 181,66 183,67 186,66 188,65 172,49 174,47 177,47 179,49 177,50 174,50 190,49 192,47 195,47 198,48 195,49 192,49 177,75 179,73 181,72 183,72 184,72 187,73 190,75 188,77 185,78 183,78 181,77 179,76 178,75 181,74 183,74 184,74 189,75 185,74 183,74 181,74
d8sa9Za7JHo/00000215.jpg	1	308	55	360	107	312,70 313,76 314,82 316,88 320,94 323,99 327,103 332,106 337,106 342,104 346,99 348,93 350,87 352,81 352,75 352,69 351,63 317,69 319,67 322,67 326,67 329,68 336,66 338,64 341,62 344,61 347,61 333,71 334,76 335,82 335,87 331,87 333,89 336,89 338,88 340,85 321,73 323,73 325,73 328,72 325,74 323,74 338,70 340,69 342,69 344,68 343,69 341,70 328,94 331,93 334,92 336,93 338,92 340,91 343,91 341,96 339,98 337,99 334,99 331,98 330,94 334,94 336,94 338,93 342,92 338,95 336,96 334,96
d8sa9Za7JHo/00000074.jpg	0	218	46	261	89	223,63 223,67 223,72 224,77 225,82 227,87 229,91 233,94 237,95 241,94 246,92 251,89 254,85 257,80 258,75 259,70 259,65 226,54 227,52 230,51 233,51 235,53 242,53 244,52 248,52 251,53 253,56 238,60 237,63 237,67 236,70 234,74 235,75 237,75 238,75 240,75 228,61 230,59 232,59 234,61 232,62 230,62 243,62 245,60 248,60 250,61 248,62 246,62 232,83 234,81 235,80 237,81 238,80 241,81 244,83 241,85 238,85 237,86 235,85 234,84 233,83 235,82 237,83 238,83 242,83 238,83 237,83 235,83
d8sa9Za7JHo/00000147.jpg	0	213	46	256	89	214,70 215,75 217,79 219,84 222,88 225,92 229,94 234,96 239,95 243,93 247,89 250,85 252,80 253,75 253,69 252,64 251,59 218,61 219,58 222,56 225,55 228,56 234,54 237,51 239,50 242,50 245,51 232,61 233,64 234,68 235,71 232,76 234,76 235,75 237,74 238,73 222,65 223,64 226,63 228,64 226,65 224,65 237,60 239,58 241,58 243,58 241,59 239,60 230,85 232,82 234,80 236,80 237,79 240,79 242,81 241,83 239,85 237,86 236,86 233,86 231,84 235,83 236,82 238,82 241,81 238,82 237,83 235,83
d8sa9Za7JHo/00000305.jpg	0	389	90	440	141	393,106 393,112 393,118 394,124 396,130 400,135 404,139 409,142 416,142 421,141 426,138 429,133 431,128 432,122 433,117 433,111 432,106 400,101 403,98 406,98 410,98 414,100 418,99 421,98 424,97 427,98 429,100 416,105 416,109 417,114 417,118 412,120 414,121 417,122 419,121 421,120 404,106 406,105 408,105 411,106 408,106 406,106 420,106 423,104 425,104 427,105 425,106 423,106 406,126 410,125 414,125 416,126 419,125 422,125 424,126 422,128 419,129 416,130 414,130 410,128 408,126 414,127 416,127 419,127 423,126 419,127 416,128 414,127
d8sa9Za7JHo/00000099.jpg	0	194	46	237	89	201,64 201,68 201,73 203,78 206,83 209,87 212,91 215,94 219,95 224,94 229,91 233,87 237,82 239,76 240,70 240,63 239,57 200,57 202,55 204,55 206,55 208,56 213,55 216,53 220,52 224,52 227,53 211,60 211,64 211,68 211,72 209,74 211,75 212,76 215,75 217,73 203,61 205,60 207,60 209,61 207,62 205,62 217,59 219,58 221,57 224,58 222,59 219,60 210,82 210,80 212,79 214,80 216,79 219,79 223,80 220,84 217,86 215,86 213,86 211,84 211,82 212,81 214,81 216,81 222,80 216,83 215,83 213,83
d8sa9Za7JHo/00000272.jpg	0	439	89	482	132	442,102 441,106 442,111 442,115 444,119 446,123 449,127 453,130 458,130 463,130 467,127 470,123 472,119 474,114 474,109 474,105 474,101 445,96 447,94 450,94 452,94 455,95 459,94 461,93 465,93 467,93 470,95 457,98 457,102 457,105 457,109 454,111 456,112 457,113 459,112 461,111 448,100 450,99 452,99 453,100 452,101 450,101 461,100 463,99 465,99 467,100 465,100 463,100 451,117 454,116 456,116 458,116 460,116 462,116 465,116 462,119 460,120 458,120 456,120 454,119 452,117 456,117 458,117 460,117 464,117 460,118 458,118 456,118
d8sa9Za7JHo/00000080.jpg	0	204	46	247	89	210,62 210,66 210,71 211,77 212,82 213,87 216,91 219,94 224,96 230,96 236,93 242,90 246,85 249,79 250,73 251,67 251,61 212,54 213,52 216,51 219,52 221,54 227,53 231,52 235,51 239,53 242,55 224,59 223,63 222,67 221,71 219,74 220,75 222,76 225,75 227,74 214,60 216,58 218,59 221,60 218,61 216,61 230,60 233,59 235,59 238,60 235,61 233,61 218,82 219,81 221,80 223,81 225,80 228,81 232,83 228,85 225,85 223,86 221,85 219,84 219,82 221,82 223,83 225,82 230,83 225,83 223,83 221,82
d8sa9Za7JHo/00000154.jpg	0	218	50	261	94	217,75 219,80 221,84 224,89 227,93 231,96 235,98 240,99 245,98 249,95 252,92 253,87 255,82 255,76 254,71 253,66 252,61 221,65 223,63 225,60 228,59 231,60 238,57 239,55 242,53 245,52 247,53 236,64 237,67 238,71 239,75 237,79 238,79 240,79 242,78 243,76 225,69 227,67 229,66 231,67 230,68 227,69 241,63 242,61 244,60 246,60 245,62 243,63 236,89 238,86 240,83 241,83 243,82 245,82 247,83 246,86 245,87 243,88 241,89 239,89 237,88 240,86 242,85 243,84 246,84 244,85 242,86 241,86
d8sa9Za7JHo/00000009.jpg	0	242	31	285	74	244,51 245,57 246,62 248,68 250,73 254,78 259,81 264,83 270,83 274,80 278,76 280,71 282,66 283,60 283,54 283,49 283,44 251,43 253,40 256,39 259,38 262,38 268,37 271,36 273,35 276,35 278,36 266,43 267,47 268,50 269,54 265,59 267,59 268,59 270,58 271,57 254,47 256,45 259,45 261,46 259,47 257,47 270,44 272,42 274,41 276,42 275,43 272,44 261,68 264,65 267,64 269,64 270,63 272,64 274,66 273,69 271,71 269,71 267,71 264,71 262,68 267,66 269,66 270,66 273,66 270,67 269,68 267,68
d8sa9Za7JHo/00000054.jpg	0	112	36	156	79	108,52 108,58 109,64 112,70 115,75 120,79 126,82 132,84 138,84 141,82 143,78 145,74 146,69 146,65 147,60 147,56 146,52 120,47 123,44 128,42 132,43 136,44 140,45 142,43 144,43 146,43 147,45 139,49 140,52 141,55 143,58 136,62 138,63 140,63 142,63 143,62 125,50 128,49 130,48 132,50 130,51 127,51 140,50 142,49 144,49 145,50 144,51 142,51 131,71 135,69 139,68 140,68 141,67 142,68 142,70 142,72 141,73 139,74 138,73 135,73 132,71 138,70 140,70 141,70 141,70 140,70 140,71 138,71
d8sa9Za7JHo/00000207.jpg	0	275	60	319	103	275,69 276,75 277,82 279,87 282,93 286,98 290,102 295,105 299,105 304,103 307,99 309,94 311,88 313,82 314,77 314,71 314,66 281,69 284,67 288,67 291,67 294,69 301,67 303,66 306,64 308,63 311,64 298,72 299,77 299,82 300,87 295,87 297,88 300,89 302,88 304,86 285,73 287,73 290,72 292,73 290,74 287,74 302,71 304,70 306,69 308,69 307,71 305,71 292,93 295,92 297,92 300,92 301,92 304,91 305,91 304,95 302,98 300,99 298,99 295,97 293,93 298,94 300,94 302,93 304,92 302,95 300,96 298,96
d8sa9Za7JHo/00000223.jpg	0	347	60	391	103	348,72 349,78 351,84 353,90 356,95 360,100 363,105 368,108 374,109 379,107 383,102 387,97 389,90 391,84 392,77 391,70 390,64 351,69 354,67 357,67 361,67 364,68 371,66 374,64 377,62 381,61 385,62 368,71 369,77 369,82 370,87 366,88 368,90 371,90 373,89 375,87 355,74 358,73 360,73 363,73 360,74 358,74 374,70 376,69 379,69 381,68 379,70 377,71 364,96 366,95 369,94 371,94 373,93 376,93 379,93 377,98 374,100 372,101 370,101 367,99 366,96 369,96 371,96 374,95 378,94 374,97 372,98 369,97
d8sa9Za7JHo/00000223.jpg	1	199	32	250	84	215,50 213,54 213,59 214,65 215,70 216,75 217,81 219,86 223,88 229,88 235,86 242,82 248,78 252,73 255,66 256,59 256,51 213,43 215,43 216,43 218,44 219,46 225,46 229,45 233,45 237,46 241,48 221,51 219,55 217,59 215,64 215,65 216,67 218,68 220,68 223,67 215,49 216,48 218,48 220,50 218,50 216,50 229,51 231,50 233,50 236,51 233,52 231,52 216,75 216,73 217,73 218,73 220,73 223,74 228,76 224,77 220,78 219,78 217,77 216,75 217,74 217,75 218,75 220,75 226,76 220,75 218,75 217,74
d8sa9Za7JHo/00000192.jpg	0	228	60	271	103	232,69 232,75 233,80 234,86 236,91 239,95 242,100 245,104 250,105 255,104 259,100 262,95 264,90 266,84 267,79 268,73 267,67 234,68 236,66 239,66 242,67 245,68 251,67 254,66 257,65 260,65 262,66 248,71 248,76 248,80 248,85 244,85 246,87 249,88 251,86 253,85 238,71 239,71 242,71 244,71 242,72 239,72 253,71 255,70 257,70 259,70 257,71 255,71 242,90 245,90 247,90 249,90 251,90 254,89 257,89 255,94 252,97 250,97 247,97 245,95 244,91 247,91 249,92 251,91 256,90 252,94 250,94 247,94
d8sa9Za7JHo/00000007.jpg	0	247	31	290	74	248,53 249,58 250,64 252,69 254,74 258,79 263,81 268,83 273,83 278,81 281,77 284,73 286,67 287,62 288,57 287,51 286,47 255,43 257,41 260,39 263,38 266,39 272,38 274,36 277,35 280,36 282,37 270,44 271,48 272,51 272,55 269,59 271,60 272,60 274,59 275,58 259,48 261,45 263,45 265,47 263,48 261,48 274,45 276,42 278,42 280,43 279,45 276,45 265,69 268,66 271,65 272,65 274,64 276,65 278,67 277,70 275,72 273,72 271,72 268,71 266,69 271,67 273,67 274,67 277,67 274,68 273,69 271,69
d8sa9Za7JHo/00000171.jpg	0	189	55	232	98	196,66 195,72 196,77 197,82 199,87 202,92 205,97 208,101 212,102 217,101 222,98 226,94 230,89 232,83 234,78 234,72 234,66 198,63 200,62 203,62 206,64 208,66 213,66 217,65 220,64 224,64 227,65 211,71 211,75 210,79 210,84 206,84 208,85 211,87 213,86 216,85 201,69 203,68 205,69 207,70 205,71 202,70 217,70 219,69 221,70 224,70 222,71 219,71 204,89 206,89 209,89 211,90 213,90 216,90 219,91 216,94 213,95 211,95 209,95 206,93 205,90 209,91 211,92 213,91 218,91 213,92 211,92 209,92
d8sa9Za7JHo/00000152.jpg	0	218	50	261	94	217,75 218,80 220,84 223,89 227,93 230,96 235,98 240,99 245,98 248,96 251,92 253,87 254,82 255,76 254,71 253,65 252,61 221,66 222,63 225,61 228,60 231,61 238,58 239,55 242,53 245,53 248,53 236,65 237,68 238,72 239,76 236,80 238,80 240,80 242,79 243,77 225,70 227,68 229,67 231,68 229,69 227,70 241,64 242,61 244,60 246,60 245,62 243,63 236,89 237,86 239,84 241,84 242,83 245,83 247,84 246,87 244,89 243,90 241,90 238,90 237,89 240,87 242,86 243,85 246,84 243,86 242,87 240,87
d8sa9Za7JHo/00000134.jpg	0	194	46	237	89	200,64 200,68 201,73 202,77 204,82 207,86 210,90 214,93 218,94 223,94 228,92 233,88 236,83 238,78 239,72 239,66 239,59 201,58 202,56 204,55 207,55 209,56 216,55 219,53 223,53 227,53 230,56 213,60 213,63 212,67 212,70 210,73 211,74 213,74 215,73 218,73 204,62 205,60 208,60 210,62 208,63 205,63 219,61 221,58 223,58 226,60 224,61 221,61 210,81 211,79 213,78 214,78 216,78 220,79 224,80 221,82 218,83 216,84 214,83 212,82 211,81 213,80 215,80 217,79 223,80 217,81 215,81 213,81
d8sa9Za7JHo/00000084.jpg	0	199	46	242	89	207,63 206,67 207,72 208,77 210,82 211,87 214,91 216,95 220,96 226,95 231,93 236,89 241,84 244,79 245,73 245,66 245,60 207,55 207,54 209,53 211,54 213,55 220,54 223,52 227,52 231,52 234,54 217,60 216,64 215,68 215,72 213,74 214,75 216,75 219,75 221,74 209,61 210,59 212,59 215,60 212,61 210,61 223,60 225,58 227,58 230,59 228,60 225,60 213,81 214,80 215,80 217,80 219,80 223,80 227,81 223,84 220,85 218,86 216,85 214,84 214,81 216,81 217,81 219,81 225,81 219,83 217,83 216,82
d8sa9Za7JHo/00000172.jpg	0	194	55	237	98	201,73 201,77 202,82 204,87 207,91 210,95 213,100 216,103 220,104 225,103 229,99 233,94 236,89 238,83 238,77 238,70 237,65 202,68 204,67 205,66 208,67 210,68 214,67 217,65 220,64 224,64 227,65 213,72 212,76 212,80 212,84 210,86 212,87 214,87 216,86 219,85 205,73 206,72 208,72 210,72 208,73 207,73 218,71 220,70 222,69 224,70 222,71 220,71 210,91 211,90 213,90 215,91 217,90 221,89 224,89 222,93 219,96 217,97 215,97 212,95 211,91 214,92 216,92 218,91 223,89 218,93 216,94 214,94
d8sa9Za7JHo/00000135.jpg	0	194	46	237	89	201,64 201,68 201,73 202,77 204,82 207,86 211,89 214,92 219,93 223,93 228,90 233,87 236,82 238,77 239,71 239,65 239,59 201,57 202,55 205,55 207,55 210,56 217,55 220,53 223,53 227,53 230,55 214,60 213,63 213,66 212,69 210,73 212,73 214,73 216,73 218,72 204,62 206,60 208,60 210,61 208,62 206,63 219,60 221,58 224,58 226,59 224,61 221,61 210,80 211,78 213,77 215,78 217,77 220,78 224,79 221,82 218,83 216,83 214,83 212,82 211,80 213,79 215,79 217,79 223,79 218,81 216,81 214,80
d8sa9Za7JHo/00000220.jpg	0	331	55	383	107	336,71 336,77 338,83 340,89 343,95 347,100 350,104 355,107 361,107 366,106 370,101 373,95 375,88 377,82 377,75 377,69 376,63 340,69 342,67 345,66 348,66 352,67 358,66 361,63 364,61 367,60 370,61 355,71 356,76 357,82 357,87 353,88 355,89 358,90 360,88 362,86 343,74 345,73 348,73 350,72 348,74 346,74 361,70 363,69 365,69 368,68 366,69 364,70 352,95 354,94 356,93 359,93 361,92 364,92 366,92 364,96 362,99 360,100 357,100 354,99 353,95 357,95 359,95 361,94 365,93 361,96 359,97 357,97
d8sa9Za7JHo/00000220.jpg	1	55	55	98	98	58,75 59,79 60,84 61,88 64,93 68,96 73,99 77,101 82,100 86,98 89,95 91,90 92,86 93,81 93,76 92,71 90,67 63,69 65,67 68,65 71,65 74,66 78,65 80,63 82,62 84,61 86,63 77,69 77,72 78,74 79,77 76,82 78,82 80,82 81,81 82,80 67,72 69,71 71,70 73,71 71,72 69,72 80,69 81,67 83,67 85,67 83,68 82,69 75,90 76,87 79,86 80,86 81,85 83,85 85,87 84,89 83,90 81,91 80,91 77,91 76,90 79,87 80,87 82,87 84,87 82,88 81,89 79,89
d8sa9Za7JHo/00000006.jpg	0	245	32	296	84	249,52 250,58 251,64 253,70 256,75 260,80 265,83 271,85 276,84 281,82 284,78 287,73 289,67 290,62 291,56 291,51 290,46 256,44 259,42 262,40 265,39 269,40 275,39 277,37 280,36 283,36 286,37 272,44 273,48 274,52 275,55 271,60 273,60 275,60 276,59 278,58 261,48 263,46 265,46 267,47 265,48 263,48 277,45 279,43 281,42 283,43 281,44 279,45 267,70 270,67 273,65 275,65 277,65 279,65 281,67 280,70 278,72 276,72 274,73 271,72 269,69 273,67 275,67 277,67 280,67 277,69 275,70 273,70
d8sa9Za7JHo/00000212.jpg	0	299	60	343	103	298,70 299,76 301,82 303,88 306,93 309,98 313,102 318,105 323,105 328,104 331,99 333,93 335,87 337,82 338,76 338,70 337,64 303,69 306,67 309,67 313,67 316,68 323,66 325,64 328,62 331,61 334,62 320,71 321,76 322,81 322,87 317,87 320,88 322,89 325,87 327,85 307,73 309,72 312,72 314,72 312,74 309,74 325,70 327,69 329,68 331,68 330,70 327,70 314,94 317,93 320,92 322,92 324,92 327,91 329,91 327,95 325,98 323,99 321,99 317,97 316,94 320,94 322,94 324,93 328,91 325,94 323,95 320,95
d8sa9Za7JHo/00000136.jpg	0	194	46	237	89	201,62 200,67 201,72 202,77 204,81 206,86 210,89 213,93 218,94 222,93 227,91 232,88 235,83 238,78 239,72 239,67 239,60 202,56 203,54 206,54 209,55 211,55 217,55 221,53 224,53 228,54 230,56 214,60 214,63 213,66 213,70 210,73 212,73 214,74 216,73 218,73 205,61 206,59 209,59 211,61 209,62 206,62 220,60 222,58 224,58 226,60 224,61 222,61 210,81 211,79 213,78 215,78 217,78 220,78 223,80 221,82 218,83 216,84 214,83 212,82 211,80 213,80 215,80 217,79 222,80 217,81 215,81 214,81
d8sa9Za7JHo/00000303.jpg	0	395	94	439	137	397,102 397,108 397,114 398,120 400,125 403,131 406,135 412,138 418,139 424,138 428,135 431,131 434,125 435,120 436,115 437,109 437,104 403,97 406,95 410,95 414,95 417,97 422,97 425,96 428,95 431,96 433,99 419,102 419,106 419,111 419,115 414,116 416,118 418,119 421,118 423,117 407,102 409,101 412,102 414,103 411,103 409,103 423,103 426,102 428,102 430,103 428,104 426,104 409,122 413,122 416,122 418,122 420,122 423,122 426,123 423,126 420,127 418,127 415,127 412,125 410,123 416,124 418,124 420,124 425,124 420,124 418,125 415,124
d8sa9Za7JHo/00000183.jpg	0	204	55	247	98	209,71 209,76 210,81 211,86 213,91 216,95 219,100 223,103 227,104 232,104 237,100 241,96 244,91 246,85 247,80 247,74 247,68 212,66 214,65 217,65 220,66 222,68 228,67 231,65 234,64 238,64 241,66 225,72 225,76 225,81 224,85 221,85 223,87 225,88 228,87 230,86 215,71 216,71 219,71 221,72 219,72 217,72 231,72 233,70 235,70 238,71 236,72 233,72 219,91 221,90 223,90 225,91 227,91 231,91 234,92 231,95 228,97 225,97 223,96 221,94 220,91 223,92 225,92 228,92 232,92 228,94 225,94 223,93
d8sa9Za7JHo/00000218.jpg	0	323	60	367	103	326,71 327,77 328,83 331,89 334,94 337,99 341,104 346,107 352,107 356,105 360,100 363,94 365,88 366,82 367,76 367,69 366,63 329,69 332,67 335,66 339,67 343,68 349,66 352,63 355,61 358,60 362,61 346,71 347,76 348,81 348,87 344,88 346,89 349,89 351,88 353,86 334,73 336,73 338,72 341,72 339,74 336,74 352,70 354,69 356,68 359,67 357,69 355,70 342,95 345,94 347,93 349,93 351,92 354,92 357,91 355,96 353,99 350,100 348,100 345,98 343,95 348,95 350,94 352,94 355,92 352,95 350,96 348,96
d8sa9Za7JHo/00000218.jpg	1	50	55	93	98	52,74 53,78 54,83 56,88 59,92 63,95 68,98 73,99 78,99 82,97 85,94 87,89 88,84 88,79 88,74 87,70 86,66 59,68 61,65 63,64 67,64 69,64 73,63 75,61 77,60 80,59 82,60 72,67 73,70 74,73 76,76 72,80 74,80 76,80 77,79 78,78 62,70 64,69 66,68 68,69 66,70 64,71 75,67 77,65 79,65 80,65 79,66 77,67 70,89 72,86 75,84 76,84 77,84 79,84 81,86 80,87 79,89 77,89 76,90 73,90 71,88 75,86 77,86 78,85 80,86 78,86 77,87 75,87
d8sa9Za7JHo/00000218.jpg	2	175	32	227	84	181,54 181,59 182,65 183,70 185,76 187,81 189,87 193,91 199,92 206,92 213,89 218,85 223,80 226,74 228,67 228,60 228,53 183,42 184,40 187,39 191,39 194,41 199,41 203,39 208,39 213,40 217,44 196,47 195,52 195,56 195,61 192,65 194,66 196,67 199,66 201,65 185,49 187,47 190,47 192,49 190,50 187,50 204,49 206,47 210,47 212,49 210,50 206,50 190,76 192,73 194,72 196,73 198,73 202,74 206,76 202,78 199,78 197,78 194,78 192,77 192,76 195,75 196,75 198,75 204,76 198,75 196,75 195,75
d8sa9Za7JHo/00000175.jpg	0	187	49	239	101	197,64 196,70 196,76 197,82 199,88 202,95 205,101 209,106 215,108 221,107 227,102 232,97 236,90 239,83 240,76 239,69 239,62 198,59 201,58 204,59 207,60 209,63 216,63 219,62 222,61 226,60 229,61 213,69 213,73 212,78 212,83 207,84 210,85 213,87 216,86 218,84 202,66 204,66 206,67 208,68 206,68 203,68 219,68 221,68 224,68 226,68 224,69 221,69 204,90 207,90 210,90 213,91 215,90 219,90 223,91 220,96 216,99 213,99 211,98 207,96 205,90 211,92 213,92 215,92 222,91 216,95 213,96 211,95
d8sa9Za7JHo/00000001.jpg	0	262	32	314	84	267,53 267,58 268,64 269,70 271,75 274,80 278,83 283,86 288,86 293,85 298,81 302,77 306,72 308,66 309,60 310,54 310,49 270,44 272,41 275,40 279,39 282,40 289,40 292,38 296,37 299,38 303,40 286,46 286,50 286,53 287,57 283,62 285,62 287,62 289,62 290,61 274,48 276,47 279,46 281,48 279,49 276,49 292,47 294,45 297,45 299,46 297,47 294,47 280,71 282,69 285,68 287,68 289,67 292,68 295,70 292,73 289,74 287,75 285,75 282,74 281,71 285,70 287,70 289,69 293,70 289,72 287,72 285,72
