d8sa9Za7JHo/00000143.jpg	0	204	46	247	89	id0
d8sa9Za7JHo/00000197.jpg	0	237	60	280	103	id0
d8sa9Za7JHo/00000204.jpg	0	261	60	304	103	id0
d8sa9Za7JHo/00000195.jpg	0	232	60	275	103	id0
d8sa9Za7JHo/00000180.jpg	0	193	49	245	101	id0
d8sa9Za7JHo/00000074.jpg	0	218	46	261	89	id0
d8sa9Za7JHo/00000010.jpg	0	242	31	285	74	id0
d8sa9Za7JHo/00000085.jpg	0	201	50	237	86	id0
d8sa9Za7JHo/00000099.jpg	0	194	46	237	89	id0
d8sa9Za7JHo/00000153.jpg	0	218	50	261	94	id0
d8sa9Za7JHo/00000221.jpg	0	338	60	381	103	id0
d8sa9Za7JHo/00000081.jpg	0	204	46	247	89	id0
d8sa9Za7JHo/00000156.jpg	0	218	50	261	94	id0
d8sa9Za7JHo/00000102.jpg	0	194	46	237	89	id0
d8sa9Za7JHo/00000199.jpg	0	247	60	290	103	id0
d8sa9Za7JHo/00000136.jpg	0	194	46	237	89	id0
d8sa9Za7JHo/00000208.jpg	0	280	60	323	103	id0
d8sa9Za7JHo/00000224.jpg	0	348	55	400	107	id0
d8sa9Za7JHo/00000007.jpg	0	247	31	290	74	id0
d8sa9Za7JHo/00000134.jpg	0	194	46	237	89	id0
d8sa9Za7JHo/00000155.jpg	0	213	50	256	94	id0
d8sa9Za7JHo/00000192.jpg	0	228	60	271	103	id0
d8sa9Za7JHo/00000001.jpg	0	262	32	314	84	id0
d8sa9Za7JHo/00000131.jpg	0	194	46	237	89	id0
d8sa9Za7JHo/00000170.jpg	0	189	55	232	98	id0
d8sa9Za7JHo/00000065.jpg	0	228	36	271	79	id0
d8sa9Za7JHo/00000164.jpg	0	189	55	232	98	id0
d8sa9Za7JHo/00000137.jpg	0	194	46	237	89	id0
d8sa9Za7JHo/00000104.jpg	0	194	46	237	89	id0
d8sa9Za7JHo/00000133.jpg	0	194	46	237	89	id0
d8sa9Za7JHo/00000147.jpg	0	213	46	256	89	id0
d8sa9Za7JHo/00000151.jpg	0	218	50	261	94	id0
d8sa9Za7JHo/00000226.jpg	0	354	55	406	107	id0
d8sa9Za7JHo/00000064.jpg	0	232	36	275	79	id0
d8sa9Za7JHo/00000072.jpg	0	218	46	261	89	id0
d8sa9Za7JHo/00000185.jpg	0	208	55	252	98	id0
d8sa9Za7JHo/00000172.jpg	0	194	55	237	98	id0
d8sa9Za7JHo/00000196.jpg	0	237	60	280	103	id0
d8sa9Za7JHo/00000002.jpg	0	256	32	308	84	id0
d8sa9Za7JHo/00000135.jpg	0	194	46	237	89	id0
d8sa9Za7JHo/00000222.jpg	0	343	60	386	103	id0
d8sa9Za7JHo/00000139.jpg	0	199	46	242	89	id0
d8sa9Za7JHo/00000060.jpg	0	232	31	275	74	id0
d8sa9Za7JHo/00000177.jpg	0	187	49	239	101	id0
d8sa9Za7JHo/00000174.jpg	0	187	49	239	101	id0
d8sa9Za7JHo/00000004.jpg	0	250	32	302	84	id0
d8sa9Za7JHo/00000223.jpg	0	347	60	391	103	id0
d8sa9Za7JHo/00000207.jpg	0	275	60	319	103	id0
d8sa9Za7JHo/00000146.jpg	0	208	46	252	89	id0
d8sa9Za7JHo/00000138.jpg	0	193	44	245	95	id0
d8sa9Za7JHo/00000132.jpg	0	194	46	237	89	id0
d8sa9Za7JHo/00000140.jpg	0	199	46	242	89	id0
d8sa9Za7JHo/00000182.jpg	0	204	55	247	98	id0
d8sa9Za7JHo/00000201.jpg	0	252	60	295	103	id0
d8sa9Za7JHo/00000190.jpg	0	223	60	266	103	id0
d8sa9Za7JHo/00000105.jpg	0	194	46	237	89	id0
d8sa9Za7JHo/00000165.jpg	0	189	55	232	98	id0
d8sa9Za7JHo/00000228.jpg	0	367	60	410	103	id0
d8sa9Za7JHo/00000184.jpg	0	208	55	252	98	id0
d8sa9Za7JHo/00000186.jpg	1	213	60	256	103	id0
d8sa9Za7JHo/00000210.jpg	0	290	60	333	103	id0
d8sa9Za7JHo/00000183.jpg	0	204	55	247	98	id0
d8sa9Za7JHo/00000211.jpg	0	295	60	338	103	id0
d8sa9Za7JHo/00000009.jpg	0	242	31	285	74	id0
d8sa9Za7JHo/00000068.jpg	0	223	41	266	84	id0
d8sa9Za7JHo/00000202.jpg	0	256	60	299	103	id0
d8sa9Za7JHo/00000075.jpg	0	210	44	262	95	id0
d8sa9Za7JHo/00000171.jpg	0	189	55	232	98	id0
d8sa9Za7JHo/00000070.jpg	0	223	46	266	89	id0
d8sa9Za7JHo/00000206.jpg	0	271	60	314	103	id0
d8sa9Za7JHo/00000219.jpg	0	328	60	371	103	id0
d8sa9Za7JHo/00000063.jpg	0	232	36	275	79	id0
d8sa9Za7JHo/00000129.jpg	0	194	46	237	89	id0
d8sa9Za7JHo/00000061.jpg	1	227	26	279	78	id0
d8sa9Za7JHo/00000217.jpg	0	319	60	362	103	id0
d8sa9Za7JHo/00000006.jpg	0	245	32	296	84	id0
d8sa9Za7JHo/00000003.jpg	0	256	32	308	84	id0
d8sa9Za7JHo/00000100.jpg	0	194	46	237	89	id0
d8sa9Za7JHo/00000079.jpg	0	208	46	252	89	id0
d8sa9Za7JHo/00000191.jpg	0	223	60	266	103	id0
d8sa9Za7JHo/00000189.jpg	0	218	60	261	103	id0
d8sa9Za7JHo/00000067.jpg	0	222	38	273	90	id0
d8sa9Za7JHo/00000216.jpg	1	314	60	357	103	id0
d8sa9Za7JHo/00000130.jpg	0	194	46	237	89	id0
d8sa9Za7JHo/00000215.jpg	1	308	55	360	107	id0
d8sa9Za7JHo/00000005.jpg	0	250	32	302	84	id0
d8sa9Za7JHo/00000176.jpg	0	187	49	239	101	id0
d8sa9Za7JHo/00000066.jpg	0	228	41	271	84	id0
d8sa9Za7JHo/00000198.jpg	0	242	60	285	103	id0
d8sa9Za7JHo/00000175.jpg	0	187	49	239	101	id0
d8sa9Za7JHo/00000187.jpg	0	213	55	256	98	id0
d8sa9Za7JHo/00000069.jpg	0	223	46	266	89	id0
d8sa9Za7JHo/00000148.jpg	0	213	50	256	94	id0
d8sa9Za7JHo/00000150.jpg	0	213	50	256	94	id0
d8sa9Za7JHo/00000103.jpg	0	194	46	237	89	id0
d8sa9Za7JHo/00000167.jpg	0	189	55	232	98	id0
d8sa9Za7JHo/00000188.jpg	0	218	60	261	103	id0
d8sa9Za7JHo/00000077.jpg	0	213	50	256	94	id0
d8sa9Za7JHo/00000142.jpg	0	204	46	247	89	id0
d8sa9Za7JHo/00000213.jpg	0	304	60	347	103	id0
d8sa9Za7JHo/00000141.jpg	0	199	46	242	89	id0
d8sa9Za7JHo/00000227.jpg	0	360	55	412	107	id0
d8sa9Za7JHo/00000212.jpg	0	299	60	343	103	id0
d8sa9Za7JHo/00000193.jpg	0	228	60	271	103	id0
d8sa9Za7JHo/00000082.jpg	0	199	46	242	89	id0
d8sa9Za7JHo/00000152.jpg	0	218	50	261	94	id0
d8sa9Za7JHo/00000194.jpg	0	232	60	275	103	id0
d8sa9Za7JHo/00000181.jpg	0	193	49	245	101	id0
d8sa9Za7JHo/00000200.jpg	0	247	60	290	103	id0
d8sa9Za7JHo/00000083.jpg	0	199	46	242	89	id0
d8sa9Za7JHo/00000154.jpg	0	218	50	261	94	id0
d8sa9Za7JHo/00000214.jpg	0	302	55	354	107	id0
d8sa9Za7JHo/00000008.jpg	0	247	31	290	74	id0
d8sa9Za7JHo/00000225.jpg	0	354	55	406	107	id0
d8sa9Za7JHo/00000203.jpg	1	256	60	299	103	id0
d8sa9Za7JHo/00000159.jpg	0	184	50	228	94	id0
d8sa9Za7JHo/00000205.jpg	0	266	60	309	103	id0
d8sa9Za7JHo/00000166.jpg	0	189	55	232	98	id0
d8sa9Za7JHo/00000173.jpg	0	194	55	237	98	id0
d8sa9Za7JHo/00000078.jpg	0	208	46	252	89	id0
d8sa9Za7JHo/00000169.jpg	0	189	55	232	98	id0
d8sa9Za7JHo/00000076.jpg	0	213	46	256	89	id0
d8sa9Za7JHo/00000071.jpg	0	218	46	261	89	id0
d8sa9Za7JHo/00000084.jpg	0	199	46	242	89	id0
d8sa9Za7JHo/00000144.jpg	0	204	41	247	84	id0
d8sa9Za7JHo/00000220.jpg	0	331	55	383	107	id0
d8sa9Za7JHo/00000149.jpg	0	213	50	256	94	id0
d8sa9Za7JHo/00000145.jpg	0	208	46	252	89	id0
d8sa9Za7JHo/00000073.jpg	0	218	46	261	89	id0
d8sa9Za7JHo/00000218.jpg	0	323	60	367	103	id0
d8sa9Za7JHo/00000178.jpg	0	187	49	239	101	id0
d8sa9Za7JHo/00000080.jpg	0	204	46	247	89	id0
d8sa9Za7JHo/00000209.jpg	0	285	60	328	103	id0
d8sa9Za7JHo/00000168.jpg	0	189	55	232	98	id0
d8sa9Za7JHo/00000270.jpg	0	439	84	482	127	id1
d8sa9Za7JHo/00000273.jpg	0	434	89	477	132	id1
d8sa9Za7JHo/00000268.jpg	0	445	86	481	122	id1
d8sa9Za7JHo/00000335.jpg	0	398	59	460	122	id1
d8sa9Za7JHo/00000306.jpg	0	389	90	440	141	id1
d8sa9Za7JHo/00000269.jpg	0	445	86	481	122	id1
d8sa9Za7JHo/00000304.jpg	0	395	94	439	137	id1
d8sa9Za7JHo/00000302.jpg	0	395	89	439	132	id1
d8sa9Za7JHo/00000310.jpg	0	383	78	435	130	id1
d8sa9Za7JHo/00000272.jpg	0	439	89	482	132	id1
d8sa9Za7JHo/00000311.jpg	0	383	78	435	130	id1
d8sa9Za7JHo/00000271.jpg	0	439	89	482	132	id1
d8sa9Za7JHo/00000305.jpg	0	389	90	440	141	id1
d8sa9Za7JHo/00000312.jpg	0	383	78	435	130	id1
d8sa9Za7JHo/00000309.jpg	0	383	78	435	130	id1
d8sa9Za7JHo/00000316.jpg	0	383	78	435	130	id1
d8sa9Za7JHo/00000303.jpg	0	395	94	439	137	id1
d8sa9Za7JHo/00000307.jpg	0	391	94	434	137	id1
d8sa9Za7JHo/00000274.jpg	0	434	89	477	132	id1
d8sa9Za7JHo/00000315.jpg	0	383	78	435	130	id1
d8sa9Za7JHo/00000308.jpg	0	383	84	435	136	id1
d8sa9Za7JHo/00000278.jpg	0	424	79	467	122	id1
d8sa9Za7JHo/00000275.jpg	0	429	84	472	127	id1
d8sa9Za7JHo/00000276.jpg	0	429	84	472	127	id1
d8sa9Za7JHo/00000277.jpg	0	429	79	472	122	id1
d8sa9Za7JHo/00000280.jpg	0	419	74	463	118	id1
d8sa9Za7JHo/00000221.jpg	1	61	58	97	94	id2
d8sa9Za7JHo/00000199.jpg	1	33	50	69	86	id2
d8sa9Za7JHo/00000226.jpg	1	69	55	112	98	id2
d8sa9Za7JHo/00000222.jpg	1	59	60	103	103	id2
d8sa9Za7JHo/00000210.jpg	1	40	46	84	89	id2
d8sa9Za7JHo/00000214.jpg	1	49	54	85	90	id2
d8sa9Za7JHo/00000225.jpg	1	73	58	109	94	id2
d8sa9Za7JHo/00000203.jpg	0	29	50	65	86	id2
d8sa9Za7JHo/00000220.jpg	1	55	55	98	98	id2
d8sa9Za7JHo/00000218.jpg	1	50	55	93	98	id2
d8sa9Za7JHo/00000049.jpg	0	112	36	156	79	id3
d8sa9Za7JHo/00000060.jpg	1	112	36	156	79	id3
d8sa9Za7JHo/00000004.jpg	1	89	26	141	78	id3
d8sa9Za7JHo/00000036.jpg	0	117	31	160	74	id3
d8sa9Za7JHo/00000040.jpg	0	117	36	160	79	id3
d8sa9Za7JHo/00000061.jpg	0	112	36	156	79	id3
d8sa9Za7JHo/00000038.jpg	0	117	36	160	79	id3
d8sa9Za7JHo/00000037.jpg	0	117	36	160	79	id3
d8sa9Za7JHo/00000054.jpg	0	112	36	156	79	id3
d8sa9Za7JHo/00000058.jpg	0	112	36	156	79	id3
d8sa9Za7JHo/00000185.jpg	1	95	32	147	84	id4
d8sa9Za7JHo/00000223.jpg	1	199	32	250	84	id4
d8sa9Za7JHo/00000186.jpg	0	89	32	141	84	id4
d8sa9Za7JHo/00000217.jpg	1	170	32	222	84	id4
d8sa9Za7JHo/00000216.jpg	0	164	32	216	84	id4
d8sa9Za7JHo/00000215.jpg	0	158	32	210	84	id4
d8sa9Za7JHo/00000218.jpg	2	175	32	227	84	id4
d8sa9Za7JHo/00000302.jpg	1	190	135	252	198	id5
d8sa9Za7JHo/00000299.jpg	0	204	121	278	196	id5
