DOpw4n1pjPc/00000143.jpg	0	253	82	382	211	id0
DOpw4n1pjPc/00000197.jpg	0	253	82	382	211	id0
DOpw4n1pjPc/00000204.jpg	0	253	82	382	211	id0
DOpw4n1pjPc/00000195.jpg	0	253	82	382	211	id0
DOpw4n1pjPc/00000180.jpg	0	253	82	382	211	id0
DOpw4n1pjPc/00000097.jpg	0	103	92	211	199	id0
DOpw4n1pjPc/00000035.jpg	0	127	80	235	187	id0
DOpw4n1pjPc/00000122.jpg	0	236	81	390	236	id0
DOpw4n1pjPc/00000120.jpg	1	116	106	205	196	id0
DOpw4n1pjPc/00000020.jpg	0	175	56	282	163	id0
DOpw4n1pjPc/00000010.jpg	0	199	56	306	163	id0
DOpw4n1pjPc/00000085.jpg	0	106	96	195	186	id0
DOpw4n1pjPc/00000179.jpg	0	253	82	382	211	id0
DOpw4n1pjPc/00000111.jpg	0	103	92	211	199	id0
DOpw4n1pjPc/00000099.jpg	0	106	106	195	196	id0
DOpw4n1pjPc/00000153.jpg	0	259	92	366	199	id0
DOpw4n1pjPc/00000119.jpg	1	103	92	211	199	id0
DOpw4n1pjPc/00000034.jpg	0	127	80	235	187	id0
DOpw4n1pjPc/00000221.jpg	0	253	82	382	211	id0
DOpw4n1pjPc/00000156.jpg	0	253	82	382	211	id0
DOpw4n1pjPc/00000102.jpg	0	103	92	211	199	id0
DOpw4n1pjPc/00000199.jpg	0	253	82	382	211	id0
DOpw4n1pjPc/00000208.jpg	0	253	82	382	211	id0
DOpw4n1pjPc/00000026.jpg	0	163	80	270	187	id0
DOpw4n1pjPc/00000019.jpg	0	175	56	282	163	id0
DOpw4n1pjPc/00000224.jpg	0	270	92	378	199	id0
DOpw4n1pjPc/00000007.jpg	0	211	56	318	163	id0
DOpw4n1pjPc/00000093.jpg	0	106	96	195	186	id0
DOpw4n1pjPc/00000160.jpg	0	253	82	382	211	id0
DOpw4n1pjPc/00000155.jpg	0	253	82	382	211	id0
DOpw4n1pjPc/00000192.jpg	0	253	82	382	211	id0
DOpw4n1pjPc/00000001.jpg	0	223	56	330	163	id0
DOpw4n1pjPc/00000109.jpg	0	103	92	211	199	id0
DOpw4n1pjPc/00000170.jpg	0	253	82	382	211	id0
DOpw4n1pjPc/00000016.jpg	0	175	56	282	163	id0
DOpw4n1pjPc/00000112.jpg	0	103	92	211	199	id0
DOpw4n1pjPc/00000113.jpg	0	103	92	211	199	id0
DOpw4n1pjPc/00000164.jpg	0	253	82	382	211	id0
DOpw4n1pjPc/00000137.jpg	0	270	92	378	199	id0
DOpw4n1pjPc/00000104.jpg	0	103	92	211	199	id0
DOpw4n1pjPc/00000015.jpg	0	187	56	294	163	id0
DOpw4n1pjPc/00000012.jpg	0	187	56	294	163	id0
DOpw4n1pjPc/00000044.jpg	0	103	92	211	199	id0
DOpw4n1pjPc/00000147.jpg	0	253	82	382	211	id0
DOpw4n1pjPc/00000151.jpg	0	253	82	382	211	id0
DOpw4n1pjPc/00000226.jpg	0	270	92	378	199	id0
DOpw4n1pjPc/00000011.jpg	0	199	56	306	163	id0
DOpw4n1pjPc/00000185.jpg	0	253	82	382	211	id0
DOpw4n1pjPc/00000172.jpg	0	253	82	382	211	id0
DOpw4n1pjPc/00000196.jpg	0	253	82	382	211	id0
DOpw4n1pjPc/00000039.jpg	0	115	92	223	199	id0
DOpw4n1pjPc/00000126.jpg	0	236	81	390	236	id0
DOpw4n1pjPc/00000002.jpg	0	223	56	330	163	id0
DOpw4n1pjPc/00000135.jpg	0	270	92	378	199	id0
DOpw4n1pjPc/00000163.jpg	0	253	82	382	211	id0
DOpw4n1pjPc/00000023.jpg	0	163	68	270	175	id0
DOpw4n1pjPc/00000222.jpg	0	253	82	382	211	id0
DOpw4n1pjPc/00000043.jpg	0	103	92	211	199	id0
DOpw4n1pjPc/00000139.jpg	0	253	82	382	211	id0
DOpw4n1pjPc/00000025.jpg	0	163	68	270	175	id0
DOpw4n1pjPc/00000177.jpg	0	270	92	378	199	id0
DOpw4n1pjPc/00000174.jpg	0	253	82	382	211	id0
DOpw4n1pjPc/00000018.jpg	0	175	56	282	163	id0
DOpw4n1pjPc/00000004.jpg	0	223	56	330	163	id0
DOpw4n1pjPc/00000223.jpg	0	270	92	378	199	id0
DOpw4n1pjPc/00000115.jpg	0	103	92	211	199	id0
DOpw4n1pjPc/00000207.jpg	0	253	82	382	211	id0
DOpw4n1pjPc/00000146.jpg	0	253	82	382	211	id0
DOpw4n1pjPc/00000138.jpg	0	270	92	378	199	id0
DOpw4n1pjPc/00000140.jpg	0	253	82	382	211	id0
DOpw4n1pjPc/00000182.jpg	0	253	82	382	211	id0
DOpw4n1pjPc/00000128.jpg	0	236	81	390	236	id0
DOpw4n1pjPc/00000201.jpg	0	253	82	382	211	id0
DOpw4n1pjPc/00000190.jpg	0	253	82	382	211	id0
DOpw4n1pjPc/00000036.jpg	0	127	80	235	187	id0
DOpw4n1pjPc/00000040.jpg	0	115	92	223	199	id0
DOpw4n1pjPc/00000105.jpg	0	103	92	211	199	id0
DOpw4n1pjPc/00000165.jpg	0	253	82	382	211	id0
DOpw4n1pjPc/00000228.jpg	0	253	82	382	211	id0
DOpw4n1pjPc/00000157.jpg	0	253	82	382	211	id0
DOpw4n1pjPc/00000184.jpg	0	253	82	382	211	id0
DOpw4n1pjPc/00000186.jpg	0	253	82	382	211	id0
DOpw4n1pjPc/00000042.jpg	0	103	92	211	199	id0
DOpw4n1pjPc/00000033.jpg	0	139	80	247	187	id0
DOpw4n1pjPc/00000210.jpg	0	253	82	382	211	id0
DOpw4n1pjPc/00000183.jpg	0	253	82	382	211	id0
DOpw4n1pjPc/00000211.jpg	0	253	82	382	211	id0
DOpw4n1pjPc/00000009.jpg	0	199	56	306	163	id0
DOpw4n1pjPc/00000096.jpg	0	103	92	211	199	id0
DOpw4n1pjPc/00000024.jpg	0	163	68	270	175	id0
DOpw4n1pjPc/00000202.jpg	0	253	82	382	211	id0
DOpw4n1pjPc/00000171.jpg	0	253	82	382	211	id0
DOpw4n1pjPc/00000121.jpg	0	236	81	390	236	id0
DOpw4n1pjPc/00000206.jpg	0	253	82	382	211	id0
DOpw4n1pjPc/00000219.jpg	0	253	82	382	211	id0
DOpw4n1pjPc/00000161.jpg	0	253	82	382	211	id0
DOpw4n1pjPc/00000129.jpg	0	236	81	390	236	id0
DOpw4n1pjPc/00000108.jpg	0	103	92	211	199	id0
DOpw4n1pjPc/00000217.jpg	0	253	82	382	211	id0
DOpw4n1pjPc/00000006.jpg	0	211	56	318	163	id0
DOpw4n1pjPc/00000003.jpg	0	223	56	330	163	id0
DOpw4n1pjPc/00000017.jpg	0	175	56	282	163	id0
DOpw4n1pjPc/00000124.jpg	0	236	81	390	236	id0
DOpw4n1pjPc/00000100.jpg	0	103	92	211	199	id0
DOpw4n1pjPc/00000030.jpg	0	151	80	259	187	id0
DOpw4n1pjPc/00000022.jpg	0	153	53	282	182	id0
DOpw4n1pjPc/00000162.jpg	0	253	82	382	211	id0
DOpw4n1pjPc/00000038.jpg	0	115	80	223	187	id0
DOpw4n1pjPc/00000191.jpg	0	253	82	382	211	id0
DOpw4n1pjPc/00000189.jpg	0	253	82	382	211	id0
DOpw4n1pjPc/00000216.jpg	0	253	82	382	211	id0
DOpw4n1pjPc/00000130.jpg	0	236	81	390	236	id0
DOpw4n1pjPc/00000215.jpg	0	253	82	382	211	id0
DOpw4n1pjPc/00000005.jpg	0	211	56	318	163	id0
DOpw4n1pjPc/00000176.jpg	0	253	82	382	211	id0
DOpw4n1pjPc/00000021.jpg	0	175	68	282	175	id0
DOpw4n1pjPc/00000198.jpg	0	253	82	382	211	id0
DOpw4n1pjPc/00000175.jpg	0	253	82	382	211	id0
DOpw4n1pjPc/00000187.jpg	0	253	82	382	211	id0
DOpw4n1pjPc/00000148.jpg	0	253	82	382	211	id0
DOpw4n1pjPc/00000150.jpg	0	253	82	382	211	id0
DOpw4n1pjPc/00000103.jpg	0	103	92	211	199	id0
DOpw4n1pjPc/00000167.jpg	0	253	82	382	211	id0
DOpw4n1pjPc/00000118.jpg	0	103	92	211	199	id0
DOpw4n1pjPc/00000029.jpg	0	151	80	259	187	id0
DOpw4n1pjPc/00000188.jpg	0	253	82	382	211	id0
DOpw4n1pjPc/00000031.jpg	0	139	80	247	187	id0
DOpw4n1pjPc/00000106.jpg	0	103	92	211	199	id0
DOpw4n1pjPc/00000098.jpg	0	103	92	211	199	id0
DOpw4n1pjPc/00000142.jpg	0	253	82	382	211	id0
DOpw4n1pjPc/00000213.jpg	0	253	82	382	211	id0
DOpw4n1pjPc/00000141.jpg	0	253	82	382	211	id0
DOpw4n1pjPc/00000088.jpg	0	106	96	195	186	id0
DOpw4n1pjPc/00000032.jpg	0	139	80	247	187	id0
DOpw4n1pjPc/00000227.jpg	0	253	82	382	211	id0
DOpw4n1pjPc/00000212.jpg	0	253	82	382	211	id0
DOpw4n1pjPc/00000014.jpg	0	187	56	294	163	id0
DOpw4n1pjPc/00000193.jpg	0	253	82	382	211	id0
DOpw4n1pjPc/00000041.jpg	0	115	92	223	199	id0
DOpw4n1pjPc/00000152.jpg	0	253	82	382	211	id0
DOpw4n1pjPc/00000194.jpg	0	253	82	382	211	id0
DOpw4n1pjPc/00000181.jpg	0	253	82	382	211	id0
DOpw4n1pjPc/00000027.jpg	0	151	80	259	187	id0
DOpw4n1pjPc/00000200.jpg	0	253	82	382	211	id0
DOpw4n1pjPc/00000123.jpg	0	236	81	390	236	id0
DOpw4n1pjPc/00000083.jpg	0	106	96	195	186	id0
DOpw4n1pjPc/00000154.jpg	0	259	92	366	199	id0
DOpw4n1pjPc/00000116.jpg	0	103	92	211	199	id0
DOpw4n1pjPc/00000214.jpg	0	253	82	382	211	id0
DOpw4n1pjPc/00000114.jpg	0	103	92	211	199	id0
DOpw4n1pjPc/00000037.jpg	0	115	80	223	187	id0
DOpw4n1pjPc/00000008.jpg	0	199	56	306	163	id0
DOpw4n1pjPc/00000127.jpg	0	236	81	390	236	id0
DOpw4n1pjPc/00000225.jpg	0	270	92	378	199	id0
DOpw4n1pjPc/00000203.jpg	0	253	82	382	211	id0
DOpw4n1pjPc/00000159.jpg	0	253	82	382	211	id0
DOpw4n1pjPc/00000205.jpg	0	253	82	382	211	id0
DOpw4n1pjPc/00000166.jpg	0	253	82	382	211	id0
DOpw4n1pjPc/00000173.jpg	0	253	82	382	211	id0
DOpw4n1pjPc/00000169.jpg	0	253	82	382	211	id0
DOpw4n1pjPc/00000107.jpg	0	103	92	211	199	id0
DOpw4n1pjPc/00000110.jpg	0	103	92	211	199	id0
DOpw4n1pjPc/00000117.jpg	0	103	92	211	199	id0
DOpw4n1pjPc/00000013.jpg	0	187	56	294	163	id0
DOpw4n1pjPc/00000158.jpg	0	253	82	382	211	id0
DOpw4n1pjPc/00000101.jpg	0	103	92	211	199	id0
DOpw4n1pjPc/00000084.jpg	0	106	96	195	186	id0
DOpw4n1pjPc/00000028.jpg	0	151	80	259	187	id0
DOpw4n1pjPc/00000144.jpg	0	253	82	382	211	id0
DOpw4n1pjPc/00000220.jpg	0	253	82	382	211	id0
DOpw4n1pjPc/00000125.jpg	0	236	81	390	236	id0
DOpw4n1pjPc/00000149.jpg	0	253	82	382	211	id0
DOpw4n1pjPc/00000092.jpg	0	106	96	195	186	id0
DOpw4n1pjPc/00000145.jpg	0	253	82	382	211	id0
DOpw4n1pjPc/00000218.jpg	0	253	82	382	211	id0
DOpw4n1pjPc/00000178.jpg	0	253	82	382	211	id0
DOpw4n1pjPc/00000094.jpg	0	103	92	211	199	id0
DOpw4n1pjPc/00000209.jpg	0	253	82	382	211	id0
DOpw4n1pjPc/00000095.jpg	0	103	92	211	199	id0
DOpw4n1pjPc/00000091.jpg	0	106	96	195	186	id0
DOpw4n1pjPc/00000168.jpg	0	253	82	382	211	id0
DOpw4n1pjPc/00000197.jpg	1	179	146	254	221	id1
DOpw4n1pjPc/00000195.jpg	1	179	146	254	221	id1
DOpw4n1pjPc/00000180.jpg	1	196	146	270	221	id1
DOpw4n1pjPc/00000199.jpg	1	179	146	254	221	id1
DOpw4n1pjPc/00000208.jpg	1	171	146	245	221	id1
DOpw4n1pjPc/00000164.jpg	1	196	138	270	213	id1
DOpw4n1pjPc/00000185.jpg	1	187	146	262	221	id1
DOpw4n1pjPc/00000172.jpg	1	196	146	270	221	id1
DOpw4n1pjPc/00000196.jpg	1	179	146	254	221	id1
DOpw4n1pjPc/00000177.jpg	1	196	146	270	221	id1
DOpw4n1pjPc/00000174.jpg	1	196	146	270	221	id1
DOpw4n1pjPc/00000190.jpg	1	179	138	254	213	id1
DOpw4n1pjPc/00000165.jpg	1	196	138	270	213	id1
DOpw4n1pjPc/00000184.jpg	1	187	138	262	213	id1
DOpw4n1pjPc/00000186.jpg	1	187	146	262	221	id1
DOpw4n1pjPc/00000210.jpg	1	171	146	245	221	id1
DOpw4n1pjPc/00000183.jpg	1	187	138	262	213	id1
DOpw4n1pjPc/00000202.jpg	1	171	138	245	213	id1
DOpw4n1pjPc/00000171.jpg	1	196	146	270	221	id1
DOpw4n1pjPc/00000191.jpg	1	179	138	254	213	id1
DOpw4n1pjPc/00000216.jpg	1	162	146	237	221	id1
DOpw4n1pjPc/00000176.jpg	1	196	146	270	221	id1
DOpw4n1pjPc/00000198.jpg	1	179	146	254	221	id1
DOpw4n1pjPc/00000175.jpg	1	196	146	270	221	id1
DOpw4n1pjPc/00000187.jpg	1	187	146	262	221	id1
DOpw4n1pjPc/00000188.jpg	1	187	146	262	221	id1
DOpw4n1pjPc/00000213.jpg	1	162	146	237	221	id1
DOpw4n1pjPc/00000194.jpg	1	179	138	254	213	id1
DOpw4n1pjPc/00000200.jpg	1	179	146	254	221	id1
DOpw4n1pjPc/00000214.jpg	1	162	146	237	221	id1
DOpw4n1pjPc/00000225.jpg	1	154	146	229	221	id1
DOpw4n1pjPc/00000166.jpg	1	196	138	270	213	id1
DOpw4n1pjPc/00000173.jpg	1	196	146	270	221	id1
DOpw4n1pjPc/00000218.jpg	1	162	146	237	221	id1
DOpw4n1pjPc/00000178.jpg	1	196	146	270	221	id1
DOpw4n1pjPc/00000168.jpg	1	196	138	270	213	id1
DOpw4n1pjPc/00000097.jpg	1	519	80	594	155	id2
DOpw4n1pjPc/00000120.jpg	0	509	56	617	163	id2
DOpw4n1pjPc/00000119.jpg	0	497	39	626	168	id2
DOpw4n1pjPc/00000105.jpg	1	504	86	593	176	id2
DOpw4n1pjPc/00000096.jpg	1	519	80	594	155	id2
DOpw4n1pjPc/00000098.jpg	1	519	88	594	163	id2
DOpw4n1pjPc/00000092.jpg	1	515	94	577	156	id2
DOpw4n1pjPc/00000078.jpg	0	505	326	541	362	id3
