DwdanNRa4Go/00000284.jpg	0	446	73	508	135	id0
DwdanNRa4Go/00000613.jpg	0	411	73	474	135	id0
DwdanNRa4Go/00000516.jpg	0	348	84	400	136	id0
DwdanNRa4Go/00000776.jpg	0	432	73	494	135	id0
DwdanNRa4Go/00000957.jpg	0	432	80	494	142	id0
DwdanNRa4Go/00000143.jpg	0	446	73	508	135	id0
DwdanNRa4Go/00001124.jpg	0	508	66	570	129	id0
DwdanNRa4Go/00000575.jpg	0	343	84	394	136	id0
DwdanNRa4Go/00001182.jpg	0	475	72	527	124	id0
DwdanNRa4Go/00000699.jpg	0	425	80	487	142	id0
DwdanNRa4Go/00000590.jpg	0	356	80	418	142	id0
DwdanNRa4Go/00000197.jpg	0	453	73	515	135	id0
DwdanNRa4Go/00001281.jpg	0	487	78	538	130	id0
DwdanNRa4Go/00001316.jpg	0	474	73	536	135	id0
DwdanNRa4Go/00000851.jpg	0	337	84	389	136	id0
DwdanNRa4Go/00000544.jpg	0	343	78	394	130	id0
DwdanNRa4Go/00000662.jpg	0	429	72	481	124	id0
DwdanNRa4Go/00000204.jpg	0	452	72	504	124	id0
DwdanNRa4Go/00000506.jpg	0	342	80	405	142	id0
DwdanNRa4Go/00000195.jpg	0	453	73	515	135	id0
DwdanNRa4Go/00000862.jpg	0	328	80	391	142	id0
DwdanNRa4Go/00000180.jpg	0	453	73	515	135	id0
DwdanNRa4Go/00001274.jpg	0	481	78	533	130	id0
DwdanNRa4Go/00000342.jpg	0	446	73	508	135	id0
DwdanNRa4Go/00000904.jpg	0	383	78	435	130	id0
DwdanNRa4Go/00000097.jpg	0	446	73	508	135	id0
DwdanNRa4Go/00000987.jpg	0	446	78	498	130	id0
DwdanNRa4Go/00000336.jpg	0	439	73	501	135	id0
DwdanNRa4Go/00000490.jpg	0	354	84	406	136	id0
DwdanNRa4Go/00001194.jpg	0	467	73	529	135	id0
DwdanNRa4Go/00000492.jpg	0	354	78	406	130	id0
DwdanNRa4Go/00000035.jpg	0	469	72	521	124	id0
DwdanNRa4Go/00001193.jpg	0	467	73	529	135	id0
DwdanNRa4Go/00001242.jpg	0	482	74	525	118	id0
DwdanNRa4Go/00000612.jpg	0	411	73	474	135	id0
DwdanNRa4Go/00000635.jpg	0	418	73	481	135	id0
DwdanNRa4Go/00001021.jpg	0	463	78	515	130	id0
DwdanNRa4Go/00000122.jpg	0	446	73	508	135	id0
DwdanNRa4Go/00000617.jpg	0	411	73	474	135	id0
DwdanNRa4Go/00000120.jpg	0	446	73	508	135	id0
DwdanNRa4Go/00001152.jpg	0	498	78	550	130	id0
DwdanNRa4Go/00000767.jpg	0	440	78	492	130	id0
DwdanNRa4Go/00001310.jpg	0	474	73	536	135	id0
DwdanNRa4Go/00000933.jpg	0	435	78	487	130	id0
DwdanNRa4Go/00000020.jpg	0	469	72	521	124	id0
DwdanNRa4Go/00000761.jpg	0	440	78	492	130	id0
DwdanNRa4Go/00001220.jpg	0	482	79	525	122	id0
DwdanNRa4Go/00000270.jpg	0	446	73	508	135	id0
DwdanNRa4Go/00000074.jpg	0	453	66	515	129	id0
DwdanNRa4Go/00000317.jpg	0	446	80	508	142	id0
DwdanNRa4Go/00001037.jpg	0	469	72	521	124	id0
DwdanNRa4Go/00000298.jpg	0	446	73	508	135	id0
DwdanNRa4Go/00000392.jpg	0	453	66	515	129	id0
DwdanNRa4Go/00000701.jpg	0	425	80	487	142	id0
DwdanNRa4Go/00000242.jpg	0	439	73	501	135	id0
DwdanNRa4Go/00000010.jpg	0	460	73	522	135	id0
DwdanNRa4Go/00000652.jpg	0	418	73	481	135	id0
DwdanNRa4Go/00000085.jpg	0	458	72	510	124	id0
DwdanNRa4Go/00001290.jpg	0	481	72	533	124	id0
DwdanNRa4Go/00000241.jpg	0	439	73	501	135	id0
DwdanNRa4Go/00000692.jpg	0	425	73	487	135	id0
DwdanNRa4Go/00000372.jpg	0	453	73	515	135	id0
DwdanNRa4Go/00000179.jpg	0	453	73	515	135	id0
DwdanNRa4Go/00000273.jpg	0	446	73	508	135	id0
DwdanNRa4Go/00001077.jpg	0	487	66	550	129	id0
DwdanNRa4Go/00000111.jpg	0	452	72	504	124	id0
DwdanNRa4Go/00000610.jpg	0	405	73	467	135	id0
DwdanNRa4Go/00000602.jpg	0	389	78	440	130	id0
DwdanNRa4Go/00001327.jpg	0	474	73	536	135	id0
DwdanNRa4Go/00000589.jpg	0	356	80	418	142	id0
DwdanNRa4Go/00000099.jpg	0	446	73	508	135	id0
DwdanNRa4Go/00001257.jpg	0	481	72	533	124	id0
DwdanNRa4Go/00001304.jpg	0	474	73	536	135	id0
DwdanNRa4Go/00000566.jpg	0	343	84	394	136	id0
DwdanNRa4Go/00000609.jpg	0	406	72	458	124	id0
DwdanNRa4Go/00001219.jpg	0	475	72	527	124	id0
DwdanNRa4Go/00001183.jpg	0	475	72	527	124	id0
DwdanNRa4Go/00000153.jpg	0	458	72	510	124	id0
DwdanNRa4Go/00000351.jpg	0	452	72	504	124	id0
DwdanNRa4Go/00000119.jpg	0	446	73	508	135	id0
DwdanNRa4Go/00000291.jpg	0	446	73	508	135	id0
DwdanNRa4Go/00000034.jpg	0	469	72	521	124	id0
DwdanNRa4Go/00000295.jpg	0	446	73	508	135	id0
DwdanNRa4Go/00000431.jpg	0	460	73	522	135	id0
DwdanNRa4Go/00001305.jpg	0	474	73	536	135	id0
DwdanNRa4Go/00001262.jpg	0	487	74	530	118	id0
DwdanNRa4Go/00001047.jpg	0	481	72	533	124	id0
DwdanNRa4Go/00001273.jpg	0	481	78	533	130	id0
DwdanNRa4Go/00000221.jpg	0	439	66	501	129	id0
DwdanNRa4Go/00001296.jpg	0	474	66	536	129	id0
DwdanNRa4Go/00000081.jpg	0	453	66	515	129	id0
DwdanNRa4Go/00000246.jpg	0	439	73	501	135	id0
DwdanNRa4Go/00000356.jpg	0	436	63	511	138	id0
DwdanNRa4Go/00001206.jpg	0	467	73	529	135	id0
DwdanNRa4Go/00000834.jpg	0	337	84	389	136	id0
DwdanNRa4Go/00000622.jpg	0	418	73	481	135	id0
DwdanNRa4Go/00001043.jpg	0	475	72	527	124	id0
DwdanNRa4Go/00000995.jpg	0	452	78	504	130	id0
DwdanNRa4Go/00000711.jpg	0	425	73	487	135	id0
DwdanNRa4Go/00000880.jpg	0	335	80	398	142	id0
DwdanNRa4Go/00001339.jpg	0	487	72	538	124	id0
DwdanNRa4Go/00000529.jpg	0	343	84	394	136	id0
DwdanNRa4Go/00000946.jpg	0	425	73	487	135	id0
DwdanNRa4Go/00000689.jpg	0	425	73	487	135	id0
DwdanNRa4Go/00000728.jpg	0	425	73	487	135	id0
DwdanNRa4Go/00000715.jpg	0	425	73	487	135	id0
DwdanNRa4Go/00001228.jpg	0	475	78	527	130	id0
DwdanNRa4Go/00000378.jpg	0	453	73	515	135	id0
DwdanNRa4Go/00001332.jpg	0	474	73	536	135	id0
DwdanNRa4Go/00000156.jpg	0	453	66	515	129	id0
DwdanNRa4Go/00000998.jpg	0	458	78	510	130	id0
DwdanNRa4Go/00000102.jpg	0	446	78	498	130	id0
DwdanNRa4Go/00001338.jpg	0	487	72	538	124	id0
DwdanNRa4Go/00000199.jpg	0	458	72	510	124	id0
DwdanNRa4Go/00000136.jpg	0	446	73	508	135	id0
DwdanNRa4Go/00000208.jpg	0	452	72	504	124	id0
DwdanNRa4Go/00000026.jpg	0	469	72	521	124	id0
DwdanNRa4Go/00000019.jpg	0	469	72	521	124	id0
DwdanNRa4Go/00000722.jpg	0	425	73	487	135	id0
DwdanNRa4Go/00000803.jpg	0	389	78	440	130	id0
DwdanNRa4Go/00000224.jpg	0	439	66	501	129	id0
DwdanNRa4Go/00000052.jpg	0	460	73	522	135	id0
DwdanNRa4Go/00000619.jpg	0	411	73	474	135	id0
DwdanNRa4Go/00000756.jpg	0	440	78	492	130	id0
DwdanNRa4Go/00000507.jpg	0	342	80	405	142	id0
DwdanNRa4Go/00000393.jpg	0	458	72	510	124	id0
DwdanNRa4Go/00000049.jpg	0	469	72	521	124	id0
DwdanNRa4Go/00001015.jpg	0	463	84	515	136	id0
DwdanNRa4Go/00001137.jpg	0	504	72	556	124	id0
DwdanNRa4Go/00000007.jpg	0	460	73	522	135	id0
DwdanNRa4Go/00000676.jpg	0	429	78	481	130	id0
DwdanNRa4Go/00000385.jpg	0	453	73	515	135	id0
DwdanNRa4Go/00001267.jpg	0	481	72	533	124	id0
DwdanNRa4Go/00000134.jpg	0	446	73	508	135	id0
DwdanNRa4Go/00000253.jpg	0	439	73	501	135	id0
DwdanNRa4Go/00000684.jpg	0	425	73	487	135	id0
DwdanNRa4Go/00000837.jpg	0	337	84	389	136	id0
DwdanNRa4Go/00000093.jpg	0	446	73	508	135	id0
DwdanNRa4Go/00000775.jpg	0	432	73	494	135	id0
DwdanNRa4Go/00000914.jpg	0	411	73	474	135	id0
DwdanNRa4Go/00001299.jpg	0	475	72	527	124	id0
DwdanNRa4Go/00000427.jpg	0	460	73	522	135	id0
DwdanNRa4Go/00001291.jpg	0	481	72	533	124	id0
DwdanNRa4Go/00000632.jpg	0	418	80	481	142	id0
DwdanNRa4Go/00000659.jpg	0	429	72	481	124	id0
DwdanNRa4Go/00000573.jpg	0	343	84	394	136	id0
DwdanNRa4Go/00000160.jpg	0	463	72	515	124	id0
DwdanNRa4Go/00000266.jpg	0	446	78	498	130	id0
DwdanNRa4Go/00001117.jpg	0	508	66	570	129	id0
DwdanNRa4Go/00000907.jpg	0	394	78	446	130	id0
DwdanNRa4Go/00000496.jpg	0	342	73	405	135	id0
DwdanNRa4Go/00000934.jpg	0	435	78	487	130	id0
DwdanNRa4Go/00000954.jpg	0	432	80	494	142	id0
DwdanNRa4Go/00001196.jpg	0	467	73	529	135	id0
DwdanNRa4Go/00000778.jpg	0	432	73	494	135	id0
DwdanNRa4Go/00000687.jpg	0	425	73	487	135	id0
DwdanNRa4Go/00000560.jpg	0	343	84	394	136	id0
DwdanNRa4Go/00000706.jpg	0	425	73	487	135	id0
DwdanNRa4Go/00000155.jpg	0	453	66	515	129	id0
DwdanNRa4Go/00000974.jpg	0	439	73	501	135	id0
DwdanNRa4Go/00000192.jpg	0	453	73	515	135	id0
DwdanNRa4Go/00000376.jpg	0	458	78	510	130	id0
DwdanNRa4Go/00000367.jpg	0	446	73	508	135	id0
DwdanNRa4Go/00000001.jpg	0	463	72	515	124	id0
DwdanNRa4Go/00000256.jpg	0	439	73	501	135	id0
DwdanNRa4Go/00001277.jpg	0	487	78	538	130	id0
DwdanNRa4Go/00000328.jpg	0	439	73	501	135	id0
DwdanNRa4Go/00000644.jpg	0	418	73	481	135	id0
DwdanNRa4Go/00000645.jpg	0	418	73	481	135	id0
DwdanNRa4Go/00000747.jpg	0	440	78	492	130	id0
DwdanNRa4Go/00000763.jpg	0	440	78	492	130	id0
DwdanNRa4Go/00000377.jpg	0	453	73	515	135	id0
DwdanNRa4Go/00000109.jpg	0	452	72	504	124	id0
DwdanNRa4Go/00001201.jpg	0	467	73	529	135	id0
DwdanNRa4Go/00001179.jpg	0	475	72	527	124	id0
DwdanNRa4Go/00001347.jpg	0	481	66	543	129	id0
DwdanNRa4Go/00000131.jpg	0	446	73	508	135	id0
DwdanNRa4Go/00000758.jpg	0	440	78	492	130	id0
DwdanNRa4Go/00001278.jpg	0	487	78	538	130	id0
DwdanNRa4Go/00001188.jpg	0	475	72	527	124	id0
DwdanNRa4Go/00000231.jpg	0	439	73	501	135	id0
DwdanNRa4Go/00000170.jpg	0	460	73	522	135	id0
DwdanNRa4Go/00001185.jpg	0	475	72	527	124	id0
DwdanNRa4Go/00000881.jpg	0	335	80	398	142	id0
DwdanNRa4Go/00000065.jpg	0	453	73	515	135	id0
DwdanNRa4Go/00000548.jpg	0	343	84	394	136	id0
DwdanNRa4Go/00000556.jpg	0	343	84	394	136	id0
DwdanNRa4Go/00000016.jpg	0	460	66	522	129	id0
DwdanNRa4Go/00000781.jpg	0	435	78	487	130	id0
DwdanNRa4Go/00000375.jpg	0	453	73	515	135	id0
DwdanNRa4Go/00001224.jpg	0	475	78	527	130	id0
DwdanNRa4Go/00001011.jpg	0	463	78	515	130	id0
DwdanNRa4Go/00001126.jpg	0	510	72	561	124	id0
DwdanNRa4Go/00000112.jpg	0	452	72	504	124	id0
DwdanNRa4Go/00000685.jpg	0	425	73	487	135	id0
DwdanNRa4Go/00000113.jpg	0	452	72	504	124	id0
DwdanNRa4Go/00000752.jpg	0	440	78	492	130	id0
DwdanNRa4Go/00000580.jpg	0	348	78	400	130	id0
DwdanNRa4Go/00000693.jpg	0	425	80	487	142	id0
DwdanNRa4Go/00000636.jpg	0	418	73	481	135	id0
DwdanNRa4Go/00000238.jpg	0	439	73	501	135	id0
DwdanNRa4Go/00001285.jpg	0	481	73	543	135	id0
DwdanNRa4Go/00000056.jpg	0	463	78	515	130	id0
DwdanNRa4Go/00000855.jpg	0	337	84	389	136	id0
DwdanNRa4Go/00000260.jpg	0	439	66	501	129	id0
DwdanNRa4Go/00000710.jpg	0	425	73	487	135	id0
DwdanNRa4Go/00001197.jpg	0	467	73	529	135	id0
DwdanNRa4Go/00001129.jpg	0	510	72	561	124	id0
DwdanNRa4Go/00000853.jpg	0	337	84	389	136	id0
DwdanNRa4Go/00000293.jpg	0	446	73	508	135	id0
DwdanNRa4Go/00000323.jpg	0	439	73	501	135	id0
DwdanNRa4Go/00000997.jpg	0	458	78	510	130	id0
DwdanNRa4Go/00001050.jpg	0	481	72	533	124	id0
DwdanNRa4Go/00000664.jpg	0	425	73	487	135	id0
DwdanNRa4Go/00000973.jpg	0	440	78	492	130	id0
DwdanNRa4Go/00001233.jpg	0	475	78	527	130	id0
DwdanNRa4Go/00000451.jpg	0	453	73	515	135	id0
DwdanNRa4Go/00000900.jpg	0	363	73	425	135	id0
DwdanNRa4Go/00000570.jpg	0	343	84	394	136	id0
DwdanNRa4Go/00001322.jpg	0	474	73	536	135	id0
DwdanNRa4Go/00000340.jpg	0	446	73	508	135	id0
DwdanNRa4Go/00000268.jpg	0	446	72	498	124	id0
DwdanNRa4Go/00000164.jpg	0	463	72	515	124	id0
DwdanNRa4Go/00000754.jpg	0	440	78	492	130	id0
DwdanNRa4Go/00001287.jpg	0	481	72	533	124	id0
DwdanNRa4Go/00000048.jpg	0	469	72	521	124	id0
DwdanNRa4Go/00001170.jpg	0	481	78	533	130	id0
DwdanNRa4Go/00000962.jpg	0	432	73	494	135	id0
DwdanNRa4Go/00001066.jpg	0	492	72	544	124	id0
DwdanNRa4Go/00000137.jpg	0	446	73	508	135	id0
DwdanNRa4Go/00001005.jpg	0	458	78	510	130	id0
DwdanNRa4Go/00001057.jpg	0	487	72	538	124	id0
DwdanNRa4Go/00000418.jpg	0	453	66	515	129	id0
DwdanNRa4Go/00000104.jpg	0	446	73	508	135	id0
DwdanNRa4Go/00000015.jpg	0	460	66	522	129	id0
DwdanNRa4Go/00001275.jpg	0	481	78	533	130	id0
DwdanNRa4Go/00000237.jpg	0	439	73	501	135	id0
DwdanNRa4Go/00000629.jpg	0	418	80	481	142	id0
DwdanNRa4Go/00000012.jpg	0	460	73	522	135	id0
DwdanNRa4Go/00000089.jpg	0	452	72	504	124	id0
DwdanNRa4Go/00000044.jpg	0	469	72	521	124	id0
DwdanNRa4Go/00000579.jpg	0	348	84	400	136	id0
DwdanNRa4Go/00000564.jpg	0	343	84	394	136	id0
DwdanNRa4Go/00000133.jpg	0	446	73	508	135	id0
DwdanNRa4Go/00000663.jpg	0	425	73	487	135	id0
DwdanNRa4Go/00000897.jpg	0	360	78	412	130	id0
DwdanNRa4Go/00000087.jpg	0	458	72	510	124	id0
DwdanNRa4Go/00001343.jpg	0	487	72	538	124	id0
DwdanNRa4Go/00001069.jpg	0	498	72	550	124	id0
DwdanNRa4Go/00000147.jpg	0	446	73	508	135	id0
DwdanNRa4Go/00000793.jpg	0	417	78	469	130	id0
DwdanNRa4Go/00000151.jpg	0	452	72	504	124	id0
DwdanNRa4Go/00000449.jpg	0	453	63	527	138	id0
DwdanNRa4Go/00000226.jpg	0	446	72	498	124	id0
DwdanNRa4Go/00000549.jpg	0	335	80	398	142	id0
DwdanNRa4Go/00000661.jpg	0	429	78	481	130	id0
DwdanNRa4Go/00000335.jpg	0	439	73	501	135	id0
DwdanNRa4Go/00000762.jpg	0	440	78	492	130	id0
DwdanNRa4Go/00000964.jpg	0	432	73	494	135	id0
DwdanNRa4Go/00000306.jpg	0	446	73	508	135	id0
DwdanNRa4Go/00001156.jpg	0	501	84	544	127	id0
DwdanNRa4Go/00001355.jpg	0	487	73	550	135	id0
DwdanNRa4Go/00000583.jpg	0	349	80	411	142	id0
DwdanNRa4Go/00000574.jpg	0	343	84	394	136	id0
DwdanNRa4Go/00001054.jpg	0	487	72	538	124	id0
DwdanNRa4Go/00000885.jpg	0	335	80	398	142	id0
DwdanNRa4Go/00000239.jpg	0	439	73	501	135	id0
DwdanNRa4Go/00000011.jpg	0	460	73	522	135	id0
DwdanNRa4Go/00000777.jpg	0	432	73	494	135	id0
DwdanNRa4Go/00000359.jpg	0	436	63	511	138	id0
DwdanNRa4Go/00000787.jpg	0	429	78	481	130	id0
DwdanNRa4Go/00000749.jpg	0	432	73	494	135	id0
DwdanNRa4Go/00001139.jpg	0	504	72	556	124	id0
DwdanNRa4Go/00000505.jpg	0	342	80	405	142	id0
DwdanNRa4Go/00000678.jpg	0	425	80	487	142	id0
DwdanNRa4Go/00000352.jpg	0	446	73	508	135	id0
DwdanNRa4Go/00000860.jpg	0	328	80	391	142	id0
DwdanNRa4Go/00001148.jpg	0	504	72	556	124	id0
DwdanNRa4Go/00000665.jpg	0	425	73	487	135	id0
DwdanNRa4Go/00000864.jpg	0	328	80	391	142	id0
DwdanNRa4Go/00000344.jpg	0	446	73	508	135	id0
DwdanNRa4Go/00001205.jpg	0	467	73	529	135	id0
DwdanNRa4Go/00001135.jpg	0	501	66	563	129	id0
DwdanNRa4Go/00000956.jpg	0	432	80	494	142	id0
DwdanNRa4Go/00000343.jpg	0	446	73	508	135	id0
DwdanNRa4Go/00000064.jpg	0	453	73	515	135	id0
DwdanNRa4Go/00000751.jpg	0	440	78	492	130	id0
DwdanNRa4Go/00001186.jpg	0	475	72	527	124	id0
DwdanNRa4Go/00001235.jpg	0	475	78	527	130	id0
DwdanNRa4Go/00000072.jpg	0	453	66	515	129	id0
DwdanNRa4Go/00000263.jpg	0	446	78	498	130	id0
DwdanNRa4Go/00000232.jpg	0	439	73	501	135	id0
DwdanNRa4Go/00000729.jpg	0	425	73	487	135	id0
DwdanNRa4Go/00000185.jpg	0	453	73	515	135	id0
DwdanNRa4Go/00000347.jpg	0	446	73	508	135	id0
DwdanNRa4Go/00000931.jpg	0	425	73	487	135	id0
DwdanNRa4Go/00000669.jpg	0	425	73	487	135	id0
DwdanNRa4Go/00000675.jpg	0	429	78	481	130	id0
DwdanNRa4Go/00001349.jpg	0	492	72	544	124	id0
DwdanNRa4Go/00001078.jpg	0	492	72	544	124	id0
DwdanNRa4Go/00000858.jpg	0	337	84	389	136	id0
DwdanNRa4Go/00001202.jpg	0	467	73	529	135	id0
DwdanNRa4Go/00000062.jpg	0	463	78	515	130	id0
DwdanNRa4Go/00000045.jpg	0	469	72	521	124	id0
DwdanNRa4Go/00000296.jpg	0	446	73	508	135	id0
DwdanNRa4Go/00000269.jpg	0	446	72	498	124	id0
DwdanNRa4Go/00001211.jpg	0	467	73	529	135	id0
DwdanNRa4Go/00000172.jpg	0	463	72	515	124	id0
DwdanNRa4Go/00000419.jpg	0	453	66	515	129	id0
DwdanNRa4Go/00000196.jpg	0	453	73	515	135	id0
DwdanNRa4Go/00001320.jpg	0	474	73	536	135	id0
DwdanNRa4Go/00000546.jpg	0	335	80	398	142	id0
DwdanNRa4Go/00001121.jpg	0	508	66	570	129	id0
DwdanNRa4Go/00000304.jpg	0	446	73	508	135	id0
DwdanNRa4Go/00001048.jpg	0	481	72	533	124	id0
DwdanNRa4Go/00000599.jpg	0	377	73	439	135	id0
DwdanNRa4Go/00001326.jpg	0	474	73	536	135	id0
DwdanNRa4Go/00000845.jpg	0	337	84	389	136	id0
DwdanNRa4Go/00000289.jpg	0	446	73	508	135	id0
DwdanNRa4Go/00000353.jpg	0	446	66	508	129	id0
DwdanNRa4Go/00000694.jpg	0	425	80	487	142	id0
DwdanNRa4Go/00001271.jpg	0	481	78	533	130	id0
DwdanNRa4Go/00000543.jpg	0	343	78	394	130	id0
DwdanNRa4Go/00000039.jpg	0	469	72	521	124	id0
DwdanNRa4Go/00001039.jpg	0	469	72	521	124	id0
DwdanNRa4Go/00000779.jpg	0	432	73	494	135	id0
DwdanNRa4Go/00001354.jpg	0	487	73	550	135	id0
DwdanNRa4Go/00000448.jpg	0	460	73	522	135	id0
DwdanNRa4Go/00000126.jpg	0	446	73	508	135	id0
DwdanNRa4Go/00001260.jpg	0	487	74	530	118	id0
DwdanNRa4Go/00000584.jpg	0	349	80	411	142	id0
DwdanNRa4Go/00001033.jpg	0	463	72	515	124	id0
DwdanNRa4Go/00001046.jpg	0	481	72	533	124	id0
DwdanNRa4Go/00000937.jpg	0	432	73	494	135	id0
DwdanNRa4Go/00000615.jpg	0	411	73	474	135	id0
DwdanNRa4Go/00000766.jpg	0	440	78	492	130	id0
DwdanNRa4Go/00000640.jpg	0	418	73	481	135	id0
DwdanNRa4Go/00001341.jpg	0	487	72	538	124	id0
DwdanNRa4Go/00000234.jpg	0	439	73	501	135	id0
DwdanNRa4Go/00000324.jpg	0	439	73	501	135	id0
DwdanNRa4Go/00000086.jpg	0	458	72	510	124	id0
DwdanNRa4Go/00001255.jpg	0	481	72	533	124	id0
DwdanNRa4Go/00000302.jpg	0	446	73	508	135	id0
DwdanNRa4Go/00000002.jpg	0	463	72	515	124	id0
DwdanNRa4Go/00000135.jpg	0	446	73	508	135	id0
DwdanNRa4Go/00001187.jpg	0	475	72	527	124	id0
DwdanNRa4Go/00000491.jpg	0	354	78	406	130	id0
DwdanNRa4Go/00000611.jpg	0	412	72	463	124	id0
DwdanNRa4Go/00000163.jpg	0	463	72	515	124	id0
DwdanNRa4Go/00000243.jpg	0	439	73	501	135	id0
DwdanNRa4Go/00001175.jpg	0	481	78	533	130	id0
DwdanNRa4Go/00001003.jpg	0	458	78	510	130	id0
DwdanNRa4Go/00000670.jpg	0	429	78	481	130	id0
DwdanNRa4Go/00000421.jpg	0	453	66	515	129	id0
DwdanNRa4Go/00000720.jpg	0	425	73	487	135	id0
DwdanNRa4Go/00001049.jpg	0	481	72	533	124	id0
DwdanNRa4Go/00000522.jpg	0	348	84	400	136	id0
DwdanNRa4Go/00001074.jpg	0	498	72	550	124	id0
DwdanNRa4Go/00000046.jpg	0	469	72	521	124	id0
DwdanNRa4Go/00000595.jpg	0	371	78	423	130	id0
DwdanNRa4Go/00001237.jpg	0	475	78	527	130	id0
DwdanNRa4Go/00001151.jpg	0	504	78	556	130	id0
DwdanNRa4Go/00001059.jpg	0	487	72	538	124	id0
DwdanNRa4Go/00001263.jpg	0	487	74	530	118	id0
DwdanNRa4Go/00000848.jpg	0	337	84	389	136	id0
DwdanNRa4Go/00000023.jpg	0	469	72	521	124	id0
DwdanNRa4Go/00001056.jpg	0	487	72	538	124	id0
DwdanNRa4Go/00000878.jpg	0	337	78	389	130	id0
DwdanNRa4Go/00000450.jpg	0	444	63	519	138	id0
DwdanNRa4Go/00000625.jpg	0	418	80	481	142	id0
DwdanNRa4Go/00000413.jpg	0	453	73	515	135	id0
DwdanNRa4Go/00000222.jpg	0	439	66	501	129	id0
DwdanNRa4Go/00001076.jpg	0	487	66	550	129	id0
DwdanNRa4Go/00000326.jpg	0	439	73	501	135	id0
DwdanNRa4Go/00000842.jpg	0	337	84	389	136	id0
DwdanNRa4Go/00000873.jpg	0	337	84	389	136	id0
DwdanNRa4Go/00000981.jpg	0	446	78	498	130	id0
DwdanNRa4Go/00000408.jpg	0	453	66	515	129	id0
DwdanNRa4Go/00000043.jpg	0	469	72	521	124	id0
DwdanNRa4Go/00000768.jpg	0	440	78	492	130	id0
DwdanNRa4Go/00001060.jpg	0	487	72	538	124	id0
DwdanNRa4Go/00000139.jpg	0	446	73	508	135	id0
DwdanNRa4Go/00000060.jpg	0	463	78	515	130	id0
DwdanNRa4Go/00000750.jpg	0	440	78	492	130	id0
DwdanNRa4Go/00000025.jpg	0	469	72	521	124	id0
DwdanNRa4Go/00000262.jpg	0	439	66	501	129	id0
DwdanNRa4Go/00001216.jpg	0	475	78	527	130	id0
DwdanNRa4Go/00000177.jpg	0	463	72	515	124	id0
DwdanNRa4Go/00001323.jpg	0	474	73	536	135	id0
DwdanNRa4Go/00001038.jpg	0	469	72	521	124	id0
DwdanNRa4Go/00000174.jpg	0	463	72	515	124	id0
DwdanNRa4Go/00001269.jpg	0	481	78	533	130	id0
DwdanNRa4Go/00001297.jpg	0	474	66	536	129	id0
DwdanNRa4Go/00001244.jpg	0	474	73	536	135	id0
DwdanNRa4Go/00001270.jpg	0	481	78	533	130	id0
DwdanNRa4Go/00000018.jpg	0	469	72	521	124	id0
DwdanNRa4Go/00001229.jpg	0	475	78	527	130	id0
DwdanNRa4Go/00000411.jpg	0	458	78	510	130	id0
DwdanNRa4Go/00000055.jpg	0	463	78	515	130	id0
DwdanNRa4Go/00000977.jpg	0	446	78	498	130	id0
DwdanNRa4Go/00000004.jpg	0	460	73	522	135	id0
DwdanNRa4Go/00001149.jpg	0	504	72	556	124	id0
DwdanNRa4Go/00000294.jpg	0	446	73	508	135	id0
DwdanNRa4Go/00001317.jpg	0	474	73	536	135	id0
DwdanNRa4Go/00000835.jpg	0	337	84	389	136	id0
DwdanNRa4Go/00000553.jpg	0	335	80	398	142	id0
DwdanNRa4Go/00000790.jpg	0	418	73	481	135	id0
DwdanNRa4Go/00000513.jpg	0	348	84	400	136	id0
DwdanNRa4Go/00000795.jpg	0	412	78	463	130	id0
DwdanNRa4Go/00000884.jpg	0	335	80	398	142	id0
DwdanNRa4Go/00001026.jpg	0	463	78	515	130	id0
DwdanNRa4Go/00000223.jpg	0	446	72	498	124	id0
DwdanNRa4Go/00000115.jpg	0	452	72	504	124	id0
DwdanNRa4Go/00000381.jpg	0	453	73	515	135	id0
DwdanNRa4Go/00000207.jpg	0	452	72	504	124	id0
DwdanNRa4Go/00001020.jpg	0	463	78	515	130	id0
DwdanNRa4Go/00000656.jpg	0	429	72	481	124	id0
DwdanNRa4Go/00000410.jpg	0	458	78	510	130	id0
DwdanNRa4Go/00001134.jpg	0	510	72	561	124	id0
DwdanNRa4Go/00000986.jpg	0	446	78	498	130	id0
DwdanNRa4Go/00000654.jpg	0	418	73	481	135	id0
DwdanNRa4Go/00000285.jpg	0	446	73	508	135	id0
DwdanNRa4Go/00000682.jpg	0	425	73	487	135	id0
DwdanNRa4Go/00001312.jpg	0	474	73	536	135	id0
DwdanNRa4Go/00000889.jpg	0	343	78	394	130	id0
DwdanNRa4Go/00001189.jpg	0	475	72	527	124	id0
DwdanNRa4Go/00000550.jpg	0	343	84	394	136	id0
DwdanNRa4Go/00000572.jpg	0	343	84	394	136	id0
DwdanNRa4Go/00001345.jpg	0	487	78	538	130	id0
DwdanNRa4Go/00000146.jpg	0	446	73	508	135	id0
DwdanNRa4Go/00000928.jpg	0	425	73	487	135	id0
DwdanNRa4Go/00001356.jpg	0	487	73	550	135	id0
DwdanNRa4Go/00000517.jpg	0	348	84	400	136	id0
DwdanNRa4Go/00000267.jpg	0	446	72	498	124	id0
DwdanNRa4Go/00000905.jpg	0	383	78	435	130	id0
DwdanNRa4Go/00000358.jpg	0	446	66	508	129	id0
DwdanNRa4Go/00000691.jpg	0	425	73	487	135	id0
DwdanNRa4Go/00000932.jpg	0	435	78	487	130	id0
DwdanNRa4Go/00000382.jpg	0	453	73	515	135	id0
DwdanNRa4Go/00000562.jpg	0	343	84	394	136	id0
DwdanNRa4Go/00001009.jpg	0	463	78	515	130	id0
DwdanNRa4Go/00000138.jpg	0	446	73	508	135	id0
DwdanNRa4Go/00000417.jpg	0	444	63	519	138	id0
DwdanNRa4Go/00000748.jpg	0	440	78	492	130	id0
DwdanNRa4Go/00000132.jpg	0	446	73	508	135	id0
DwdanNRa4Go/00000434.jpg	0	469	78	521	130	id0
DwdanNRa4Go/00000554.jpg	0	343	84	394	136	id0
DwdanNRa4Go/00000863.jpg	0	328	80	391	142	id0
DwdanNRa4Go/00001350.jpg	0	492	72	544	124	id0
DwdanNRa4Go/00000929.jpg	0	425	73	487	135	id0
DwdanNRa4Go/00000533.jpg	0	343	84	394	136	id0
DwdanNRa4Go/00000341.jpg	0	446	73	508	135	id0
DwdanNRa4Go/00000252.jpg	0	439	73	501	135	id0
DwdanNRa4Go/00000536.jpg	0	343	78	394	130	id0
DwdanNRa4Go/00001258.jpg	0	487	74	530	118	id0
DwdanNRa4Go/00001311.jpg	0	474	73	536	135	id0
DwdanNRa4Go/00000943.jpg	0	435	78	487	130	id0
DwdanNRa4Go/00001207.jpg	0	467	73	529	135	id0
DwdanNRa4Go/00001017.jpg	0	463	78	515	130	id0
DwdanNRa4Go/00000325.jpg	0	439	73	501	135	id0
DwdanNRa4Go/00000374.jpg	0	453	73	515	135	id0
DwdanNRa4Go/00000346.jpg	0	446	73	508	135	id0
DwdanNRa4Go/00000733.jpg	0	425	73	487	135	id0
DwdanNRa4Go/00000443.jpg	0	467	73	529	135	id0
DwdanNRa4Go/00000310.jpg	0	446	73	508	135	id0
DwdanNRa4Go/00000140.jpg	0	446	73	508	135	id0
DwdanNRa4Go/00000182.jpg	0	453	73	515	135	id0
DwdanNRa4Go/00001166.jpg	0	481	78	533	130	id0
DwdanNRa4Go/00001012.jpg	0	463	84	515	136	id0
DwdanNRa4Go/00000992.jpg	0	452	78	504	130	id0
DwdanNRa4Go/00000338.jpg	0	452	78	504	130	id0
DwdanNRa4Go/00000714.jpg	0	425	73	487	135	id0
DwdanNRa4Go/00000320.jpg	0	446	73	508	135	id0
DwdanNRa4Go/00001153.jpg	0	498	78	550	130	id0
DwdanNRa4Go/00001321.jpg	0	474	73	536	135	id0
DwdanNRa4Go/00000731.jpg	0	425	73	487	135	id0
DwdanNRa4Go/00000726.jpg	0	425	73	487	135	id0
DwdanNRa4Go/00000128.jpg	0	452	78	504	130	id0
DwdanNRa4Go/00001028.jpg	0	463	72	515	124	id0
DwdanNRa4Go/00001161.jpg	0	487	78	538	130	id0
DwdanNRa4Go/00000769.jpg	0	440	78	492	130	id0
DwdanNRa4Go/00000944.jpg	0	435	78	487	130	id0
DwdanNRa4Go/00000201.jpg	0	458	72	510	124	id0
DwdanNRa4Go/00000190.jpg	0	453	73	515	135	id0
DwdanNRa4Go/00000672.jpg	0	429	78	481	130	id0
DwdanNRa4Go/00000398.jpg	0	453	66	515	129	id0
DwdanNRa4Go/00000290.jpg	0	446	73	508	135	id0
DwdanNRa4Go/00000036.jpg	0	469	72	521	124	id0
DwdanNRa4Go/00000313.jpg	0	446	73	508	135	id0
DwdanNRa4Go/00000791.jpg	0	423	78	475	130	id0
DwdanNRa4Go/00001245.jpg	0	481	78	533	130	id0
DwdanNRa4Go/00000838.jpg	0	337	84	389	136	id0
DwdanNRa4Go/00001241.jpg	0	475	72	527	124	id0
DwdanNRa4Go/00000551.jpg	0	335	80	398	142	id0
DwdanNRa4Go/00000272.jpg	0	446	73	508	135	id0
DwdanNRa4Go/00001042.jpg	0	475	72	527	124	id0
DwdanNRa4Go/00000244.jpg	0	439	73	501	135	id0
DwdanNRa4Go/00000800.jpg	0	391	73	453	135	id0
DwdanNRa4Go/00000958.jpg	0	432	73	494	135	id0
DwdanNRa4Go/00000700.jpg	0	425	80	487	142	id0
DwdanNRa4Go/00000504.jpg	0	342	80	405	142	id0
DwdanNRa4Go/00000388.jpg	0	453	73	515	135	id0
DwdanNRa4Go/00000721.jpg	0	425	73	487	135	id0
DwdanNRa4Go/00000040.jpg	0	469	72	521	124	id0
DwdanNRa4Go/00001034.jpg	0	463	72	515	124	id0
DwdanNRa4Go/00000105.jpg	0	446	78	498	130	id0
DwdanNRa4Go/00000915.jpg	0	417	78	469	130	id0
DwdanNRa4Go/00000634.jpg	0	429	78	481	130	id0
DwdanNRa4Go/00000292.jpg	0	446	73	508	135	id0
DwdanNRa4Go/00000511.jpg	0	348	84	400	136	id0
DwdanNRa4Go/00000713.jpg	0	425	73	487	135	id0
DwdanNRa4Go/00000165.jpg	0	463	72	515	124	id0
DwdanNRa4Go/00000512.jpg	0	348	84	400	136	id0
DwdanNRa4Go/00000228.jpg	0	446	72	498	124	id0
DwdanNRa4Go/00000157.jpg	0	463	72	515	124	id0
DwdanNRa4Go/00000856.jpg	0	337	84	389	136	id0
DwdanNRa4Go/00000738.jpg	0	425	73	487	135	id0
DwdanNRa4Go/00000633.jpg	0	418	80	481	142	id0
DwdanNRa4Go/00000796.jpg	0	405	73	467	135	id0
DwdanNRa4Go/00000968.jpg	0	432	73	494	135	id0
DwdanNRa4Go/00001157.jpg	0	492	78	544	130	id0
DwdanNRa4Go/00000057.jpg	0	463	78	515	130	id0
DwdanNRa4Go/00000727.jpg	0	425	73	487	135	id0
DwdanNRa4Go/00001226.jpg	0	475	78	527	130	id0
DwdanNRa4Go/00000871.jpg	0	337	78	389	130	id0
DwdanNRa4Go/00000524.jpg	0	348	84	400	136	id0
DwdanNRa4Go/00000730.jpg	0	425	73	487	135	id0
DwdanNRa4Go/00000184.jpg	0	453	73	515	135	id0
DwdanNRa4Go/00000620.jpg	0	423	78	475	130	id0
DwdanNRa4Go/00000940.jpg	0	435	78	487	130	id0
DwdanNRa4Go/00000537.jpg	0	343	78	394	130	id0
DwdanNRa4Go/00001324.jpg	0	474	73	536	135	id0
DwdanNRa4Go/00000901.jpg	0	371	78	423	130	id0
DwdanNRa4Go/00001256.jpg	0	481	72	533	124	id0
DwdanNRa4Go/00001176.jpg	0	481	78	533	130	id0
DwdanNRa4Go/00000186.jpg	0	453	73	515	135	id0
DwdanNRa4Go/00000042.jpg	0	469	72	521	124	id0
DwdanNRa4Go/00000447.jpg	0	467	73	529	135	id0
DwdanNRa4Go/00000605.jpg	0	394	78	446	130	id0
DwdanNRa4Go/00000586.jpg	0	349	80	411	142	id0
DwdanNRa4Go/00000033.jpg	0	469	72	521	124	id0
DwdanNRa4Go/00000705.jpg	0	425	73	487	135	id0
DwdanNRa4Go/00001340.jpg	0	487	72	538	124	id0
DwdanNRa4Go/00000440.jpg	0	467	73	529	135	id0
DwdanNRa4Go/00000210.jpg	0	452	72	504	124	id0
DwdanNRa4Go/00001221.jpg	0	475	78	527	130	id0
DwdanNRa4Go/00000397.jpg	0	453	66	515	129	id0
DwdanNRa4Go/00000890.jpg	0	348	78	400	130	id0
DwdanNRa4Go/00000321.jpg	0	446	73	508	135	id0
DwdanNRa4Go/00000354.jpg	0	446	66	508	129	id0
DwdanNRa4Go/00001125.jpg	0	508	66	570	129	id0
DwdanNRa4Go/00001041.jpg	0	475	72	527	124	id0
DwdanNRa4Go/00001328.jpg	0	474	73	536	135	id0
DwdanNRa4Go/00000649.jpg	0	418	73	481	135	id0
DwdanNRa4Go/00001289.jpg	0	481	72	533	124	id0
DwdanNRa4Go/00001200.jpg	0	467	73	529	135	id0
DwdanNRa4Go/00000183.jpg	0	453	73	515	135	id0
DwdanNRa4Go/00000732.jpg	0	425	73	487	135	id0
DwdanNRa4Go/00000211.jpg	0	452	72	504	124	id0
DwdanNRa4Go/00000009.jpg	0	460	73	522	135	id0
DwdanNRa4Go/00001030.jpg	0	463	72	515	124	id0
DwdanNRa4Go/00000930.jpg	0	425	73	487	135	id0
DwdanNRa4Go/00000797.jpg	0	405	73	467	135	id0
DwdanNRa4Go/00000339.jpg	0	446	73	508	135	id0
DwdanNRa4Go/00001199.jpg	0	467	73	529	135	id0
DwdanNRa4Go/00001115.jpg	0	510	72	561	124	id0
DwdanNRa4Go/00001174.jpg	0	481	78	533	130	id0
DwdanNRa4Go/00000963.jpg	0	432	73	494	135	id0
DwdanNRa4Go/00001212.jpg	0	467	73	529	135	id0
DwdanNRa4Go/00001195.jpg	0	467	73	529	135	id0
DwdanNRa4Go/00000646.jpg	0	418	73	481	135	id0
DwdanNRa4Go/00000096.jpg	0	446	73	508	135	id0
DwdanNRa4Go/00001208.jpg	0	467	73	529	135	id0
DwdanNRa4Go/00000941.jpg	0	435	78	487	130	id0
DwdanNRa4Go/00001068.jpg	0	492	72	544	124	id0
DwdanNRa4Go/00000068.jpg	0	453	73	515	135	id0
DwdanNRa4Go/00000494.jpg	0	354	78	406	130	id0
DwdanNRa4Go/00001243.jpg	0	481	72	533	124	id0
DwdanNRa4Go/00000788.jpg	0	429	78	481	130	id0
DwdanNRa4Go/00001027.jpg	0	463	78	515	130	id0
DwdanNRa4Go/00000910.jpg	0	398	73	460	135	id0
DwdanNRa4Go/00001330.jpg	0	474	73	536	135	id0
DwdanNRa4Go/00000024.jpg	0	469	72	521	124	id0
DwdanNRa4Go/00000412.jpg	0	458	78	510	130	id0
DwdanNRa4Go/00001023.jpg	0	463	78	515	130	id0
DwdanNRa4Go/00001045.jpg	0	482	74	525	118	id0
DwdanNRa4Go/00000202.jpg	0	458	72	510	124	id0
DwdanNRa4Go/00000626.jpg	0	418	80	481	142	id0
DwdanNRa4Go/00000917.jpg	0	423	78	475	130	id0
DwdanNRa4Go/00000841.jpg	0	337	84	389	136	id0
DwdanNRa4Go/00001073.jpg	0	498	72	550	124	id0
DwdanNRa4Go/00001158.jpg	0	492	78	544	130	id0
DwdanNRa4Go/00001169.jpg	0	481	78	533	130	id0
DwdanNRa4Go/00000540.jpg	0	343	78	394	130	id0
DwdanNRa4Go/00000050.jpg	0	463	72	515	124	id0
DwdanNRa4Go/00000075.jpg	0	453	66	515	129	id0
DwdanNRa4Go/00001230.jpg	0	475	78	527	130	id0
DwdanNRa4Go/00001061.jpg	0	492	72	544	124	id0
DwdanNRa4Go/00000171.jpg	0	460	73	522	135	id0
DwdanNRa4Go/00001307.jpg	0	474	73	536	135	id0
DwdanNRa4Go/00000865.jpg	0	337	78	389	130	id0
DwdanNRa4Go/00000444.jpg	0	467	73	529	135	id0
DwdanNRa4Go/00000892.jpg	0	342	73	405	135	id0
DwdanNRa4Go/00000070.jpg	0	453	73	515	135	id0
DwdanNRa4Go/00000121.jpg	0	446	73	508	135	id0
DwdanNRa4Go/00001036.jpg	0	463	72	515	124	id0
DwdanNRa4Go/00000350.jpg	0	446	73	508	135	id0
DwdanNRa4Go/00001013.jpg	0	463	84	515	136	id0
DwdanNRa4Go/00001051.jpg	0	487	72	538	124	id0
DwdanNRa4Go/00000597.jpg	0	377	78	429	130	id0
DwdanNRa4Go/00001177.jpg	0	481	78	533	130	id0
DwdanNRa4Go/00000716.jpg	0	425	73	487	135	id0
DwdanNRa4Go/00000961.jpg	0	432	73	494	135	id0
DwdanNRa4Go/00000311.jpg	0	446	73	508	135	id0
DwdanNRa4Go/00000794.jpg	0	411	73	474	135	id0
DwdanNRa4Go/00000206.jpg	0	452	72	504	124	id0
DwdanNRa4Go/00000538.jpg	0	343	78	394	130	id0
DwdanNRa4Go/00000970.jpg	0	440	78	492	130	id0
DwdanNRa4Go/00000219.jpg	0	439	66	501	129	id0
DwdanNRa4Go/00000637.jpg	0	418	73	481	135	id0
DwdanNRa4Go/00001155.jpg	0	501	79	544	122	id0
DwdanNRa4Go/00001313.jpg	0	474	73	536	135	id0
DwdanNRa4Go/00001232.jpg	0	475	78	527	130	id0
DwdanNRa4Go/00000161.jpg	0	463	72	515	124	id0
DwdanNRa4Go/00000063.jpg	0	453	73	515	135	id0
DwdanNRa4Go/00000960.jpg	0	432	73	494	135	id0
DwdanNRa4Go/00000926.jpg	0	425	73	487	135	id0
DwdanNRa4Go/00001213.jpg	0	467	73	529	135	id0
DwdanNRa4Go/00000051.jpg	0	463	72	515	124	id0
DwdanNRa4Go/00000395.jpg	0	458	72	510	124	id0
DwdanNRa4Go/00000059.jpg	0	463	78	515	130	id0
DwdanNRa4Go/00000591.jpg	0	366	78	417	130	id0
DwdanNRa4Go/00000868.jpg	0	337	78	389	130	id0
DwdanNRa4Go/00000690.jpg	0	425	73	487	135	id0
DwdanNRa4Go/00000129.jpg	0	446	73	508	135	id0
DwdanNRa4Go/00000593.jpg	0	366	78	417	130	id0
DwdanNRa4Go/00000919.jpg	0	418	73	481	135	id0
DwdanNRa4Go/00000888.jpg	0	343	78	394	130	id0
DwdanNRa4Go/00001065.jpg	0	492	72	544	124	id0
DwdanNRa4Go/00000709.jpg	0	425	73	487	135	id0
DwdanNRa4Go/00001282.jpg	0	487	78	538	130	id0
DwdanNRa4Go/00000681.jpg	0	425	80	487	142	id0
DwdanNRa4Go/00000893.jpg	0	354	78	406	130	id0
DwdanNRa4Go/00001029.jpg	0	463	72	515	124	id0
DwdanNRa4Go/00001234.jpg	0	475	78	527	130	id0
DwdanNRa4Go/00000286.jpg	0	452	72	504	124	id0
DwdanNRa4Go/00001306.jpg	0	474	73	536	135	id0
DwdanNRa4Go/00000867.jpg	0	337	78	389	130	id0
DwdanNRa4Go/00001040.jpg	0	469	72	521	124	id0
DwdanNRa4Go/00000879.jpg	0	337	78	389	130	id0
DwdanNRa4Go/00001160.jpg	0	492	78	544	130	id0
DwdanNRa4Go/00000520.jpg	0	348	84	400	136	id0
DwdanNRa4Go/00001319.jpg	0	474	73	536	135	id0
DwdanNRa4Go/00001223.jpg	0	475	78	527	130	id0
DwdanNRa4Go/00001016.jpg	0	460	80	522	142	id0
DwdanNRa4Go/00000980.jpg	0	446	78	498	130	id0
DwdanNRa4Go/00000061.jpg	0	463	78	515	130	id0
DwdanNRa4Go/00000322.jpg	0	439	73	501	135	id0
DwdanNRa4Go/00000653.jpg	0	418	73	481	135	id0
DwdanNRa4Go/00000108.jpg	0	446	73	508	135	id0
DwdanNRa4Go/00000391.jpg	0	453	66	515	129	id0
DwdanNRa4Go/00000217.jpg	0	439	66	501	129	id0
DwdanNRa4Go/00001133.jpg	0	510	72	561	124	id0
DwdanNRa4Go/00000695.jpg	0	425	80	487	142	id0
DwdanNRa4Go/00000006.jpg	0	460	73	522	135	id0
DwdanNRa4Go/00000642.jpg	0	418	73	481	135	id0
DwdanNRa4Go/00001147.jpg	0	504	72	556	124	id0
DwdanNRa4Go/00000439.jpg	0	467	73	529	135	id0
DwdanNRa4Go/00000299.jpg	0	446	73	508	135	id0
DwdanNRa4Go/00000603.jpg	0	389	78	440	130	id0
DwdanNRa4Go/00000801.jpg	0	394	78	446	130	id0
DwdanNRa4Go/00000331.jpg	0	446	72	498	124	id0
DwdanNRa4Go/00000493.jpg	0	349	73	411	135	id0
DwdanNRa4Go/00001025.jpg	0	463	78	515	130	id0
DwdanNRa4Go/00000648.jpg	0	418	73	481	135	id0
DwdanNRa4Go/00000401.jpg	0	453	73	515	135	id0
DwdanNRa4Go/00001010.jpg	0	463	78	515	130	id0
DwdanNRa4Go/00000895.jpg	0	349	73	411	135	id0
DwdanNRa4Go/00001218.jpg	0	475	78	527	130	id0
DwdanNRa4Go/00000003.jpg	0	463	72	515	124	id0
DwdanNRa4Go/00000017.jpg	0	460	66	522	129	id0
DwdanNRa4Go/00000866.jpg	0	337	78	389	130	id0
DwdanNRa4Go/00000783.jpg	0	435	78	487	130	id0
DwdanNRa4Go/00001209.jpg	0	467	73	529	135	id0
DwdanNRa4Go/00000124.jpg	0	446	73	508	135	id0
DwdanNRa4Go/00000771.jpg	0	440	78	492	130	id0
DwdanNRa4Go/00000250.jpg	0	439	73	501	135	id0
DwdanNRa4Go/00000542.jpg	0	343	78	394	130	id0
DwdanNRa4Go/00000925.jpg	0	425	73	487	135	id0
DwdanNRa4Go/00000594.jpg	0	371	79	415	122	id0
DwdanNRa4Go/00000369.jpg	0	446	73	508	135	id0
DwdanNRa4Go/00001336.jpg	0	481	73	543	135	id0
DwdanNRa4Go/00000441.jpg	0	467	73	529	135	id0
DwdanNRa4Go/00000100.jpg	0	446	73	508	135	id0
DwdanNRa4Go/00000297.jpg	0	446	73	508	135	id0
DwdanNRa4Go/00001118.jpg	0	508	66	570	129	id0
DwdanNRa4Go/00000030.jpg	0	469	67	521	118	id0
DwdanNRa4Go/00001192.jpg	0	467	73	529	135	id0
DwdanNRa4Go/00000251.jpg	0	439	73	501	135	id0
DwdanNRa4Go/00000568.jpg	0	343	84	394	136	id0
DwdanNRa4Go/00001239.jpg	0	475	78	527	130	id0
DwdanNRa4Go/00000079.jpg	0	453	66	515	129	id0
DwdanNRa4Go/00000630.jpg	0	418	80	481	142	id0
DwdanNRa4Go/00000894.jpg	0	354	78	406	130	id0
DwdanNRa4Go/00001295.jpg	0	481	72	533	124	id0
DwdanNRa4Go/00000514.jpg	0	348	84	400	136	id0
DwdanNRa4Go/00000518.jpg	0	348	84	400	136	id0
DwdanNRa4Go/00000948.jpg	0	425	73	487	135	id0
DwdanNRa4Go/00001032.jpg	0	463	72	515	124	id0
DwdanNRa4Go/00000022.jpg	0	469	72	521	124	id0
DwdanNRa4Go/00000495.jpg	0	342	73	405	135	id0
DwdanNRa4Go/00000445.jpg	0	467	73	529	135	id0
DwdanNRa4Go/00001035.jpg	0	463	72	515	124	id0
DwdanNRa4Go/00000162.jpg	0	463	72	515	124	id0
DwdanNRa4Go/00000038.jpg	0	469	72	521	124	id0
DwdanNRa4Go/00000258.jpg	0	439	73	501	135	id0
DwdanNRa4Go/00000528.jpg	0	343	84	394	136	id0
DwdanNRa4Go/00000191.jpg	0	453	73	515	135	id0
DwdanNRa4Go/00000189.jpg	0	453	73	515	135	id0
DwdanNRa4Go/00000515.jpg	0	348	84	400	136	id0
DwdanNRa4Go/00001044.jpg	0	475	72	527	124	id0
DwdanNRa4Go/00000911.jpg	0	406	78	458	130	id0
DwdanNRa4Go/00000541.jpg	0	343	78	394	130	id0
DwdanNRa4Go/00000953.jpg	0	435	78	487	130	id0
DwdanNRa4Go/00000859.jpg	0	337	84	389	136	id0
DwdanNRa4Go/00000301.jpg	0	446	73	508	135	id0
DwdanNRa4Go/00001222.jpg	0	482	79	525	122	id0
DwdanNRa4Go/00000067.jpg	0	453	73	515	135	id0
DwdanNRa4Go/00001191.jpg	0	467	73	529	135	id0
DwdanNRa4Go/00000216.jpg	0	439	66	501	129	id0
DwdanNRa4Go/00001283.jpg	0	487	78	538	130	id0
DwdanNRa4Go/00000870.jpg	0	337	78	389	130	id0
DwdanNRa4Go/00000764.jpg	0	440	78	492	130	id0
DwdanNRa4Go/00000130.jpg	0	452	78	504	130	id0
DwdanNRa4Go/00000667.jpg	0	425	73	487	135	id0
DwdanNRa4Go/00000215.jpg	0	439	66	501	129	id0
DwdanNRa4Go/00000497.jpg	0	342	73	405	135	id0
DwdanNRa4Go/00000527.jpg	0	343	84	394	136	id0
DwdanNRa4Go/00000414.jpg	0	453	73	515	135	id0
DwdanNRa4Go/00001259.jpg	0	487	74	530	118	id0
DwdanNRa4Go/00001288.jpg	0	481	72	533	124	id0
DwdanNRa4Go/00000718.jpg	0	425	73	487	135	id0
DwdanNRa4Go/00001140.jpg	0	504	72	556	124	id0
DwdanNRa4Go/00000950.jpg	0	425	73	487	135	id0
DwdanNRa4Go/00000989.jpg	0	446	78	498	130	id0
DwdanNRa4Go/00000535.jpg	0	343	84	394	136	id0
DwdanNRa4Go/00000005.jpg	0	460	73	522	135	id0
DwdanNRa4Go/00000176.jpg	0	463	72	515	124	id0
DwdanNRa4Go/00000906.jpg	0	384	73	446	135	id0
DwdanNRa4Go/00001261.jpg	0	487	74	530	118	id0
DwdanNRa4Go/00000991.jpg	0	452	78	504	130	id0
DwdanNRa4Go/00000688.jpg	0	425	73	487	135	id0
DwdanNRa4Go/00000066.jpg	0	453	73	515	135	id0
DwdanNRa4Go/00000330.jpg	0	439	66	501	129	id0
DwdanNRa4Go/00000259.jpg	0	439	73	501	135	id0
DwdanNRa4Go/00000530.jpg	0	343	84	394	136	id0
DwdanNRa4Go/00001252.jpg	0	481	72	533	124	id0
DwdanNRa4Go/00000021.jpg	0	469	72	521	124	id0
DwdanNRa4Go/00000198.jpg	0	453	73	515	135	id0
DwdanNRa4Go/00000271.jpg	0	446	73	508	135	id0
DwdanNRa4Go/00000366.jpg	0	446	73	508	135	id0
DwdanNRa4Go/00000090.jpg	0	446	73	508	135	id0
DwdanNRa4Go/00000175.jpg	0	463	72	515	124	id0
DwdanNRa4Go/00000582.jpg	0	354	78	406	130	id0
DwdanNRa4Go/00000988.jpg	0	446	78	498	130	id0
DwdanNRa4Go/00000887.jpg	0	343	78	394	130	id0
DwdanNRa4Go/00000772.jpg	0	440	78	492	130	id0
DwdanNRa4Go/00000305.jpg	0	446	73	508	135	id0
DwdanNRa4Go/00001000.jpg	0	458	78	510	130	id0
DwdanNRa4Go/00000857.jpg	0	337	84	389	136	id0
DwdanNRa4Go/00000430.jpg	0	460	73	522	135	id0
DwdanNRa4Go/00001309.jpg	0	474	73	536	135	id0
DwdanNRa4Go/00001136.jpg	0	501	66	563	129	id0
DwdanNRa4Go/00000979.jpg	0	446	78	498	130	id0
DwdanNRa4Go/00000187.jpg	0	453	73	515	135	id0
DwdanNRa4Go/00001007.jpg	0	463	78	515	130	id0
DwdanNRa4Go/00000348.jpg	0	446	73	508	135	id0
DwdanNRa4Go/00000936.jpg	0	432	73	494	135	id0
DwdanNRa4Go/00000333.jpg	0	446	72	498	124	id0
DwdanNRa4Go/00000069.jpg	0	453	73	515	135	id0
DwdanNRa4Go/00001163.jpg	0	487	78	538	130	id0
DwdanNRa4Go/00000916.jpg	0	411	73	474	135	id0
DwdanNRa4Go/00000545.jpg	0	343	84	394	136	id0
DwdanNRa4Go/00000148.jpg	0	446	73	508	135	id0
DwdanNRa4Go/00000264.jpg	0	446	78	498	130	id0
DwdanNRa4Go/00001008.jpg	0	463	78	515	130	id0
DwdanNRa4Go/00000740.jpg	0	435	78	487	130	id0
DwdanNRa4Go/00000585.jpg	0	354	78	406	130	id0
DwdanNRa4Go/00000396.jpg	0	458	72	510	124	id0
DwdanNRa4Go/00000150.jpg	0	452	72	504	124	id0
DwdanNRa4Go/00001331.jpg	0	481	72	533	124	id0
DwdanNRa4Go/00001337.jpg	0	487	72	538	124	id0
DwdanNRa4Go/00000433.jpg	0	469	78	521	130	id0
DwdanNRa4Go/00000668.jpg	0	425	73	487	135	id0
DwdanNRa4Go/00000577.jpg	0	343	84	394	136	id0
DwdanNRa4Go/00000103.jpg	0	446	78	498	130	id0
DwdanNRa4Go/00000167.jpg	0	463	72	515	124	id0
DwdanNRa4Go/00000990.jpg	0	452	78	504	130	id0
DwdanNRa4Go/00001346.jpg	0	481	66	543	129	id0
DwdanNRa4Go/00000360.jpg	0	436	63	511	138	id0
DwdanNRa4Go/00000760.jpg	0	440	78	492	130	id0
DwdanNRa4Go/00000939.jpg	0	432	73	494	135	id0
DwdanNRa4Go/00000802.jpg	0	384	73	446	135	id0
DwdanNRa4Go/00000357.jpg	0	436	63	511	138	id0
DwdanNRa4Go/00000627.jpg	0	418	80	481	142	id0
DwdanNRa4Go/00000923.jpg	0	429	78	481	130	id0
DwdanNRa4Go/00001031.jpg	0	463	72	515	124	id0
DwdanNRa4Go/00000735.jpg	0	425	73	487	135	id0
DwdanNRa4Go/00000118.jpg	0	446	73	508	135	id0
DwdanNRa4Go/00000673.jpg	0	429	78	481	130	id0
DwdanNRa4Go/00000955.jpg	0	435	78	487	130	id0
DwdanNRa4Go/00000362.jpg	0	446	66	508	129	id0
DwdanNRa4Go/00000753.jpg	0	440	78	492	130	id0
DwdanNRa4Go/00000938.jpg	0	432	73	494	135	id0
DwdanNRa4Go/00000029.jpg	0	469	67	521	118	id0
DwdanNRa4Go/00000883.jpg	0	335	80	398	142	id0
DwdanNRa4Go/00001264.jpg	0	487	74	530	118	id0
DwdanNRa4Go/00000355.jpg	0	436	63	511	138	id0
DwdanNRa4Go/00001122.jpg	0	508	66	570	129	id0
DwdanNRa4Go/00000861.jpg	0	328	80	391	142	id0
DwdanNRa4Go/00000600.jpg	0	383	78	435	130	id0
DwdanNRa4Go/00000188.jpg	0	453	73	515	135	id0
DwdanNRa4Go/00001292.jpg	0	481	72	533	124	id0
DwdanNRa4Go/00000031.jpg	0	469	67	521	118	id0
DwdanNRa4Go/00001150.jpg	0	504	78	556	130	id0
DwdanNRa4Go/00000596.jpg	0	371	78	423	130	id0
DwdanNRa4Go/00000077.jpg	0	453	66	515	129	id0
DwdanNRa4Go/00001159.jpg	0	492	78	544	130	id0
DwdanNRa4Go/00001203.jpg	0	467	73	529	135	id0
DwdanNRa4Go/00001058.jpg	0	487	72	538	124	id0
DwdanNRa4Go/00001053.jpg	0	487	72	538	124	id0
DwdanNRa4Go/00001215.jpg	0	475	78	527	130	id0
DwdanNRa4Go/00000606.jpg	0	400	78	452	130	id0
DwdanNRa4Go/00000843.jpg	0	337	84	389	136	id0
DwdanNRa4Go/00000724.jpg	0	425	73	487	135	id0
DwdanNRa4Go/00000587.jpg	0	360	78	412	130	id0
DwdanNRa4Go/00000424.jpg	0	460	66	522	129	id0
DwdanNRa4Go/00000588.jpg	0	356	80	418	142	id0
DwdanNRa4Go/00000786.jpg	0	429	78	481	130	id0
DwdanNRa4Go/00000898.jpg	0	366	78	417	130	id0
DwdanNRa4Go/00000876.jpg	0	337	78	389	130	id0
DwdanNRa4Go/00001348.jpg	0	492	72	544	124	id0
DwdanNRa4Go/00000106.jpg	0	446	73	508	135	id0
DwdanNRa4Go/00000312.jpg	0	446	73	508	135	id0
DwdanNRa4Go/00000631.jpg	0	418	80	481	142	id0
DwdanNRa4Go/00000984.jpg	0	446	78	498	130	id0
DwdanNRa4Go/00001002.jpg	0	458	78	510	130	id0
DwdanNRa4Go/00001164.jpg	0	481	78	533	130	id0
DwdanNRa4Go/00000755.jpg	0	440	78	492	130	id0
DwdanNRa4Go/00000792.jpg	0	411	73	474	135	id0
DwdanNRa4Go/00000628.jpg	0	418	80	481	142	id0
DwdanNRa4Go/00000379.jpg	0	453	73	515	135	id0
DwdanNRa4Go/00001334.jpg	0	481	78	533	130	id0
DwdanNRa4Go/00000098.jpg	0	446	73	508	135	id0
DwdanNRa4Go/00000559.jpg	0	343	84	394	136	id0
DwdanNRa4Go/00001329.jpg	0	474	73	536	135	id0
DwdanNRa4Go/00000519.jpg	0	348	84	400	136	id0
DwdanNRa4Go/00000757.jpg	0	440	78	492	130	id0
DwdanNRa4Go/00000309.jpg	0	446	73	508	135	id0
DwdanNRa4Go/00001063.jpg	0	492	72	544	124	id0
DwdanNRa4Go/00001204.jpg	0	467	73	529	135	id0
DwdanNRa4Go/00001236.jpg	0	475	78	527	130	id0
DwdanNRa4Go/00000534.jpg	0	343	84	394	136	id0
DwdanNRa4Go/00001190.jpg	0	467	73	529	135	id0
DwdanNRa4Go/00000257.jpg	0	439	73	501	135	id0
DwdanNRa4Go/00001019.jpg	0	463	78	515	130	id0
DwdanNRa4Go/00000345.jpg	0	446	73	508	135	id0
DwdanNRa4Go/00000142.jpg	0	446	73	508	135	id0
DwdanNRa4Go/00000442.jpg	0	467	73	529	135	id0
DwdanNRa4Go/00000532.jpg	0	343	84	394	136	id0
DwdanNRa4Go/00000674.jpg	0	418	80	481	142	id0
DwdanNRa4Go/00000213.jpg	0	452	72	504	124	id0
DwdanNRa4Go/00001067.jpg	0	492	72	544	124	id0
DwdanNRa4Go/00000641.jpg	0	418	73	481	135	id0
DwdanNRa4Go/00001146.jpg	0	504	72	556	124	id0
DwdanNRa4Go/00000623.jpg	0	418	80	481	142	id0
DwdanNRa4Go/00000896.jpg	0	360	78	412	130	id0
DwdanNRa4Go/00000799.jpg	0	398	73	460	135	id0
DwdanNRa4Go/00000913.jpg	0	412	78	463	130	id0
DwdanNRa4Go/00000141.jpg	0	446	73	508	135	id0
DwdanNRa4Go/00001300.jpg	0	475	78	527	130	id0
DwdanNRa4Go/00000561.jpg	0	343	84	394	136	id0
DwdanNRa4Go/00001138.jpg	0	504	72	556	124	id0
DwdanNRa4Go/00000523.jpg	0	348	84	400	136	id0
DwdanNRa4Go/00000969.jpg	0	432	73	494	135	id0
DwdanNRa4Go/00001294.jpg	0	481	72	533	124	id0
DwdanNRa4Go/00001123.jpg	0	508	66	570	129	id0
DwdanNRa4Go/00000723.jpg	0	425	73	487	135	id0
DwdanNRa4Go/00000088.jpg	0	452	72	504	124	id0
DwdanNRa4Go/00000387.jpg	0	453	73	515	135	id0
DwdanNRa4Go/00000032.jpg	0	469	72	521	124	id0
DwdanNRa4Go/00000373.jpg	0	453	73	515	135	id0
DwdanNRa4Go/00000334.jpg	0	439	73	501	135	id0
DwdanNRa4Go/00000994.jpg	0	452	78	504	130	id0
DwdanNRa4Go/00000902.jpg	0	370	73	432	135	id0
DwdanNRa4Go/00000784.jpg	0	425	73	487	135	id0
DwdanNRa4Go/00000227.jpg	0	439	66	501	129	id0
DwdanNRa4Go/00000316.jpg	0	446	73	508	135	id0
DwdanNRa4Go/00000409.jpg	0	453	66	515	129	id0
DwdanNRa4Go/00000212.jpg	0	452	72	504	124	id0
DwdanNRa4Go/00001284.jpg	0	487	72	538	124	id0
DwdanNRa4Go/00000349.jpg	0	446	73	508	135	id0
DwdanNRa4Go/00000014.jpg	0	460	66	522	129	id0
DwdanNRa4Go/00001172.jpg	0	481	78	533	130	id0
DwdanNRa4Go/00000193.jpg	0	453	73	515	135	id0
DwdanNRa4Go/00001279.jpg	0	487	78	538	130	id0
DwdanNRa4Go/00001131.jpg	0	510	72	561	124	id0
DwdanNRa4Go/00000651.jpg	0	418	73	481	135	id0
DwdanNRa4Go/00000993.jpg	0	452	78	504	130	id0
DwdanNRa4Go/00000660.jpg	0	429	72	481	124	id0
DwdanNRa4Go/00000978.jpg	0	446	78	498	130	id0
DwdanNRa4Go/00000650.jpg	0	418	73	481	135	id0
DwdanNRa4Go/00000422.jpg	0	453	66	515	129	id0
DwdanNRa4Go/00000510.jpg	0	348	84	400	136	id0
DwdanNRa4Go/00000922.jpg	0	429	78	481	130	id0
DwdanNRa4Go/00000708.jpg	0	425	73	487	135	id0
DwdanNRa4Go/00000945.jpg	0	435	78	487	130	id0
DwdanNRa4Go/00000082.jpg	0	453	66	515	129	id0
DwdanNRa4Go/00000041.jpg	0	469	72	521	124	id0
DwdanNRa4Go/00000697.jpg	0	425	80	487	142	id0
DwdanNRa4Go/00000389.jpg	0	453	73	515	135	id0
DwdanNRa4Go/00000152.jpg	0	452	72	504	124	id0
DwdanNRa4Go/00000836.jpg	0	337	84	389	136	id0
DwdanNRa4Go/00001165.jpg	0	481	78	533	130	id0
DwdanNRa4Go/00000428.jpg	0	460	73	522	135	id0
DwdanNRa4Go/00000415.jpg	0	444	63	519	138	id0
DwdanNRa4Go/00000921.jpg	0	429	78	481	130	id0
DwdanNRa4Go/00000281.jpg	0	446	73	508	135	id0
DwdanNRa4Go/00000194.jpg	0	453	73	515	135	id0
DwdanNRa4Go/00000616.jpg	0	411	73	474	135	id0
DwdanNRa4Go/00000230.jpg	0	439	73	501	135	id0
DwdanNRa4Go/00000383.jpg	0	453	73	515	135	id0
DwdanNRa4Go/00000181.jpg	0	453	73	515	135	id0
DwdanNRa4Go/00000027.jpg	0	469	72	521	124	id0
DwdanNRa4Go/00001181.jpg	0	475	72	527	124	id0
DwdanNRa4Go/00000200.jpg	0	458	72	510	124	id0
DwdanNRa4Go/00000404.jpg	0	444	63	519	138	id0
DwdanNRa4Go/00000983.jpg	0	446	78	498	130	id0
DwdanNRa4Go/00000742.jpg	0	432	73	494	135	id0
DwdanNRa4Go/00001293.jpg	0	481	72	533	124	id0
DwdanNRa4Go/00000053.jpg	0	460	73	522	135	id0
DwdanNRa4Go/00000571.jpg	0	343	84	394	136	id0
DwdanNRa4Go/00001240.jpg	0	475	78	527	130	id0
DwdanNRa4Go/00000698.jpg	0	425	80	487	142	id0
DwdanNRa4Go/00000951.jpg	0	435	78	487	130	id0
DwdanNRa4Go/00001014.jpg	0	463	84	515	136	id0
DwdanNRa4Go/00000832.jpg	0	331	84	383	136	id0
DwdanNRa4Go/00000123.jpg	0	446	73	508	135	id0
DwdanNRa4Go/00001249.jpg	0	481	72	533	124	id0
DwdanNRa4Go/00000949.jpg	0	425	73	487	135	id0
DwdanNRa4Go/00000959.jpg	0	432	73	494	135	id0
DwdanNRa4Go/00000719.jpg	0	425	73	487	135	id0
DwdanNRa4Go/00000399.jpg	0	453	66	515	129	id0
DwdanNRa4Go/00000248.jpg	0	439	73	501	135	id0
DwdanNRa4Go/00000875.jpg	0	337	78	389	130	id0
DwdanNRa4Go/00001248.jpg	0	481	78	533	130	id0
DwdanNRa4Go/00000509.jpg	0	348	84	400	136	id0
DwdanNRa4Go/00000083.jpg	0	453	66	515	129	id0
DwdanNRa4Go/00000503.jpg	0	348	84	400	136	id0
DwdanNRa4Go/00000365.jpg	0	446	73	508	135	id0
DwdanNRa4Go/00000839.jpg	0	337	84	389	136	id0
DwdanNRa4Go/00000154.jpg	0	453	66	515	129	id0
DwdanNRa4Go/00000526.jpg	0	343	84	394	136	id0
DwdanNRa4Go/00000303.jpg	0	446	73	508	135	id0
DwdanNRa4Go/00000965.jpg	0	432	73	494	135	id0
DwdanNRa4Go/00001022.jpg	0	463	78	515	130	id0
DwdanNRa4Go/00000840.jpg	0	337	84	389	136	id0
DwdanNRa4Go/00001055.jpg	0	487	72	538	124	id0
DwdanNRa4Go/00001062.jpg	0	492	72	544	124	id0
DwdanNRa4Go/00000116.jpg	0	452	72	504	124	id0
DwdanNRa4Go/00000707.jpg	0	425	73	487	135	id0
DwdanNRa4Go/00000743.jpg	0	432	73	494	135	id0
DwdanNRa4Go/00000805.jpg	0	370	73	432	135	id0
DwdanNRa4Go/00000677.jpg	0	429	78	481	130	id0
DwdanNRa4Go/00001238.jpg	0	475	78	527	130	id0
DwdanNRa4Go/00001128.jpg	0	510	72	561	124	id0
DwdanNRa4Go/00000214.jpg	0	452	72	504	124	id0
DwdanNRa4Go/00000555.jpg	0	343	84	394	136	id0
DwdanNRa4Go/00000282.jpg	0	452	72	504	124	id0
DwdanNRa4Go/00000647.jpg	0	418	73	481	135	id0
DwdanNRa4Go/00000744.jpg	0	432	73	494	135	id0
DwdanNRa4Go/00000423.jpg	0	460	66	522	129	id0
DwdanNRa4Go/00001064.jpg	0	492	72	544	124	id0
DwdanNRa4Go/00000972.jpg	0	440	78	492	130	id0
DwdanNRa4Go/00000920.jpg	0	418	73	481	135	id0
DwdanNRa4Go/00000679.jpg	0	425	80	487	142	id0
DwdanNRa4Go/00000643.jpg	0	418	73	481	135	id0
DwdanNRa4Go/00000363.jpg	0	446	66	508	129	id0
DwdanNRa4Go/00001178.jpg	0	475	78	527	130	id0
DwdanNRa4Go/00001254.jpg	0	481	78	533	130	id0
DwdanNRa4Go/00001198.jpg	0	467	73	529	135	id0
DwdanNRa4Go/00000770.jpg	0	440	78	492	130	id0
DwdanNRa4Go/00000249.jpg	0	439	73	501	135	id0
DwdanNRa4Go/00001352.jpg	0	487	73	550	135	id0
DwdanNRa4Go/00000604.jpg	0	394	78	446	130	id0
DwdanNRa4Go/00000432.jpg	0	460	73	522	135	id0
DwdanNRa4Go/00000882.jpg	0	335	80	398	142	id0
DwdanNRa4Go/00000402.jpg	0	444	63	519	138	id0
DwdanNRa4Go/00000903.jpg	0	377	78	429	130	id0
DwdanNRa4Go/00001070.jpg	0	498	72	550	124	id0
DwdanNRa4Go/00001342.jpg	0	487	72	538	124	id0
DwdanNRa4Go/00000318.jpg	0	446	73	508	135	id0
DwdanNRa4Go/00000666.jpg	0	425	73	487	135	id0
DwdanNRa4Go/00000114.jpg	0	452	72	504	124	id0
DwdanNRa4Go/00000037.jpg	0	469	72	521	124	id0
DwdanNRa4Go/00000774.jpg	0	440	78	492	130	id0
DwdanNRa4Go/00000765.jpg	0	440	78	492	130	id0
DwdanNRa4Go/00001130.jpg	0	510	72	561	124	id0
DwdanNRa4Go/00001144.jpg	0	504	72	556	124	id0
DwdanNRa4Go/00000581.jpg	0	348	78	400	130	id0
DwdanNRa4Go/00000287.jpg	0	446	73	508	135	id0
DwdanNRa4Go/00000912.jpg	0	412	78	463	130	id0
DwdanNRa4Go/00000307.jpg	0	446	73	508	135	id0
DwdanNRa4Go/00001333.jpg	0	481	72	533	124	id0
DwdanNRa4Go/00000008.jpg	0	460	73	522	135	id0
DwdanNRa4Go/00000798.jpg	0	398	73	460	135	id0
DwdanNRa4Go/00000054.jpg	0	460	73	522	135	id0
DwdanNRa4Go/00000552.jpg	0	335	80	398	142	id0
DwdanNRa4Go/00000283.jpg	0	452	72	504	124	id0
DwdanNRa4Go/00001247.jpg	0	481	72	533	124	id0
DwdanNRa4Go/00001162.jpg	0	487	78	538	130	id0
DwdanNRa4Go/00001325.jpg	0	474	73	536	135	id0
DwdanNRa4Go/00000736.jpg	0	425	73	487	135	id0
DwdanNRa4Go/00001302.jpg	0	475	72	527	124	id0
DwdanNRa4Go/00000746.jpg	0	440	78	492	130	id0
DwdanNRa4Go/00000833.jpg	0	328	80	391	142	id0
DwdanNRa4Go/00000501.jpg	0	342	73	405	135	id0
DwdanNRa4Go/00001071.jpg	0	498	72	550	124	id0
DwdanNRa4Go/00000127.jpg	0	446	73	508	135	id0
DwdanNRa4Go/00000225.jpg	0	446	72	498	124	id0
DwdanNRa4Go/00001168.jpg	0	482	79	525	122	id0
DwdanNRa4Go/00001141.jpg	0	504	72	556	124	id0
DwdanNRa4Go/00000384.jpg	0	453	73	515	135	id0
DwdanNRa4Go/00001001.jpg	0	458	78	510	130	id0
DwdanNRa4Go/00000364.jpg	0	446	73	508	135	id0
DwdanNRa4Go/00001246.jpg	0	481	78	533	130	id0
DwdanNRa4Go/00000337.jpg	0	436	72	511	146	id0
DwdanNRa4Go/00000371.jpg	0	446	73	508	135	id0
DwdanNRa4Go/00000844.jpg	0	337	84	389	136	id0
DwdanNRa4Go/00000539.jpg	0	343	78	394	130	id0
DwdanNRa4Go/00000782.jpg	0	435	78	487	130	id0
DwdanNRa4Go/00000569.jpg	0	343	84	394	136	id0
DwdanNRa4Go/00000680.jpg	0	425	80	487	142	id0
DwdanNRa4Go/00000849.jpg	0	337	84	389	136	id0
DwdanNRa4Go/00000804.jpg	0	383	78	435	130	id0
DwdanNRa4Go/00000601.jpg	0	383	78	435	130	id0
DwdanNRa4Go/00000229.jpg	0	446	72	498	124	id0
DwdanNRa4Go/00000203.jpg	0	458	72	510	124	id0
DwdanNRa4Go/00000745.jpg	0	432	73	494	135	id0
DwdanNRa4Go/00000985.jpg	0	446	78	498	130	id0
DwdanNRa4Go/00000159.jpg	0	463	72	515	124	id0
DwdanNRa4Go/00000531.jpg	0	343	84	394	136	id0
DwdanNRa4Go/00000205.jpg	0	452	72	504	124	id0
DwdanNRa4Go/00001006.jpg	0	458	78	510	130	id0
DwdanNRa4Go/00000658.jpg	0	429	78	481	130	id0
DwdanNRa4Go/00000638.jpg	0	418	73	481	135	id0
DwdanNRa4Go/00000976.jpg	0	446	78	498	130	id0
DwdanNRa4Go/00000166.jpg	0	460	73	522	135	id0
DwdanNRa4Go/00000908.jpg	0	391	73	453	135	id0
DwdanNRa4Go/00001214.jpg	0	467	73	529	135	id0
DwdanNRa4Go/00001227.jpg	0	475	78	527	130	id0
DwdanNRa4Go/00000173.jpg	0	463	72	515	124	id0
DwdanNRa4Go/00000078.jpg	0	453	66	515	129	id0
DwdanNRa4Go/00000982.jpg	0	446	78	498	130	id0
DwdanNRa4Go/00000329.jpg	0	446	72	498	124	id0
DwdanNRa4Go/00000999.jpg	0	458	78	510	130	id0
DwdanNRa4Go/00000872.jpg	0	337	78	389	130	id0
DwdanNRa4Go/00000717.jpg	0	425	73	487	135	id0
DwdanNRa4Go/00000500.jpg	0	342	73	405	135	id0
DwdanNRa4Go/00001119.jpg	0	508	66	570	129	id0
DwdanNRa4Go/00000725.jpg	0	425	73	487	135	id0
DwdanNRa4Go/00000971.jpg	0	440	78	492	130	id0
DwdanNRa4Go/00000426.jpg	0	460	73	522	135	id0
DwdanNRa4Go/00000394.jpg	0	458	72	510	124	id0
DwdanNRa4Go/00000618.jpg	0	411	73	474	135	id0
DwdanNRa4Go/00001114.jpg	0	510	72	561	124	id0
DwdanNRa4Go/00001353.jpg	0	487	73	550	135	id0
DwdanNRa4Go/00000852.jpg	0	337	84	389	136	id0
DwdanNRa4Go/00000261.jpg	0	439	66	501	129	id0
DwdanNRa4Go/00000558.jpg	0	343	84	394	136	id0
DwdanNRa4Go/00000390.jpg	0	453	73	515	135	id0
DwdanNRa4Go/00000169.jpg	0	460	73	522	135	id0
DwdanNRa4Go/00000780.jpg	0	435	78	487	130	id0
DwdanNRa4Go/00000891.jpg	0	348	78	400	130	id0
DwdanNRa4Go/00000996.jpg	0	458	78	510	130	id0
DwdanNRa4Go/00000869.jpg	0	337	78	389	130	id0
DwdanNRa4Go/00001024.jpg	0	463	78	515	130	id0
DwdanNRa4Go/00000712.jpg	0	425	73	487	135	id0
DwdanNRa4Go/00001184.jpg	0	475	72	527	124	id0
DwdanNRa4Go/00001280.jpg	0	487	78	538	130	id0
DwdanNRa4Go/00000314.jpg	0	446	73	508	135	id0
DwdanNRa4Go/00001167.jpg	0	475	72	527	124	id0
DwdanNRa4Go/00000235.jpg	0	439	73	501	135	id0
DwdanNRa4Go/00000107.jpg	0	446	73	508	135	id0
DwdanNRa4Go/00000785.jpg	0	425	73	487	135	id0
DwdanNRa4Go/00001143.jpg	0	504	72	556	124	id0
DwdanNRa4Go/00000076.jpg	0	453	66	515	129	id0
DwdanNRa4Go/00000058.jpg	0	463	78	515	130	id0
DwdanNRa4Go/00000741.jpg	0	432	73	494	135	id0
DwdanNRa4Go/00000406.jpg	0	453	73	515	135	id0
DwdanNRa4Go/00001231.jpg	0	475	78	527	130	id0
DwdanNRa4Go/00000110.jpg	0	446	73	508	135	id0
DwdanNRa4Go/00000117.jpg	0	446	73	508	135	id0
DwdanNRa4Go/00000274.jpg	0	446	73	508	135	id0
DwdanNRa4Go/00000702.jpg	0	425	80	487	142	id0
DwdanNRa4Go/00000655.jpg	0	418	73	481	135	id0
DwdanNRa4Go/00001217.jpg	0	475	78	527	130	id0
DwdanNRa4Go/00001120.jpg	0	508	66	570	129	id0
DwdanNRa4Go/00001265.jpg	0	487	74	530	118	id0
DwdanNRa4Go/00000624.jpg	0	418	80	481	142	id0
DwdanNRa4Go/00000739.jpg	0	435	78	487	130	id0
DwdanNRa4Go/00000598.jpg	0	377	78	429	130	id0
DwdanNRa4Go/00000547.jpg	0	343	84	394	136	id0
DwdanNRa4Go/00000521.jpg	0	348	84	400	136	id0
DwdanNRa4Go/00000013.jpg	0	460	66	522	129	id0
DwdanNRa4Go/00000557.jpg	0	343	84	394	136	id0
DwdanNRa4Go/00000158.jpg	0	463	72	515	124	id0
DwdanNRa4Go/00001272.jpg	0	481	78	533	130	id0
DwdanNRa4Go/00000734.jpg	0	425	73	487	135	id0
DwdanNRa4Go/00000071.jpg	0	453	66	515	129	id0
DwdanNRa4Go/00000288.jpg	0	446	73	508	135	id0
DwdanNRa4Go/00000332.jpg	0	446	72	498	124	id0
DwdanNRa4Go/00000759.jpg	0	440	78	492	130	id0
DwdanNRa4Go/00000525.jpg	0	348	84	400	136	id0
DwdanNRa4Go/00000498.jpg	0	342	80	405	142	id0
DwdanNRa4Go/00000935.jpg	0	432	73	494	135	id0
DwdanNRa4Go/00000966.jpg	0	432	73	494	135	id0
DwdanNRa4Go/00000368.jpg	0	446	73	508	135	id0
DwdanNRa4Go/00000101.jpg	0	446	78	498	130	id0
DwdanNRa4Go/00000315.jpg	0	452	78	504	130	id0
DwdanNRa4Go/00001075.jpg	0	498	72	550	124	id0
DwdanNRa4Go/00000380.jpg	0	453	73	515	135	id0
DwdanNRa4Go/00001004.jpg	0	458	78	510	130	id0
DwdanNRa4Go/00001251.jpg	0	481	72	533	124	id0
DwdanNRa4Go/00001180.jpg	0	475	72	527	124	id0
DwdanNRa4Go/00000854.jpg	0	337	84	389	136	id0
DwdanNRa4Go/00001116.jpg	0	510	72	561	124	id0
DwdanNRa4Go/00000686.jpg	0	425	73	487	135	id0
DwdanNRa4Go/00000084.jpg	0	458	72	510	124	id0
DwdanNRa4Go/00000927.jpg	0	425	73	487	135	id0
DwdanNRa4Go/00000416.jpg	0	444	63	519	138	id0
DwdanNRa4Go/00000400.jpg	0	453	66	515	129	id0
DwdanNRa4Go/00000327.jpg	0	439	73	501	135	id0
DwdanNRa4Go/00000499.jpg	0	348	78	400	130	id0
DwdanNRa4Go/00001344.jpg	0	487	72	538	124	id0
DwdanNRa4Go/00001142.jpg	0	504	72	556	124	id0
DwdanNRa4Go/00000975.jpg	0	439	73	501	135	id0
DwdanNRa4Go/00000028.jpg	0	469	67	521	118	id0
DwdanNRa4Go/00001072.jpg	0	498	72	550	124	id0
DwdanNRa4Go/00000144.jpg	0	446	73	508	135	id0
DwdanNRa4Go/00000429.jpg	0	460	73	522	135	id0
DwdanNRa4Go/00000386.jpg	0	453	73	515	135	id0
DwdanNRa4Go/00000877.jpg	0	337	78	389	130	id0
DwdanNRa4Go/00000220.jpg	0	439	66	501	129	id0
DwdanNRa4Go/00000614.jpg	0	411	73	474	135	id0
DwdanNRa4Go/00000254.jpg	0	439	73	501	135	id0
DwdanNRa4Go/00001301.jpg	0	475	72	527	124	id0
DwdanNRa4Go/00000437.jpg	0	467	73	529	135	id0
DwdanNRa4Go/00001253.jpg	0	481	72	533	124	id0
DwdanNRa4Go/00000436.jpg	0	467	73	529	135	id0
DwdanNRa4Go/00000918.jpg	0	423	78	475	130	id0
DwdanNRa4Go/00001052.jpg	0	487	72	538	124	id0
DwdanNRa4Go/00000850.jpg	0	337	84	389	136	id0
DwdanNRa4Go/00001210.jpg	0	467	73	529	135	id0
DwdanNRa4Go/00000240.jpg	0	439	73	501	135	id0
DwdanNRa4Go/00001303.jpg	0	475	72	527	124	id0
DwdanNRa4Go/00000125.jpg	0	446	73	508	135	id0
DwdanNRa4Go/00000446.jpg	0	467	73	529	135	id0
DwdanNRa4Go/00000567.jpg	0	343	84	394	136	id0
DwdanNRa4Go/00000149.jpg	0	446	73	508	135	id0
DwdanNRa4Go/00000942.jpg	0	435	78	487	130	id0
DwdanNRa4Go/00001266.jpg	0	487	74	530	118	id0
DwdanNRa4Go/00000255.jpg	0	439	73	501	135	id0
DwdanNRa4Go/00000265.jpg	0	446	78	498	130	id0
DwdanNRa4Go/00000092.jpg	0	446	73	508	135	id0
DwdanNRa4Go/00000308.jpg	0	446	73	508	135	id0
DwdanNRa4Go/00000145.jpg	0	446	73	508	135	id0
DwdanNRa4Go/00000403.jpg	0	444	63	519	138	id0
DwdanNRa4Go/00000508.jpg	0	348	84	400	136	id0
DwdanNRa4Go/00000621.jpg	0	418	73	481	135	id0
DwdanNRa4Go/00000300.jpg	0	446	73	508	135	id0
DwdanNRa4Go/00000319.jpg	0	446	73	508	135	id0
DwdanNRa4Go/00000435.jpg	0	467	73	529	135	id0
DwdanNRa4Go/00000073.jpg	0	453	66	515	129	id0
DwdanNRa4Go/00001335.jpg	0	481	78	533	130	id0
DwdanNRa4Go/00000565.jpg	0	343	84	394	136	id0
DwdanNRa4Go/00000218.jpg	0	439	66	501	129	id0
DwdanNRa4Go/00000703.jpg	0	425	80	487	142	id0
DwdanNRa4Go/00000671.jpg	0	429	78	481	130	id0
DwdanNRa4Go/00000846.jpg	0	337	84	389	136	id0
DwdanNRa4Go/00001132.jpg	0	510	72	561	124	id0
DwdanNRa4Go/00001318.jpg	0	474	73	536	135	id0
DwdanNRa4Go/00000806.jpg	0	366	78	417	130	id0
DwdanNRa4Go/00000178.jpg	0	453	73	515	135	id0
DwdanNRa4Go/00000438.jpg	0	467	73	529	135	id0
DwdanNRa4Go/00000094.jpg	0	452	78	504	130	id0
DwdanNRa4Go/00001154.jpg	0	498	78	550	130	id0
DwdanNRa4Go/00000789.jpg	0	418	73	481	135	id0
DwdanNRa4Go/00001145.jpg	0	504	72	556	124	id0
DwdanNRa4Go/00001315.jpg	0	474	73	536	135	id0
DwdanNRa4Go/00000886.jpg	0	343	84	394	136	id0
DwdanNRa4Go/00001268.jpg	0	481	78	533	130	id0
DwdanNRa4Go/00000278.jpg	0	446	73	508	135	id0
DwdanNRa4Go/00000275.jpg	0	446	73	508	135	id0
DwdanNRa4Go/00000683.jpg	0	425	73	487	135	id0
DwdanNRa4Go/00000236.jpg	0	439	73	501	135	id0
DwdanNRa4Go/00000361.jpg	0	446	66	508	129	id0
DwdanNRa4Go/00000276.jpg	0	446	73	508	135	id0
DwdanNRa4Go/00000277.jpg	0	446	73	508	135	id0
DwdanNRa4Go/00000080.jpg	0	453	66	515	129	id0
DwdanNRa4Go/00000502.jpg	0	342	73	405	135	id0
DwdanNRa4Go/00001173.jpg	0	481	78	533	130	id0
DwdanNRa4Go/00000209.jpg	0	452	72	504	124	id0
DwdanNRa4Go/00001351.jpg	0	492	72	544	124	id0
DwdanNRa4Go/00001171.jpg	0	481	72	533	124	id0
DwdanNRa4Go/00000576.jpg	0	343	84	394	136	id0
DwdanNRa4Go/00000420.jpg	0	453	66	515	129	id0
DwdanNRa4Go/00000967.jpg	0	432	73	494	135	id0
DwdanNRa4Go/00000737.jpg	0	425	73	487	135	id0
DwdanNRa4Go/00000407.jpg	0	453	73	515	135	id0
DwdanNRa4Go/00000047.jpg	0	469	72	521	124	id0
DwdanNRa4Go/00000425.jpg	0	460	66	522	129	id0
DwdanNRa4Go/00001018.jpg	0	463	78	515	130	id0
DwdanNRa4Go/00000247.jpg	0	439	73	501	135	id0
DwdanNRa4Go/00001225.jpg	0	475	78	527	130	id0
DwdanNRa4Go/00000952.jpg	0	435	78	487	130	id0
DwdanNRa4Go/00001250.jpg	0	481	72	533	124	id0
DwdanNRa4Go/00000696.jpg	0	425	80	487	142	id0
DwdanNRa4Go/00000899.jpg	0	366	78	417	130	id0
DwdanNRa4Go/00000095.jpg	0	452	78	504	130	id0
DwdanNRa4Go/00000279.jpg	0	446	73	508	135	id0
DwdanNRa4Go/00000091.jpg	0	446	73	508	135	id0
DwdanNRa4Go/00000592.jpg	0	366	78	417	130	id0
DwdanNRa4Go/00000563.jpg	0	343	84	394	136	id0
DwdanNRa4Go/00000924.jpg	0	429	78	481	130	id0
DwdanNRa4Go/00000704.jpg	0	425	73	487	135	id0
DwdanNRa4Go/00000245.jpg	0	439	73	501	135	id0
DwdanNRa4Go/00000370.jpg	0	446	73	508	135	id0
DwdanNRa4Go/00000657.jpg	0	429	78	481	130	id0
DwdanNRa4Go/00000405.jpg	0	453	73	515	135	id0
DwdanNRa4Go/00000909.jpg	0	400	78	452	130	id0
DwdanNRa4Go/00000639.jpg	0	418	73	481	135	id0
DwdanNRa4Go/00001276.jpg	0	487	78	538	130	id0
DwdanNRa4Go/00001298.jpg	0	475	72	527	124	id0
DwdanNRa4Go/00000773.jpg	0	440	78	492	130	id0
DwdanNRa4Go/00001127.jpg	0	510	72	561	124	id0
DwdanNRa4Go/00000847.jpg	0	337	84	389	136	id0
DwdanNRa4Go/00000874.jpg	0	337	78	389	130	id0
DwdanNRa4Go/00001314.jpg	0	474	73	536	135	id0
DwdanNRa4Go/00000578.jpg	0	342	80	405	142	id0
DwdanNRa4Go/00000608.jpg	0	398	73	460	135	id0
DwdanNRa4Go/00001308.jpg	0	474	73	536	135	id0
DwdanNRa4Go/00000947.jpg	0	425	73	487	135	id0
DwdanNRa4Go/00000168.jpg	0	460	73	522	135	id0
DwdanNRa4Go/00000233.jpg	0	439	73	501	135	id0
DwdanNRa4Go/00000280.jpg	0	446	73	508	135	id0
DwdanNRa4Go/00001286.jpg	0	481	72	533	124	id0
DwdanNRa4Go/00000607.jpg	0	400	72	452	124	id0
DwdanNRa4Go/00000197.jpg	1	453	278	489	314	id1
DwdanNRa4Go/00000728.jpg	1	429	238	465	274	id1
DwdanNRa4Go/00000820.jpg	0	543	350	605	412	id1
DwdanNRa4Go/00000190.jpg	1	453	278	489	314	id1
DwdanNRa4Go/00000193.jpg	1	453	278	489	314	id1
DwdanNRa4Go/00000194.jpg	1	453	278	489	314	id1
DwdanNRa4Go/00000821.jpg	0	543	350	605	412	id1
DwdanNRa4Go/00000298.jpg	1	481	225	543	288	id2
DwdanNRa4Go/00000010.jpg	1	221	422	257	458	id2
DwdanNRa4Go/00000295.jpg	1	481	225	543	288	id2
DwdanNRa4Go/00000221.jpg	1	481	225	543	288	id2
DwdanNRa4Go/00000136.jpg	1	481	225	543	288	id2
DwdanNRa4Go/00000224.jpg	1	481	225	543	288	id2
DwdanNRa4Go/00000007.jpg	1	221	422	257	458	id2
DwdanNRa4Go/00000134.jpg	1	481	225	543	288	id2
DwdanNRa4Go/00000131.jpg	1	481	225	543	288	id2
DwdanNRa4Go/00000016.jpg	1	221	422	257	458	id2
DwdanNRa4Go/00000048.jpg	1	221	422	257	458	id2
DwdanNRa4Go/00000137.jpg	1	481	225	543	288	id2
DwdanNRa4Go/00000015.jpg	1	221	422	257	458	id2
DwdanNRa4Go/00000012.jpg	1	221	422	257	458	id2
DwdanNRa4Go/00000147.jpg	1	481	225	543	288	id2
DwdanNRa4Go/00000226.jpg	1	481	225	543	288	id2
DwdanNRa4Go/00000306.jpg	1	481	225	543	288	id2
DwdanNRa4Go/00000011.jpg	1	221	422	257	458	id2
DwdanNRa4Go/00000296.jpg	1	481	225	543	288	id2
DwdanNRa4Go/00000304.jpg	1	481	225	543	288	id2
DwdanNRa4Go/00000302.jpg	1	481	225	543	288	id2
DwdanNRa4Go/00000135.jpg	1	481	225	543	288	id2
DwdanNRa4Go/00000023.jpg	1	221	422	257	458	id2
DwdanNRa4Go/00000222.jpg	1	481	225	543	288	id2
DwdanNRa4Go/00000139.jpg	1	481	225	543	288	id2
DwdanNRa4Go/00000018.jpg	1	221	422	257	458	id2
DwdanNRa4Go/00000055.jpg	1	221	422	257	458	id2
DwdanNRa4Go/00000004.jpg	1	221	422	257	458	id2
DwdanNRa4Go/00000223.jpg	1	481	225	543	288	id2
DwdanNRa4Go/00000138.jpg	1	481	225	543	288	id2
DwdanNRa4Go/00000310.jpg	1	481	225	543	288	id2
DwdanNRa4Go/00000140.jpg	1	481	225	543	288	id2
DwdanNRa4Go/00000313.jpg	1	481	225	543	288	id2
DwdanNRa4Go/00000228.jpg	1	481	225	543	288	id2
DwdanNRa4Go/00000321.jpg	1	481	225	543	288	id2
DwdanNRa4Go/00000009.jpg	1	221	422	257	458	id2
DwdanNRa4Go/00000311.jpg	1	481	225	543	288	id2
DwdanNRa4Go/00000219.jpg	1	481	225	543	288	id2
DwdanNRa4Go/00000129.jpg	1	481	225	543	288	id2
DwdanNRa4Go/00000322.jpg	1	481	225	543	288	id2
DwdanNRa4Go/00000006.jpg	1	221	422	257	458	id2
DwdanNRa4Go/00000299.jpg	1	481	225	543	288	id2
DwdanNRa4Go/00000003.jpg	1	221	422	257	458	id2
DwdanNRa4Go/00000017.jpg	1	221	422	257	458	id2
DwdanNRa4Go/00000297.jpg	1	481	225	543	288	id2
DwdanNRa4Go/00000022.jpg	1	481	225	543	288	id2
DwdanNRa4Go/00000301.jpg	1	481	225	543	288	id2
DwdanNRa4Go/00000216.jpg	1	481	225	543	288	id2
DwdanNRa4Go/00000130.jpg	1	481	225	543	288	id2
DwdanNRa4Go/00000005.jpg	1	221	422	257	458	id2
DwdanNRa4Go/00000305.jpg	1	481	225	543	288	id2
DwdanNRa4Go/00000069.jpg	1	221	422	257	458	id2
DwdanNRa4Go/00000148.jpg	1	481	225	543	288	id2
DwdanNRa4Go/00000309.jpg	1	481	225	543	288	id2
DwdanNRa4Go/00000141.jpg	1	481	225	543	288	id2
DwdanNRa4Go/00000227.jpg	1	481	225	543	288	id2
DwdanNRa4Go/00000014.jpg	1	221	422	257	458	id2
DwdanNRa4Go/00000303.jpg	1	481	225	543	288	id2
DwdanNRa4Go/00000307.jpg	1	481	225	543	288	id2
DwdanNRa4Go/00000008.jpg	1	221	422	257	458	id2
DwdanNRa4Go/00000127.jpg	1	481	225	543	288	id2
DwdanNRa4Go/00000225.jpg	1	481	225	543	288	id2
DwdanNRa4Go/00000013.jpg	1	221	422	257	458	id2
DwdanNRa4Go/00000220.jpg	1	481	225	543	288	id2
DwdanNRa4Go/00000149.jpg	1	481	225	543	288	id2
DwdanNRa4Go/00000308.jpg	1	481	225	543	288	id2
DwdanNRa4Go/00000300.jpg	1	481	225	543	288	id2
DwdanNRa4Go/00000453.jpg	0	453	210	489	246	id3
DwdanNRa4Go/00000673.jpg	1	439	103	482	146	id4
DwdanNRa4Go/00000677.jpg	1	441	106	477	142	id4
