e0sEHo0YtcE/00000015.jpg	0	88	138	162	213	97,160 97,167 99,175 101,182 103,189 108,195 114,200 121,204 128,205 136,204 144,200 151,195 156,189 159,181 160,172 161,164 162,155 99,152 103,149 108,148 113,148 118,149 131,149 136,147 142,146 147,147 152,149 124,156 124,162 124,167 123,172 120,176 122,177 124,178 127,177 130,176 106,159 109,157 113,157 117,159 113,160 110,160 135,158 138,156 142,156 146,158 142,159 139,159 115,188 119,185 123,184 125,184 129,184 134,185 139,187 134,191 129,192 126,193 123,193 119,192 118,188 123,187 126,187 129,187 137,187 129,188 126,188 123,188
e0sEHo0YtcE/00000133.jpg	0	79	155	154	229	89,183 90,190 92,196 95,203 98,209 103,215 108,220 114,225 121,226 129,225 136,221 143,215 149,208 152,201 153,192 154,184 154,175 89,173 91,170 95,170 100,170 104,172 118,170 123,167 129,166 135,166 141,168 111,178 111,183 111,189 111,195 109,199 111,200 113,200 116,199 119,198 94,180 97,178 102,177 105,180 102,182 98,182 123,178 126,175 130,174 134,176 131,179 127,179 107,208 109,207 113,206 115,206 118,205 124,206 130,206 125,211 119,212 116,213 114,213 110,212 109,209 113,209 115,209 118,208 128,207 119,208 116,209 113,209
e0sEHo0YtcE/00000056.jpg	0	87	149	149	211	91,173 92,180 93,187 95,193 99,200 104,206 110,211 117,216 124,217 132,216 140,211 146,205 151,198 154,190 154,182 154,173 153,165 93,163 96,161 101,160 106,161 111,162 123,161 128,158 133,156 139,156 144,158 117,168 117,173 118,178 118,183 114,187 116,188 119,189 122,188 124,186 99,171 102,168 106,168 110,170 106,171 102,172 127,168 131,165 135,165 139,167 136,169 132,169 111,198 114,195 118,194 120,195 124,194 129,195 134,197 130,202 125,204 122,204 118,204 115,202 113,198 118,198 121,198 124,197 132,197 124,199 121,200 118,199
e0sEHo0YtcE/00000083.jpg	0	87	149	149	211	89,173 90,181 92,188 94,196 98,202 103,208 109,213 116,217 124,218 132,216 140,211 146,206 151,199 153,191 153,182 153,174 153,165 91,164 95,161 100,160 105,160 110,162 123,161 128,158 133,157 139,157 144,159 116,168 117,173 117,178 117,183 113,187 115,188 118,188 121,187 124,186 98,171 101,168 105,168 109,170 105,172 101,172 127,169 130,166 134,166 138,168 135,169 131,170 109,198 113,195 117,194 119,194 123,193 128,194 134,196 129,199 124,200 121,201 118,201 114,200 111,198 117,197 120,197 123,197 132,196 124,197 120,197 117,197
e0sEHo0YtcE/00000022.jpg	0	88	130	162	204	95,157 96,165 97,172 99,179 101,186 105,192 111,197 118,202 126,203 134,202 143,198 150,193 156,186 158,178 159,170 160,162 161,153 98,148 101,144 106,143 111,143 116,145 130,144 136,142 141,141 147,143 151,146 122,153 122,158 122,163 121,168 118,173 120,174 122,174 125,173 128,173 104,156 108,154 112,153 115,156 112,157 108,157 134,155 137,153 141,153 145,155 141,156 137,156 114,184 117,181 121,180 123,181 127,180 132,181 137,184 133,188 127,190 124,190 121,190 117,188 116,184 121,184 124,184 127,183 135,184 127,185 124,185 121,185
e0sEHo0YtcE/00000104.jpg	0	88	146	162	221	94,175 95,182 96,189 98,196 102,203 106,209 112,215 119,219 127,221 135,219 142,214 149,208 154,201 157,193 157,184 157,176 157,167 96,165 100,163 104,162 109,163 114,164 127,163 132,160 137,159 143,159 148,161 120,171 120,176 120,181 120,186 117,190 119,191 122,192 124,191 127,190 102,174 106,171 110,171 113,173 110,175 106,175 131,172 134,169 138,169 142,171 139,173 135,173 113,201 116,199 120,198 123,198 126,197 132,198 137,200 133,206 128,208 124,208 121,208 117,206 115,202 120,201 123,202 126,201 134,201 127,203 124,203 121,203
e0sEHo0YtcE/00000069.jpg	0	79	146	154	221	91,174 92,181 94,189 97,196 100,202 105,208 112,213 119,217 126,218 134,216 141,211 148,205 152,198 155,190 154,182 154,174 154,166 93,165 97,162 102,162 107,162 111,163 125,162 130,159 135,158 140,158 145,159 118,169 118,174 118,179 119,185 115,189 117,189 120,190 122,188 125,188 100,172 103,170 107,169 110,172 107,173 103,174 128,170 131,167 136,167 139,168 136,170 132,171 111,199 115,197 118,195 121,196 124,195 130,195 134,197 131,201 126,203 122,204 119,204 115,203 113,199 119,199 121,199 125,198 132,197 125,199 122,200 119,200
e0sEHo0YtcE/00000082.jpg	0	87	149	149	211	90,173 90,181 92,188 94,195 97,202 102,208 109,212 116,217 124,217 132,216 139,211 146,206 151,199 153,191 153,182 152,174 152,166 91,165 95,161 99,160 105,160 110,161 123,160 128,158 133,157 139,157 144,159 116,168 117,173 117,178 117,183 113,187 116,188 118,188 121,187 124,186 98,171 101,169 105,168 109,170 105,172 101,172 127,169 130,166 134,166 138,168 135,169 131,170 109,198 113,195 117,194 120,194 123,194 128,194 134,196 129,199 124,200 121,201 118,201 114,200 111,198 117,197 120,197 123,197 132,196 124,196 120,197 117,197
e0sEHo0YtcE/00000117.jpg	0	88	146	162	221	95,176 96,183 98,190 100,197 104,204 109,211 115,216 122,221 130,222 138,220 145,214 151,208 156,201 158,193 159,184 159,176 158,168 97,167 100,164 105,163 110,163 116,165 129,163 133,161 139,160 144,160 149,162 122,171 122,176 122,181 123,187 119,191 121,192 124,192 126,191 129,190 104,174 107,172 111,171 115,174 111,175 107,175 132,172 136,169 140,169 143,171 140,173 136,173 114,201 118,200 122,199 125,199 128,198 133,199 139,199 134,205 129,208 126,208 123,208 119,206 116,202 122,202 125,202 128,202 137,200 129,203 126,204 123,204
e0sEHo0YtcE/00000076.jpg	0	79	146	154	221	90,175 92,182 94,189 96,196 99,203 105,209 111,213 117,218 125,219 133,217 140,212 147,207 152,199 154,192 154,183 154,175 154,166 92,167 95,164 100,163 106,163 111,164 124,163 129,160 134,159 140,159 145,161 117,170 117,175 117,181 117,186 114,190 116,191 119,192 122,190 124,189 99,173 102,171 106,170 110,172 106,174 102,175 127,171 131,168 135,168 139,169 135,171 131,172 111,201 114,199 117,197 120,198 123,197 129,198 134,199 129,203 125,205 121,206 118,206 115,204 113,201 118,201 120,201 124,200 132,199 124,200 121,201 118,201
e0sEHo0YtcE/00000067.jpg	0	87	149	149	211	91,172 92,180 94,187 96,194 100,201 105,207 111,212 118,216 126,218 134,215 141,210 148,204 153,197 155,189 155,180 154,172 154,164 94,165 97,162 102,161 107,161 112,163 124,161 129,159 134,157 140,157 145,159 118,169 118,174 118,179 118,184 115,188 117,189 120,189 123,188 126,187 100,171 103,169 107,169 111,171 107,172 103,173 128,169 132,166 136,166 139,168 136,170 132,170 111,199 115,196 119,195 121,195 125,194 130,195 135,197 131,202 126,204 123,204 120,204 116,203 113,199 119,198 122,198 125,198 133,197 125,199 122,200 119,200
e0sEHo0YtcE/00000010.jpg	0	88	138	162	213	97,160 98,168 99,175 101,182 104,189 108,195 114,201 120,205 128,207 136,205 144,201 151,196 156,189 159,181 160,173 160,165 161,156 100,152 104,148 109,147 114,147 118,149 132,149 136,146 142,146 147,146 151,149 124,156 124,161 124,166 123,171 120,175 122,176 124,177 127,176 130,175 106,159 110,157 114,156 117,159 113,160 110,160 135,158 138,155 142,155 146,157 142,159 139,159 116,187 119,184 122,182 125,183 129,182 134,184 138,187 134,191 130,193 126,193 123,193 119,191 118,187 122,186 125,186 129,186 136,187 129,188 126,189 123,188
e0sEHo0YtcE/00000128.jpg	0	87	156	149	218	93,180 94,188 96,194 99,201 102,208 107,213 112,219 117,225 124,226 132,225 140,220 146,215 152,208 155,199 156,190 157,181 157,172 93,172 95,169 100,168 104,168 109,169 121,168 127,165 132,164 138,164 144,166 115,176 116,181 116,186 116,192 113,196 115,197 118,198 120,196 123,195 99,179 102,176 106,176 109,178 106,179 102,180 127,176 130,173 134,173 138,174 135,176 131,177 111,207 114,205 117,204 119,205 122,204 128,204 134,205 129,210 124,212 121,212 118,212 115,210 114,207 117,207 120,207 123,207 132,205 123,208 120,208 117,208
e0sEHo0YtcE/00000098.jpg	0	87	156	149	218	90,175 91,183 93,190 95,197 98,204 103,210 110,214 117,218 124,219 132,218 139,213 146,208 151,201 154,193 154,184 154,175 154,166 91,168 95,164 100,163 105,163 111,165 124,164 129,161 135,160 140,160 145,162 117,171 117,176 117,182 118,187 114,192 116,192 119,193 122,191 124,190 98,174 102,172 106,171 110,174 106,175 102,176 128,172 131,169 135,169 139,170 136,172 132,172 109,202 113,200 117,199 120,199 123,198 129,199 134,200 130,205 125,206 121,207 118,207 114,206 112,203 118,202 120,202 124,201 132,201 124,202 121,202 118,202
e0sEHo0YtcE/00000115.jpg	0	88	146	162	221	95,176 96,183 98,190 100,198 104,204 108,211 115,216 122,221 129,222 136,221 144,216 150,210 156,202 158,194 159,186 159,178 159,169 97,167 101,164 106,163 111,163 116,165 129,164 134,161 139,160 144,160 150,162 122,171 122,176 122,181 122,187 119,191 121,192 123,193 126,192 129,190 104,174 107,172 111,171 115,173 111,175 108,175 133,172 136,169 140,169 144,171 140,173 136,173 114,202 118,200 122,199 124,199 127,199 132,199 138,200 133,205 128,207 125,207 123,207 119,206 116,202 122,202 125,202 127,202 136,201 127,203 125,203 122,203
e0sEHo0YtcE/00000100.jpg	0	87	156	149	218	92,175 93,183 94,190 96,197 100,204 104,209 110,214 117,218 124,219 132,218 140,214 147,208 152,201 155,194 156,185 156,176 156,168 93,168 97,164 102,163 107,163 112,165 125,163 131,161 136,160 142,160 147,162 119,171 119,176 119,182 119,187 115,191 117,192 120,193 123,191 126,190 100,174 104,172 108,171 111,173 108,174 104,175 129,171 133,169 137,169 141,170 137,172 134,172 110,202 114,200 118,199 121,199 125,198 130,199 135,200 131,204 126,206 122,207 119,207 115,206 112,202 118,202 121,202 125,201 133,201 125,201 122,202 119,202
e0sEHo0YtcE/00000019.jpg	0	88	130	162	204	96,158 97,165 98,173 99,180 102,187 106,193 112,198 119,203 126,205 135,204 143,199 151,194 156,187 159,180 160,172 161,164 161,155 98,149 101,146 106,144 112,144 117,146 132,146 137,143 143,143 148,144 153,147 124,154 124,159 124,164 123,169 120,175 122,175 124,176 127,175 129,174 105,157 108,154 113,154 116,157 112,158 108,158 135,156 139,153 143,153 146,156 143,157 139,157 115,186 118,183 122,182 125,182 128,182 133,183 138,185 134,190 129,192 125,192 122,192 119,190 117,186 122,185 125,185 128,185 136,185 129,187 125,187 122,187
e0sEHo0YtcE/00000049.jpg	0	87	149	149	211	92,170 93,177 95,184 97,191 100,198 105,204 112,209 119,213 127,214 135,212 142,207 148,201 153,194 155,186 155,177 154,169 154,161 93,162 96,159 101,158 106,158 111,159 123,158 128,155 134,153 139,153 144,155 117,165 118,170 118,175 118,180 115,185 117,186 120,186 123,185 125,184 99,168 103,166 107,165 110,167 107,169 103,169 128,165 131,162 135,162 139,164 136,166 132,166 111,195 115,193 118,192 121,193 125,191 130,192 135,193 131,198 126,200 123,201 120,201 115,199 113,196 119,195 122,195 125,195 133,193 126,195 122,196 119,196
e0sEHo0YtcE/00000081.jpg	0	87	149	149	211	90,173 90,181 92,188 94,196 98,202 103,208 109,213 116,218 124,219 132,217 139,212 146,207 151,199 153,191 153,183 153,174 152,166 92,165 96,163 101,162 106,162 110,164 123,162 127,160 133,158 138,158 143,160 116,169 117,174 117,180 117,185 113,189 115,190 118,190 121,189 124,188 98,172 102,170 106,170 109,172 106,173 102,173 127,170 130,167 134,167 137,169 134,171 131,171 110,199 113,197 117,196 120,196 123,195 128,196 134,198 129,201 124,203 121,204 118,204 114,202 112,199 117,199 120,199 123,199 132,198 124,199 120,199 118,199
e0sEHo0YtcE/00000085.jpg	0	79	146	154	221	88,172 89,179 91,187 93,194 96,201 101,208 107,213 114,218 122,219 130,218 138,212 145,206 150,198 152,190 152,181 153,172 153,164 91,162 94,159 99,159 104,159 109,160 122,159 127,156 133,155 138,156 144,158 116,166 116,171 116,176 116,181 112,186 114,187 117,187 120,186 122,185 97,170 101,167 105,167 108,169 105,170 101,171 126,167 129,165 134,164 137,166 134,168 130,168 108,197 111,194 115,193 118,193 121,193 127,194 132,196 128,201 123,203 119,203 116,203 112,201 110,197 115,196 118,197 122,196 130,197 122,199 119,200 115,199
e0sEHo0YtcE/00000106.jpg	0	93	156	156	218	93,176 94,183 96,190 98,198 102,204 107,211 113,216 120,221 128,222 135,220 143,215 149,209 154,202 157,194 157,186 157,177 157,168 95,168 99,164 104,163 109,163 114,164 127,163 132,161 137,160 143,160 148,162 121,171 121,176 121,181 121,186 117,191 120,192 122,192 125,191 128,190 102,174 106,172 110,171 113,174 110,175 106,175 131,172 134,169 139,169 142,171 139,173 135,173 113,202 117,200 121,198 124,199 127,198 132,198 137,200 133,206 128,208 125,209 122,208 117,206 116,202 121,202 124,202 127,201 135,201 128,203 124,204 121,203
e0sEHo0YtcE/00000073.jpg	0	79	146	154	221	91,174 92,181 94,188 96,195 100,202 105,208 111,213 118,218 125,219 133,218 140,212 147,207 152,199 154,191 154,183 154,174 154,166 93,166 96,163 101,163 106,163 111,164 124,163 129,160 134,159 139,159 144,160 117,170 117,175 118,180 118,186 114,190 117,191 119,191 122,190 125,189 100,173 103,171 107,170 110,172 107,174 103,174 128,170 131,168 135,167 139,169 136,171 132,171 111,201 114,198 117,197 120,198 124,197 129,197 134,199 130,203 125,205 121,206 118,206 115,204 113,201 118,200 121,200 124,200 132,199 124,201 121,201 118,201
e0sEHo0YtcE/00000113.jpg	0	88	146	162	221	96,175 97,183 98,190 100,198 104,205 109,211 115,216 122,221 130,222 137,220 145,215 151,209 156,201 159,193 159,185 159,177 159,168 97,166 101,164 106,163 111,163 116,165 129,164 134,161 139,160 145,160 150,163 122,171 122,176 122,181 122,187 119,191 121,192 124,192 126,191 129,190 104,174 107,172 112,171 115,173 112,175 108,175 133,172 136,169 140,169 144,171 141,173 137,173 115,202 119,200 123,199 125,199 128,198 133,199 139,200 134,206 129,208 126,208 124,208 120,206 117,202 123,202 125,202 128,202 137,201 129,203 126,204 123,204
e0sEHo0YtcE/00000045.jpg	0	87	149	149	211	92,170 93,177 96,185 98,192 102,198 107,204 114,209 121,213 128,214 136,212 143,206 148,200 153,193 155,186 155,177 154,169 154,161 94,162 97,159 102,158 106,158 111,159 125,158 129,155 134,154 140,153 145,155 119,165 119,170 120,175 120,181 116,185 119,185 121,186 124,184 126,183 100,168 103,166 107,165 111,167 107,169 104,169 129,165 132,162 136,162 140,163 137,165 133,166 113,196 116,193 120,191 122,192 126,191 131,191 136,192 132,197 128,200 124,201 121,201 117,199 115,196 120,195 123,195 126,194 134,193 127,195 124,196 121,196
e0sEHo0YtcE/00000091.jpg	0	79	146	154	221	88,173 89,181 91,188 92,195 95,202 100,208 106,212 113,216 121,218 129,216 137,212 144,206 149,199 152,191 152,182 152,174 151,165 90,165 93,162 98,161 104,162 109,163 122,162 126,159 132,158 137,158 142,160 115,169 115,174 115,179 115,184 111,189 114,190 116,190 119,189 122,188 96,172 100,170 104,169 108,172 104,173 100,174 125,170 129,167 133,167 136,169 133,171 129,171 108,200 111,197 115,196 117,197 121,196 126,196 131,198 127,202 122,203 118,204 116,204 112,203 110,200 115,199 118,199 121,199 129,199 121,199 118,199 115,199
e0sEHo0YtcE/00000131.jpg	0	79	155	154	229	91,182 92,189 94,196 97,203 101,209 105,215 111,220 116,225 123,226 131,225 139,220 146,214 152,208 156,200 157,190 158,182 157,172 90,174 93,171 98,171 103,171 108,173 119,172 125,168 132,167 138,167 145,169 113,179 113,185 113,191 113,197 110,200 112,201 115,202 119,201 122,199 96,181 100,179 104,178 107,180 104,182 100,182 126,178 129,175 133,175 137,176 134,179 130,179 109,209 112,209 115,208 117,209 120,208 126,207 133,206 127,211 122,213 119,214 116,214 113,212 111,210 115,210 118,210 121,210 131,207 121,210 118,210 116,210
e0sEHo0YtcE/00000031.jpg	0	88	138	162	213	96,160 96,168 97,175 99,183 101,190 106,196 112,201 119,206 126,207 135,206 143,201 149,196 155,189 158,182 158,174 159,165 159,157 98,152 102,149 107,148 112,148 117,150 130,149 135,146 140,146 145,147 150,149 123,157 122,162 122,166 122,171 118,176 120,177 123,177 125,177 128,176 104,160 108,157 112,157 115,159 112,160 108,161 133,158 137,156 141,156 144,158 141,159 137,159 113,187 117,184 121,183 124,183 127,183 132,184 138,187 133,191 127,193 124,193 121,193 117,191 116,187 121,186 124,187 127,186 135,187 127,187 124,188 121,187
e0sEHo0YtcE/00000055.jpg	0	87	149	149	211	91,172 92,179 94,186 96,194 100,200 104,207 111,212 117,217 125,218 133,216 140,211 147,205 152,198 154,189 154,181 154,172 154,164 93,163 97,160 101,160 106,160 111,161 124,160 128,157 134,156 139,156 144,157 117,167 118,172 118,177 118,182 114,187 116,187 119,188 122,187 125,186 100,170 103,168 107,167 110,170 107,171 103,171 128,168 131,165 135,164 139,166 136,168 132,168 111,198 114,195 117,193 120,194 124,193 129,194 135,196 131,202 125,205 122,205 118,205 114,203 113,198 118,197 121,197 124,197 132,197 125,199 121,200 118,200
e0sEHo0YtcE/00000035.jpg	0	88	138	162	213	94,163 95,171 96,178 98,185 101,192 105,198 111,202 118,206 125,207 133,206 141,202 148,197 154,190 156,182 157,173 157,165 157,156 95,155 99,152 104,151 109,152 114,153 128,152 132,149 137,148 143,148 148,150 120,159 120,164 120,170 120,175 116,179 119,180 121,180 124,179 127,178 102,163 105,161 109,160 113,162 109,164 105,164 131,161 134,158 138,158 142,160 138,161 134,161 112,189 116,187 120,186 122,187 126,186 131,186 137,188 132,192 127,194 123,194 120,194 116,193 114,190 120,189 123,189 126,189 135,188 126,189 123,189 120,189
e0sEHo0YtcE/00000051.jpg	0	87	149	149	211	91,170 93,178 95,185 97,192 100,199 105,205 112,211 119,215 126,216 134,214 141,209 148,202 152,195 155,187 155,178 154,169 154,161 93,163 96,159 101,158 106,159 111,160 125,159 130,156 135,154 140,154 145,156 118,165 119,170 119,176 119,181 115,185 118,186 120,186 123,185 126,184 100,169 103,166 107,166 110,168 107,169 103,170 129,166 132,163 136,162 140,164 137,166 133,166 111,196 114,193 118,192 121,193 125,191 130,192 135,194 131,199 127,202 123,203 119,203 115,201 113,196 119,196 122,196 125,195 133,195 126,197 122,198 119,198
e0sEHo0YtcE/00000039.jpg	0	79	138	154	213	93,169 95,176 97,183 99,190 103,197 108,202 113,207 120,212 127,213 134,212 141,206 148,200 153,193 156,185 156,176 156,168 156,159 94,161 97,158 102,157 107,157 112,158 125,156 130,154 135,152 140,152 145,154 118,163 118,169 118,174 119,179 115,183 118,184 120,184 123,183 126,182 101,167 104,165 108,164 112,166 108,168 104,168 129,164 132,161 136,160 140,162 137,164 133,164 112,193 115,190 119,189 121,190 125,189 131,189 136,191 132,196 127,198 123,199 120,199 116,197 114,193 119,193 122,193 125,192 134,191 126,194 122,194 119,194
e0sEHo0YtcE/00000025.jpg	0	88	130	162	204	96,157 96,165 97,172 99,179 101,186 105,193 111,198 119,202 126,204 135,202 143,198 150,193 156,186 158,178 159,170 160,162 160,154 98,148 101,145 107,143 112,143 117,145 130,145 135,142 141,142 146,143 151,146 123,153 122,158 122,163 122,168 118,173 120,174 123,175 125,174 128,173 105,156 108,154 112,154 116,156 112,157 108,157 133,155 137,153 141,153 145,155 141,156 137,156 114,184 117,182 121,181 124,181 127,180 132,182 137,184 133,188 128,189 124,190 121,190 118,188 116,184 121,184 124,184 127,184 135,184 127,185 124,185 121,185
e0sEHo0YtcE/00000095.jpg	0	79	146	154	221	89,177 90,184 92,191 94,198 98,204 102,210 109,214 115,219 123,220 131,218 138,213 145,208 150,201 152,194 152,186 152,177 152,169 91,167 94,164 99,163 104,163 109,164 123,163 127,161 133,160 138,160 143,162 116,171 116,176 116,182 116,187 112,191 115,192 117,192 120,191 123,190 97,174 100,172 105,171 108,173 105,175 101,176 126,172 129,169 134,169 137,171 134,173 130,173 109,203 112,200 115,198 118,199 122,198 127,199 132,201 128,205 123,207 120,207 116,207 113,206 111,203 116,202 119,202 122,201 130,201 123,202 119,202 116,202
e0sEHo0YtcE/00000066.jpg	0	87	149	149	211	91,172 93,179 95,187 97,194 100,201 105,207 111,212 118,216 126,217 135,215 142,210 148,204 153,197 155,189 155,180 155,172 154,164 94,165 97,162 102,161 107,161 112,162 124,161 129,159 135,157 140,157 145,159 118,168 118,173 118,178 119,184 115,188 117,189 120,189 123,188 126,187 100,171 103,169 107,168 111,171 108,172 104,173 128,169 132,166 136,166 140,168 137,169 133,170 111,198 115,196 119,194 121,195 125,194 130,195 135,197 131,201 126,204 123,204 120,204 115,202 113,199 119,198 122,198 125,197 132,197 125,199 122,199 119,199
e0sEHo0YtcE/00000027.jpg	0	93	135	156	198	95,158 96,165 97,173 98,180 101,188 105,194 111,199 118,203 125,205 133,204 141,200 149,194 154,188 157,180 159,172 160,164 160,155 98,150 102,146 107,145 112,145 117,147 129,146 135,144 141,143 146,145 151,148 122,154 122,159 122,163 121,168 118,173 120,174 122,175 125,174 127,173 104,157 108,155 112,154 115,157 112,158 108,158 133,156 136,153 140,153 144,156 140,157 136,157 114,185 117,183 120,181 123,182 126,181 130,183 135,185 131,188 126,190 123,190 120,190 117,188 116,185 120,184 123,185 126,185 133,185 126,185 123,185 120,185
e0sEHo0YtcE/00000093.jpg	0	79	146	154	221	89,174 90,182 91,189 93,196 96,203 101,209 108,214 114,218 122,219 130,217 138,213 144,207 149,200 152,192 152,183 151,175 151,166 90,167 94,163 99,163 104,163 109,164 122,163 127,160 132,159 138,159 142,161 115,171 115,176 115,181 116,186 112,191 114,191 117,192 120,191 122,190 97,174 101,171 105,171 108,173 105,174 101,175 126,171 129,168 133,168 137,170 133,172 130,172 108,201 111,199 115,198 118,198 121,198 126,198 132,200 127,204 122,206 119,206 116,206 112,205 110,201 115,201 118,201 121,200 129,200 122,201 118,202 115,202
e0sEHo0YtcE/00000105.jpg	0	88	146	162	221	93,175 94,182 96,189 98,197 102,204 106,210 113,215 120,220 127,222 135,220 143,215 149,208 154,201 157,193 157,184 157,176 157,168 96,166 99,163 104,163 109,163 114,164 127,163 132,161 137,160 142,160 148,162 120,171 120,176 120,181 120,187 117,191 119,192 122,192 125,191 127,190 102,174 106,171 110,171 113,173 110,174 106,175 131,172 134,169 138,169 142,171 139,173 135,173 113,201 116,199 120,198 123,198 126,197 132,198 137,200 132,206 127,208 124,208 121,208 117,206 115,202 120,202 123,202 126,201 134,201 127,203 124,203 121,203
e0sEHo0YtcE/00000013.jpg	0	88	138	162	213	97,160 98,167 99,175 100,182 103,189 107,195 113,201 120,205 128,207 135,205 143,201 150,196 156,189 159,181 160,173 161,165 161,156 100,152 104,149 109,148 114,148 118,149 132,149 136,146 142,146 147,147 152,149 124,156 124,161 124,166 124,171 120,175 122,176 124,177 127,176 130,175 106,159 110,157 114,157 117,159 113,160 110,160 135,158 138,155 142,155 146,157 142,159 139,159 116,188 119,185 123,183 126,184 129,183 134,184 138,187 134,191 129,193 126,193 123,193 120,192 118,187 123,187 126,187 129,186 136,187 129,189 126,189 123,189
e0sEHo0YtcE/00000053.jpg	0	87	149	149	211	91,171 92,179 94,186 96,193 100,200 104,206 111,212 118,217 126,218 134,215 141,210 148,203 152,196 155,188 155,180 154,171 154,163 93,163 97,160 102,159 106,160 111,161 123,159 128,157 134,155 139,155 144,157 118,166 118,171 118,177 118,182 115,186 117,187 120,187 123,186 125,185 100,170 103,167 107,167 110,169 107,170 103,171 128,167 131,164 135,163 139,166 136,167 132,168 111,197 114,194 118,192 121,193 125,192 130,193 135,195 131,201 126,204 123,205 119,205 115,203 113,197 119,196 122,196 125,196 133,196 126,199 122,200 119,199
e0sEHo0YtcE/00000077.jpg	0	79	146	154	221	90,174 91,181 93,189 95,196 99,202 103,208 109,213 116,218 123,219 131,218 139,213 146,207 151,200 154,192 154,184 154,175 153,167 93,166 96,163 101,163 106,163 111,165 123,164 128,161 133,160 138,159 143,161 117,170 117,175 117,181 117,186 114,190 116,191 118,191 121,190 124,189 99,173 102,171 106,170 109,173 106,174 102,174 127,171 130,168 134,168 138,169 135,171 131,171 111,201 114,198 117,197 120,198 123,197 128,198 133,199 128,203 124,205 121,205 118,205 115,204 113,201 118,200 120,200 123,200 131,200 123,200 120,201 118,201
e0sEHo0YtcE/00000111.jpg	0	88	146	162	221	95,176 96,183 98,191 101,198 104,205 109,211 115,216 122,221 129,222 137,220 145,215 151,209 156,201 159,193 159,185 159,176 159,168 97,167 101,164 106,163 111,163 116,165 129,164 134,161 140,160 145,160 150,162 122,171 122,176 122,181 122,186 119,191 121,192 124,192 126,191 129,191 104,174 107,172 112,171 115,174 111,175 107,175 133,172 136,169 141,169 144,171 141,173 137,173 115,202 119,200 123,199 125,199 128,198 134,199 139,200 135,205 130,207 126,208 124,208 119,206 117,202 123,202 126,202 128,202 137,200 129,203 126,204 123,204
e0sEHo0YtcE/00000034.jpg	0	93	142	156	205	94,162 95,169 96,176 98,183 100,190 105,196 111,201 118,205 126,206 134,205 142,200 149,195 155,189 157,181 158,172 159,164 159,156 96,155 99,152 104,151 109,151 115,152 127,151 132,149 138,148 143,148 149,150 120,159 120,163 120,168 120,173 117,178 119,179 121,179 124,178 127,177 102,162 106,159 110,159 113,161 110,162 106,163 131,160 135,157 139,157 143,159 139,161 135,161 113,189 116,187 120,185 122,186 125,185 131,186 136,187 131,191 126,192 123,192 120,192 117,192 115,189 120,188 123,188 126,188 134,187 126,188 123,188 120,188
e0sEHo0YtcE/00000005.jpg	0	88	138	162	213	97,161 97,168 99,176 100,183 102,190 107,196 113,202 120,207 128,208 136,207 144,202 151,196 156,190 159,182 160,174 160,166 160,158 100,152 103,149 108,148 113,148 118,150 131,149 136,147 141,146 147,147 151,150 124,157 124,162 123,166 123,171 119,176 122,177 124,177 127,176 130,176 106,159 109,157 113,157 117,159 113,160 109,160 135,158 138,156 142,156 145,158 142,160 138,159 115,187 118,184 122,183 125,183 128,183 133,184 139,187 134,191 129,193 125,193 122,193 118,191 117,187 122,187 125,187 128,187 136,187 128,188 125,188 122,188
e0sEHo0YtcE/00000029.jpg	0	88	138	162	213	96,160 96,167 97,175 99,182 101,189 105,195 111,200 118,204 126,205 134,204 143,200 150,195 155,188 158,181 159,172 160,164 160,155 98,151 102,147 107,146 112,146 117,148 130,148 135,145 141,145 146,146 151,148 123,156 122,161 122,166 121,171 118,175 120,176 123,177 125,176 128,175 105,158 108,156 112,156 115,158 112,159 108,159 133,157 137,155 141,155 144,157 141,158 137,158 115,186 118,183 121,182 124,182 127,182 132,183 138,186 132,190 127,191 124,191 121,191 118,189 117,186 121,185 124,185 127,185 135,186 127,186 124,187 121,186
e0sEHo0YtcE/00000078.jpg	0	79	146	154	221	90,174 91,182 93,189 95,196 99,203 103,208 110,213 116,219 124,220 132,218 140,213 146,207 151,199 153,191 153,182 153,173 153,165 92,167 95,164 100,163 105,164 110,165 122,164 127,161 133,159 138,159 144,161 116,170 116,175 117,181 117,186 113,190 116,191 118,191 121,190 124,189 98,173 102,171 106,170 109,173 106,174 102,174 127,171 130,168 134,168 138,170 135,171 131,172 110,201 114,198 117,197 120,197 123,196 128,197 133,199 129,204 124,206 121,206 118,206 114,205 113,201 117,200 120,200 123,200 131,200 123,201 120,201 117,201
e0sEHo0YtcE/00000130.jpg	0	79	146	154	221	92,180 92,187 94,195 97,202 101,209 105,215 110,220 115,225 122,226 129,225 138,220 145,214 152,207 156,198 159,189 159,180 159,171 91,172 94,169 99,168 104,169 109,170 121,169 126,165 132,164 139,164 145,166 115,176 114,182 114,188 114,193 110,198 113,199 116,199 119,198 122,197 97,179 100,176 104,176 108,178 104,180 100,180 127,176 130,173 135,172 139,174 135,177 131,177 110,209 112,208 115,207 117,207 120,206 125,207 132,206 126,211 121,213 118,213 116,213 113,212 112,210 115,210 118,210 120,209 130,207 120,208 118,209 115,209
e0sEHo0YtcE/00000041.jpg	0	87	149	149	211	93,169 94,177 96,184 99,191 102,197 107,203 113,208 120,212 129,213 137,211 144,205 150,199 155,192 157,184 156,175 156,167 155,159 95,161 98,158 103,157 107,157 112,159 125,157 130,154 135,153 140,152 145,154 119,164 119,169 119,174 120,179 116,184 119,184 121,184 124,183 127,182 101,168 104,165 108,165 112,167 109,168 105,169 129,165 132,162 136,161 140,163 137,165 133,165 113,194 116,191 120,190 123,190 126,189 131,189 136,191 133,196 128,198 124,199 121,199 117,198 115,194 120,193 123,193 127,192 134,192 127,194 124,194 121,194
e0sEHo0YtcE/00000070.jpg	0	79	146	154	221	91,174 92,181 94,189 96,195 100,202 105,208 111,213 119,217 126,218 134,216 141,210 148,205 152,198 155,190 154,182 154,174 153,166 94,165 97,162 102,162 107,162 111,163 125,162 129,159 134,158 139,157 144,159 118,169 118,174 118,179 118,185 115,189 117,190 120,190 122,189 125,188 100,172 103,170 107,169 110,172 107,173 103,174 128,170 131,167 135,167 139,168 136,170 132,171 111,199 115,197 118,196 121,196 124,195 129,195 134,197 130,201 126,203 122,204 119,204 115,203 113,199 119,199 121,199 125,198 132,197 125,199 122,200 119,200
e0sEHo0YtcE/00000072.jpg	0	79	146	154	221	91,174 92,181 94,188 96,195 100,202 104,208 111,213 118,218 126,218 134,217 141,211 148,206 152,199 155,191 155,182 154,174 154,166 93,166 97,163 102,162 107,163 111,164 124,163 129,160 134,158 140,159 144,161 117,169 118,175 118,180 118,185 114,189 117,190 119,191 122,189 125,189 100,173 103,170 107,170 110,172 107,174 103,174 128,170 131,167 135,167 139,169 136,171 132,171 111,200 114,198 118,197 121,197 124,196 129,197 134,198 130,203 125,205 122,205 119,205 115,204 113,200 118,200 121,200 124,199 132,199 125,200 121,201 118,201
e0sEHo0YtcE/00000008.jpg	0	88	138	162	213	97,160 97,167 99,175 100,182 103,189 107,195 113,201 119,206 127,208 136,206 144,201 151,196 156,189 159,181 160,173 161,165 161,156 100,152 104,149 109,148 114,148 118,149 131,149 136,146 141,146 146,147 151,149 124,156 123,161 123,166 123,171 119,175 121,176 124,177 127,176 129,175 106,159 109,157 113,157 117,159 113,160 110,160 134,158 138,156 142,156 145,158 142,159 138,159 115,187 118,184 122,182 125,183 128,182 133,184 138,187 133,190 128,191 125,191 122,191 118,190 117,187 122,186 125,186 128,186 136,187 128,187 125,187 122,187
e0sEHo0YtcE/00000038.jpg	0	88	138	162	213	93,166 94,173 96,180 98,187 102,194 106,201 113,206 119,211 127,212 135,211 142,206 148,199 154,192 156,183 157,175 156,166 156,157 95,158 99,156 104,155 108,155 113,156 125,155 130,152 135,150 141,150 146,151 119,162 119,167 119,171 119,176 116,181 118,182 121,182 123,181 126,180 102,165 105,163 109,162 112,164 109,166 105,166 130,162 133,159 137,159 141,161 137,163 133,163 112,192 115,189 119,188 122,188 125,187 130,188 136,190 132,195 127,198 123,198 120,198 116,196 114,192 119,191 122,191 125,191 134,190 126,194 123,194 120,194
e0sEHo0YtcE/00000003.jpg	0	88	138	162	213	97,161 97,168 99,176 100,183 102,190 107,196 113,202 119,206 127,208 136,207 144,202 151,197 156,190 159,183 160,175 160,167 160,158 100,152 104,149 109,149 114,149 119,150 131,150 136,147 142,147 147,148 152,150 124,157 124,162 124,167 123,172 119,176 122,177 124,178 127,177 130,176 106,160 109,158 113,157 117,159 113,160 109,161 135,159 138,156 142,157 146,159 142,160 138,160 116,187 119,185 122,184 125,184 128,184 133,185 138,188 134,191 129,193 125,193 122,193 119,191 118,188 122,187 125,187 128,187 136,188 128,188 125,189 122,188
e0sEHo0YtcE/00000014.jpg	0	88	138	162	213	97,160 98,168 99,175 101,182 104,189 108,195 114,200 120,205 127,206 135,205 143,201 150,196 156,189 159,182 160,173 161,165 162,156 99,152 103,149 108,148 113,148 118,150 131,149 137,147 142,146 148,147 153,150 124,157 124,162 123,167 123,172 119,176 121,178 124,178 127,177 129,176 106,159 109,157 113,157 117,159 113,160 110,161 135,158 138,156 142,156 146,158 142,159 139,159 115,188 119,185 122,184 125,184 128,184 133,185 138,187 133,191 129,192 125,192 122,192 119,191 117,188 122,187 125,187 128,187 136,187 128,187 125,188 122,188
e0sEHo0YtcE/00000079.jpg	0	79	146	154	221	90,174 91,182 93,189 95,196 98,203 103,209 110,214 116,219 124,220 132,218 139,213 146,207 151,200 153,192 154,183 154,174 154,165 92,167 96,164 100,163 105,164 110,165 123,164 127,161 133,159 138,159 144,161 116,170 117,175 117,181 117,186 113,190 116,191 118,191 121,190 124,189 99,173 102,171 106,170 109,173 106,174 102,175 127,171 130,168 134,168 138,169 135,171 131,172 110,201 113,198 117,197 120,197 123,196 128,197 133,199 129,204 124,206 121,206 117,206 114,204 112,201 117,200 120,200 123,200 131,199 123,201 120,201 117,201
e0sEHo0YtcE/00000102.jpg	0	88	146	162	221	93,174 94,182 95,189 97,196 100,202 105,208 111,213 118,218 125,220 133,219 141,214 148,208 153,201 156,193 157,185 157,176 157,167 95,166 99,163 103,163 108,163 114,164 127,163 132,160 138,159 143,160 149,162 120,171 120,176 120,181 120,187 117,191 119,192 121,192 124,191 127,190 102,174 105,171 109,170 113,173 109,175 105,175 131,172 134,169 139,168 143,171 139,173 135,173 112,201 116,199 120,198 122,199 125,198 131,199 136,200 132,205 126,207 123,207 121,207 117,205 115,201 120,201 123,201 125,201 134,201 126,202 123,202 120,202
e0sEHo0YtcE/00000108.jpg	0	88	146	162	221	94,175 95,183 97,190 99,197 102,204 107,211 113,216 120,221 128,222 136,221 143,215 149,209 154,202 157,193 157,185 157,176 157,168 96,167 100,164 105,163 110,164 115,165 128,164 133,161 138,160 143,160 148,162 121,171 121,176 121,181 121,187 117,191 120,192 122,192 125,191 128,190 103,174 106,172 110,171 114,174 110,175 106,175 132,172 135,169 139,169 143,171 139,173 135,173 113,202 117,200 121,198 124,199 127,198 133,198 138,200 134,206 129,208 125,209 122,208 118,206 116,202 121,202 124,202 127,201 135,200 128,203 125,204 121,203
e0sEHo0YtcE/00000042.jpg	0	87	149	149	211	93,170 94,177 96,184 99,191 102,197 107,203 113,208 120,213 128,214 136,211 143,206 149,200 154,193 156,185 155,176 155,168 154,159 94,162 97,159 102,158 107,158 112,159 125,157 130,154 135,153 140,153 145,155 119,165 119,170 119,175 120,180 116,184 119,185 121,185 124,184 127,183 101,168 104,166 108,165 111,167 108,169 104,169 129,165 132,162 136,162 140,163 137,165 133,165 113,194 116,192 120,191 123,191 126,190 131,190 136,192 132,197 128,199 124,200 121,200 117,198 115,194 120,194 123,194 126,193 134,192 127,194 124,195 121,195
e0sEHo0YtcE/00000002.jpg	0	88	138	162	213	96,159 97,167 98,174 99,182 102,189 106,195 112,201 119,206 127,207 135,206 144,202 151,196 156,190 159,182 159,173 160,165 160,156 99,152 103,149 108,148 113,149 118,150 131,150 136,147 141,147 147,148 151,150 124,157 123,162 123,167 123,172 119,177 121,178 124,178 127,177 129,176 106,160 109,158 113,157 116,159 113,161 109,161 134,159 138,157 142,157 145,158 142,160 138,160 116,188 119,186 122,185 125,185 128,185 133,186 138,187 133,191 129,192 125,192 123,192 119,191 118,188 123,188 125,188 128,188 136,188 128,188 125,188 123,188
e0sEHo0YtcE/00000092.jpg	0	79	146	154	221	88,174 89,181 91,188 93,195 96,202 100,208 107,212 114,217 121,218 129,216 137,212 145,206 150,199 152,191 152,183 152,175 152,166 90,166 94,162 99,162 104,162 109,163 122,162 127,160 132,158 137,158 142,160 115,170 115,175 115,180 115,185 111,190 114,190 116,191 119,190 122,189 97,173 100,171 104,170 108,173 104,174 100,174 126,171 129,168 133,167 137,169 134,171 130,172 107,201 111,198 115,197 118,198 121,196 126,197 132,199 127,202 122,204 119,205 116,205 112,203 109,201 115,200 118,200 121,200 130,199 122,200 118,200 115,200
e0sEHo0YtcE/00000086.jpg	0	79	146	154	221	89,173 89,180 91,188 92,195 96,202 101,209 107,214 114,219 121,221 130,219 137,214 144,208 149,200 152,192 152,183 152,174 151,166 91,163 94,160 99,159 103,159 108,161 122,159 127,157 132,156 137,156 142,158 115,167 115,172 115,177 115,182 111,187 113,187 116,188 119,187 122,186 97,171 100,168 104,168 108,170 104,171 100,172 125,168 129,165 133,165 137,167 133,169 129,169 107,198 110,195 114,194 117,194 121,193 127,194 132,197 127,203 122,205 118,205 115,205 110,203 109,198 114,197 117,197 121,197 130,198 121,201 118,202 114,201
e0sEHo0YtcE/00000047.jpg	0	87	149	149	211	91,169 93,176 95,183 97,190 101,197 105,203 112,208 119,212 127,213 135,211 142,206 148,200 153,193 155,185 155,176 155,167 154,159 92,162 95,159 101,158 106,158 111,159 124,157 129,155 134,153 139,153 145,155 118,164 118,170 118,175 118,181 115,185 117,186 120,186 123,184 126,183 99,168 102,166 107,165 110,167 107,169 103,169 128,165 131,162 135,162 139,163 136,165 132,166 111,195 115,193 119,192 122,192 125,191 130,191 136,192 131,197 127,199 123,200 120,200 116,199 114,195 119,195 122,195 125,194 133,193 126,195 122,196 120,196
e0sEHo0YtcE/00000016.jpg	0	88	138	162	213	97,160 97,168 99,175 101,183 104,189 108,196 114,200 121,205 128,206 136,204 144,200 151,195 156,189 159,181 160,173 161,165 161,156 100,152 103,149 108,148 113,148 118,149 131,149 136,147 141,146 147,147 152,149 124,157 124,162 123,167 123,172 119,177 122,178 124,178 127,177 129,176 106,159 109,157 113,157 117,159 113,160 109,160 135,158 138,156 142,156 146,158 142,159 138,159 115,188 119,186 122,184 125,185 129,184 134,185 139,187 135,191 130,192 126,193 123,193 119,192 118,188 122,187 125,188 129,187 137,187 129,188 126,188 123,188
e0sEHo0YtcE/00000064.jpg	0	87	149	149	211	92,172 93,179 95,187 97,194 100,200 105,207 111,212 117,217 125,218 133,216 140,211 147,205 152,198 155,190 155,182 155,173 154,165 94,165 97,162 102,161 107,161 112,162 124,161 129,159 135,157 140,158 145,159 118,168 118,173 118,179 118,184 115,188 117,189 120,189 122,188 125,187 100,171 104,169 108,169 111,171 108,172 104,172 129,169 132,166 136,166 139,168 136,169 132,170 111,198 115,196 118,195 121,195 124,194 129,195 134,197 130,201 125,203 122,203 119,203 115,202 113,199 118,198 121,198 124,198 132,197 125,199 121,199 119,199
e0sEHo0YtcE/00000036.jpg	0	88	138	162	213	93,165 94,172 96,179 98,186 101,193 106,199 112,204 119,209 127,210 134,208 142,203 149,198 154,190 156,182 157,174 156,165 156,157 95,157 98,154 103,152 108,153 113,154 126,153 131,150 136,149 141,149 146,151 119,161 119,166 119,171 119,176 116,180 118,181 121,181 123,180 126,179 102,164 105,162 109,161 112,163 109,165 105,165 130,161 133,159 137,158 141,160 138,162 134,162 112,191 116,188 119,187 122,188 125,187 131,187 137,189 132,194 127,196 123,196 120,196 116,195 114,191 119,190 122,191 126,190 135,189 126,192 123,192 120,192
e0sEHo0YtcE/00000024.jpg	0	88	130	162	204	95,157 96,164 97,171 98,179 101,186 105,192 111,197 118,201 126,203 134,202 143,197 150,192 156,186 158,178 159,170 160,162 160,153 98,148 101,144 106,143 112,143 117,145 131,144 136,142 141,141 147,143 152,146 123,153 122,158 122,163 122,168 119,173 121,174 123,174 125,173 128,173 105,156 108,154 112,154 115,156 112,157 108,157 134,155 137,153 142,153 145,155 142,156 138,156 115,185 118,182 121,180 124,181 127,180 132,181 137,184 133,187 128,189 124,190 121,189 118,188 117,184 121,184 124,184 127,183 135,184 128,185 124,185 121,185
e0sEHo0YtcE/00000017.jpg	0	88	138	162	213	97,160 98,167 99,175 101,182 104,189 108,195 114,200 121,204 128,205 135,204 143,200 150,195 156,189 159,181 160,173 161,165 161,156 100,151 103,148 108,147 113,148 118,150 131,149 136,146 142,146 147,147 152,149 124,156 123,161 123,167 123,172 119,176 121,177 124,178 127,177 130,176 106,159 109,157 113,156 117,159 113,160 109,160 135,158 138,155 142,155 146,158 142,159 138,159 115,188 118,185 122,184 125,184 128,183 133,184 139,186 134,190 129,192 125,192 122,192 118,191 117,188 122,187 125,187 128,187 137,186 129,187 125,188 122,188
e0sEHo0YtcE/00000062.jpg	0	87	149	149	211	90,172 92,180 93,187 96,194 99,201 104,207 111,212 118,216 125,217 134,215 141,210 147,204 152,197 154,189 154,181 154,172 154,164 93,165 97,162 101,161 107,161 112,163 123,161 128,158 134,157 140,157 145,159 117,169 118,174 118,179 118,184 114,188 117,189 119,189 122,188 125,187 100,173 103,172 107,171 110,172 107,174 103,174 128,170 132,169 135,168 139,169 136,171 132,171 110,198 114,195 118,194 121,195 124,193 129,194 135,196 130,201 126,203 122,204 119,204 115,202 113,198 118,198 121,198 124,197 132,196 125,198 121,199 118,199
e0sEHo0YtcE/00000125.jpg	0	79	146	154	221	93,178 94,185 96,192 98,198 102,205 107,211 113,216 119,221 126,222 134,221 142,216 148,210 153,203 156,195 156,186 156,178 156,169 94,168 97,165 101,164 106,165 110,166 124,165 129,162 134,160 140,161 145,163 117,173 117,178 117,184 117,190 114,193 116,195 119,195 122,194 125,193 100,176 103,174 107,173 110,176 107,177 103,177 128,174 131,171 135,171 139,172 136,174 132,174 111,203 114,202 118,201 120,202 123,201 130,201 136,201 131,206 125,209 122,209 119,209 115,207 113,204 118,204 121,204 124,204 134,202 124,204 121,205 119,205
e0sEHo0YtcE/00000044.jpg	0	87	149	149	211	92,170 93,178 96,185 98,192 102,198 107,204 113,209 120,213 128,214 136,212 142,207 148,201 153,194 155,186 155,177 154,169 153,161 93,162 97,159 102,158 107,158 111,159 125,158 129,155 134,153 140,153 145,155 119,164 119,170 120,175 120,180 116,185 119,185 121,186 124,184 127,183 100,168 103,166 107,165 111,167 108,169 104,169 129,165 132,162 136,162 140,163 137,165 133,165 113,195 116,193 120,191 123,192 126,190 131,191 136,193 132,198 128,200 124,201 121,201 117,199 115,196 120,195 123,195 126,194 134,193 127,195 124,196 121,196
e0sEHo0YtcE/00000120.jpg	0	93	156	156	218	94,176 95,183 97,191 100,198 103,205 108,211 114,216 121,221 129,222 137,220 144,215 150,209 155,202 158,194 158,185 158,177 157,168 96,168 100,165 104,164 110,164 114,166 127,164 132,161 137,160 143,161 148,163 121,172 121,177 121,182 121,187 118,192 120,193 123,193 125,192 128,191 103,175 106,172 110,172 114,175 110,176 106,176 131,173 134,170 139,169 142,171 139,173 135,173 114,202 117,201 121,200 124,200 127,199 132,199 138,200 133,205 129,208 125,208 122,208 118,206 116,203 121,203 124,203 127,202 136,201 128,204 125,204 122,204
e0sEHo0YtcE/00000018.jpg	0	88	138	162	213	97,159 97,167 99,175 101,182 104,189 108,195 114,200 121,204 129,205 136,203 144,199 151,195 156,188 159,181 160,172 161,164 161,156 99,151 103,148 108,147 113,147 118,149 131,148 136,146 142,145 147,146 152,149 124,156 124,161 123,166 123,172 120,176 122,177 124,178 127,177 130,176 106,159 109,156 113,156 117,159 113,160 109,160 134,158 138,155 142,155 145,157 142,159 138,159 115,187 119,185 123,184 125,184 129,183 134,184 139,186 135,190 130,192 126,192 123,192 119,191 117,187 123,187 126,187 129,186 137,186 129,187 126,187 123,187
e0sEHo0YtcE/00000107.jpg	0	88	146	162	221	94,176 95,183 97,190 99,197 102,204 107,211 113,216 120,221 128,222 136,220 143,215 150,209 154,201 157,193 157,185 157,176 157,168 96,167 99,164 104,163 109,164 114,165 127,164 132,161 138,160 143,160 148,162 121,171 121,176 121,181 121,187 117,191 120,192 122,192 125,191 128,190 103,174 106,172 110,171 114,174 110,175 106,175 132,172 135,169 139,169 143,171 140,173 135,173 113,202 117,199 121,198 124,199 127,198 132,198 137,200 133,206 128,208 125,209 122,208 117,206 115,202 121,202 124,202 127,201 135,200 128,203 124,204 121,203
e0sEHo0YtcE/00000060.jpg	0	87	149	149	211	91,173 92,180 94,187 96,194 99,201 104,207 110,212 117,217 125,218 133,216 140,210 147,204 152,197 154,189 154,181 154,173 153,165 93,165 97,162 102,161 107,161 111,163 123,162 128,159 133,157 139,158 144,160 117,169 117,174 117,179 118,184 114,188 117,189 119,189 122,188 124,187 100,173 103,172 107,171 110,172 107,174 103,174 128,170 131,169 135,169 138,169 135,171 132,172 111,198 114,195 117,194 120,195 124,193 129,194 134,196 130,201 125,204 122,204 119,204 115,202 113,198 118,198 121,198 124,197 132,197 124,199 121,200 118,199
e0sEHo0YtcE/00000037.jpg	0	88	138	162	213	93,165 94,172 96,179 98,186 101,193 106,199 112,204 119,209 126,210 134,208 142,204 148,198 153,191 156,183 156,174 156,166 156,158 95,157 99,154 103,153 108,153 113,154 126,153 131,150 136,149 141,149 147,151 120,161 120,165 119,170 119,175 116,180 118,181 121,181 124,180 126,179 102,164 105,162 109,161 113,163 109,165 105,165 130,162 133,159 137,158 141,160 138,162 134,162 112,191 115,188 119,187 122,188 125,187 131,187 136,189 132,194 127,196 123,197 120,196 116,195 114,191 119,190 122,191 125,190 134,189 126,192 123,192 120,192
e0sEHo0YtcE/00000058.jpg	0	87	149	149	211	91,174 92,181 94,188 96,195 100,201 105,207 111,211 118,215 126,216 134,214 141,210 147,204 151,197 154,190 154,181 153,173 152,165 93,164 96,161 101,161 106,161 110,162 124,161 129,158 134,157 139,156 144,158 118,168 118,173 118,178 119,183 115,188 117,188 120,188 123,187 125,186 99,171 102,168 106,168 110,170 107,171 103,172 128,168 131,165 135,165 139,167 136,169 132,169 111,198 115,196 119,195 121,195 124,194 130,195 135,196 131,199 126,201 123,202 120,202 116,201 113,198 119,198 122,198 125,198 133,196 125,197 122,198 120,198
e0sEHo0YtcE/00000061.jpg	0	87	149	149	211	91,173 92,180 94,187 96,194 99,201 104,207 111,212 118,216 126,217 134,215 141,210 147,204 152,197 155,189 155,180 154,172 154,164 93,165 97,162 101,161 106,161 111,163 124,162 129,159 134,157 140,157 145,159 117,169 117,174 118,179 118,184 114,188 117,189 119,189 122,188 125,187 100,173 103,172 107,171 110,172 107,174 103,174 128,170 132,169 135,168 139,169 136,171 132,171 110,198 114,195 118,194 121,195 124,193 129,194 134,196 130,201 126,203 122,204 119,204 115,202 113,198 118,198 121,198 124,197 132,196 125,198 121,199 118,199
e0sEHo0YtcE/00000068.jpg	0	87	149	149	211	92,173 92,180 94,187 96,194 99,201 104,207 111,212 118,216 126,217 134,215 141,210 148,205 152,198 155,190 155,181 155,173 154,165 94,165 97,162 102,162 107,162 111,163 125,161 130,159 135,158 140,158 145,160 118,169 118,174 118,179 118,184 115,188 117,189 120,190 122,188 125,187 100,172 103,170 107,169 111,171 107,172 103,173 128,169 132,167 136,166 140,168 136,170 133,170 111,199 114,196 118,195 121,195 124,194 129,195 134,197 130,201 126,204 122,204 119,204 115,202 113,199 118,198 121,198 125,198 132,197 125,199 122,199 119,199
e0sEHo0YtcE/00000119.jpg	0	93	156	156	218	94,176 95,184 97,191 100,198 103,205 107,211 114,216 121,221 128,222 136,220 144,215 150,209 155,202 158,194 158,186 158,177 158,169 96,169 99,165 104,164 109,164 114,166 127,164 132,161 138,160 143,161 148,163 121,172 121,177 121,182 121,187 117,192 120,193 122,193 125,192 128,191 103,175 106,173 110,172 113,175 110,176 106,176 131,173 134,170 139,169 142,171 139,173 135,173 113,202 117,201 121,200 124,200 127,199 132,200 138,200 133,205 128,208 125,208 122,208 118,206 115,203 121,203 124,203 127,202 136,201 128,204 125,204 122,204
e0sEHo0YtcE/00000103.jpg	0	88	146	162	221	93,175 94,182 96,189 98,196 101,203 106,209 112,215 119,219 126,221 134,219 141,215 148,209 153,202 156,194 157,185 157,176 156,168 95,166 99,163 104,162 109,163 114,164 126,163 131,160 137,159 142,159 147,161 120,171 120,176 120,181 120,186 116,191 118,192 121,192 124,191 127,190 102,174 105,171 109,171 113,173 109,174 105,175 130,172 134,169 138,168 142,171 138,172 134,172 112,201 116,199 119,198 122,198 125,198 130,199 135,201 131,205 126,207 123,207 120,207 116,205 114,202 120,201 122,202 125,201 133,201 125,202 123,203 120,202
e0sEHo0YtcE/00000048.jpg	0	87	149	149	211	91,169 93,177 95,184 97,191 101,197 106,203 112,208 119,212 127,213 135,211 142,206 148,200 153,193 155,185 155,176 154,168 154,160 93,162 96,159 101,158 106,158 111,159 124,157 129,154 134,153 139,153 145,155 118,165 118,170 118,175 119,180 115,185 117,186 120,186 123,184 125,183 99,168 103,166 107,165 110,167 107,169 103,169 128,165 131,162 135,162 139,163 136,165 132,166 111,195 115,193 119,192 122,192 125,191 130,192 136,192 131,197 127,199 123,200 120,200 116,199 114,195 119,195 122,195 125,194 133,193 126,195 123,196 120,196
e0sEHo0YtcE/00000087.jpg	0	79	146	154	221	88,173 89,181 91,188 93,195 96,202 101,209 107,214 113,219 121,221 129,219 137,214 144,208 149,200 152,192 152,182 153,174 152,165 90,163 94,160 99,159 103,159 108,161 122,159 127,157 132,156 137,156 142,158 115,167 115,172 115,177 115,182 111,187 114,187 116,188 119,187 122,186 97,171 100,168 104,167 108,170 104,171 100,172 126,168 129,165 133,165 137,167 133,169 129,169 107,198 110,195 114,194 118,194 121,193 127,194 132,197 128,203 122,205 118,205 115,205 111,203 109,198 115,197 118,197 121,197 130,198 122,201 118,202 115,201
e0sEHo0YtcE/00000040.jpg	0	87	149	149	211	93,169 94,177 97,184 99,191 102,197 107,203 114,208 121,212 129,213 137,211 144,205 150,199 155,192 157,184 156,175 156,167 155,159 95,161 98,158 103,157 108,157 112,159 125,157 129,154 134,153 140,152 145,154 119,164 119,169 119,174 120,179 116,184 119,184 121,184 124,183 127,182 101,168 104,165 108,165 112,167 109,168 105,169 129,164 132,162 136,161 140,163 137,165 133,165 113,194 116,191 120,189 123,190 126,189 132,189 137,191 133,196 128,198 125,199 122,199 117,197 115,194 120,193 123,193 127,192 135,192 127,194 124,194 121,194
e0sEHo0YtcE/00000129.jpg	0	87	156	149	218	92,180 93,188 96,194 99,201 102,207 107,213 113,219 119,223 126,225 134,223 142,218 148,212 153,205 156,198 157,189 158,180 158,171 93,172 95,169 100,168 104,169 109,170 122,168 127,165 133,164 139,164 145,166 116,176 116,181 116,187 116,193 113,197 115,198 118,198 121,197 124,196 99,179 102,176 106,176 110,178 106,180 102,180 127,176 130,173 134,173 138,174 135,177 131,177 112,207 114,205 117,204 120,204 123,203 128,204 135,204 130,209 125,211 121,212 118,212 115,210 114,207 117,207 120,207 123,206 133,205 124,207 121,208 118,207
e0sEHo0YtcE/00000110.jpg	0	88	146	162	221	95,176 96,184 98,191 101,199 104,205 109,211 116,217 123,221 130,222 138,220 145,215 152,209 156,201 159,193 159,185 159,176 159,168 98,166 101,163 106,163 111,163 116,165 129,164 134,161 139,160 145,160 150,162 122,171 123,176 123,181 123,186 119,191 122,192 124,192 127,191 130,190 104,174 108,172 112,171 115,174 112,175 108,176 133,172 136,169 140,169 144,171 141,173 137,173 114,202 119,200 123,199 125,199 128,198 134,199 140,200 135,206 130,208 127,208 123,208 119,206 117,202 123,202 126,202 129,202 137,200 129,203 126,204 123,204
e0sEHo0YtcE/00000023.jpg	0	88	130	162	204	95,157 96,165 97,172 98,179 101,186 105,192 111,197 118,201 126,202 134,201 142,197 150,192 155,186 158,178 159,170 160,162 161,153 98,148 101,144 106,143 111,143 116,145 131,144 136,142 142,141 147,143 152,145 123,153 122,158 122,163 122,168 118,173 120,174 122,174 125,173 128,173 104,156 108,154 112,153 115,156 112,157 108,157 134,155 137,153 141,153 145,155 142,156 138,156 114,184 117,181 121,180 124,180 127,180 132,181 137,184 133,188 127,189 124,190 121,189 117,188 116,184 121,183 124,183 127,183 135,184 127,185 124,185 121,185
e0sEHo0YtcE/00000118.jpg	0	93	156	156	218	95,176 96,183 98,190 100,198 103,205 108,211 114,216 121,220 129,222 137,220 144,215 151,209 156,202 158,194 159,185 159,177 159,168 97,168 100,165 105,163 110,164 116,165 128,164 133,161 139,160 144,161 149,163 122,172 122,177 122,182 122,187 118,192 121,192 123,193 126,192 129,191 103,175 107,172 111,172 115,174 111,175 107,176 132,172 135,169 140,169 143,171 140,173 136,173 114,202 118,200 122,199 124,200 127,199 133,199 139,199 134,205 129,207 126,208 123,208 119,206 116,202 122,203 125,203 128,202 137,200 128,203 125,204 122,204
e0sEHo0YtcE/00000075.jpg	0	79	146	154	221	90,174 92,182 94,189 96,196 99,203 104,209 110,213 117,218 124,219 132,218 139,213 146,207 151,200 154,192 154,183 155,175 154,166 92,167 96,164 101,163 106,163 111,165 124,163 128,160 134,159 139,159 144,161 117,170 117,175 117,181 118,186 114,190 116,191 119,192 122,190 125,189 99,173 103,171 107,170 110,173 107,174 103,174 127,171 131,168 135,168 139,170 135,171 131,172 111,201 114,199 117,197 120,198 123,197 128,198 134,199 129,203 125,205 121,206 118,206 115,204 113,201 118,201 120,201 124,200 131,200 124,200 121,201 118,201
e0sEHo0YtcE/00000123.jpg	0	93	156	156	218	93,177 95,184 97,191 99,198 102,204 107,210 113,215 120,220 128,221 136,219 144,214 150,208 155,201 157,193 157,184 157,176 157,167 94,169 97,165 102,163 107,164 113,165 125,164 130,161 136,160 142,160 147,163 119,172 119,177 119,182 119,188 116,192 118,193 121,193 124,192 127,191 101,175 104,173 108,172 112,175 109,176 105,176 130,173 133,170 137,169 141,171 138,173 134,173 113,202 116,201 120,200 123,200 126,199 131,199 138,200 133,205 128,207 124,208 121,208 117,206 115,203 120,203 123,203 126,202 135,201 127,203 124,204 121,204
e0sEHo0YtcE/00000011.jpg	0	88	138	162	213	97,160 98,168 99,175 101,182 103,189 108,195 114,201 121,205 128,207 136,205 144,201 151,195 156,188 159,181 160,173 160,165 161,156 100,152 104,148 109,147 114,148 118,149 132,148 137,146 142,145 147,146 152,149 124,156 124,161 124,166 124,171 120,175 122,176 124,176 127,176 130,175 106,159 110,157 114,157 117,159 113,160 110,160 135,158 139,156 142,155 146,158 143,159 139,159 116,187 119,184 123,183 125,183 129,182 134,184 138,187 134,192 129,193 126,194 123,193 119,191 118,187 123,186 125,186 129,186 136,187 129,189 126,189 123,189
e0sEHo0YtcE/00000050.jpg	0	87	149	149	211	92,169 93,177 95,184 97,191 100,198 105,204 111,209 118,214 126,215 134,213 141,208 147,202 152,194 155,186 154,178 154,169 153,161 93,162 96,159 101,158 106,158 111,159 124,158 129,155 134,154 139,153 144,155 118,165 118,170 118,175 118,181 115,185 117,186 120,186 122,185 125,184 100,168 103,166 107,165 110,167 107,169 103,169 128,165 131,162 135,162 139,164 136,165 132,166 110,195 114,193 118,192 121,193 124,191 130,192 135,193 131,198 126,201 122,201 119,201 114,199 112,196 118,195 121,195 125,195 133,194 125,196 122,197 119,197
e0sEHo0YtcE/00000127.jpg	0	87	156	149	218	92,180 94,187 96,194 99,201 103,208 107,214 113,219 119,223 127,224 135,223 142,218 148,211 152,204 155,196 155,187 155,179 154,170 93,171 96,168 100,167 105,167 109,168 123,167 128,164 133,162 139,163 144,165 116,175 117,180 117,185 117,191 114,195 116,196 119,197 122,195 124,194 99,178 102,175 106,175 110,177 106,179 102,179 127,175 130,172 134,172 138,173 135,176 131,176 112,206 115,204 118,203 121,203 124,202 130,202 135,203 131,209 126,212 123,212 120,212 116,210 114,206 119,206 121,206 124,205 133,204 125,207 122,208 119,208
e0sEHo0YtcE/00000071.jpg	0	87	149	149	211	91,173 92,181 94,188 96,195 99,202 104,208 110,213 117,217 125,218 133,217 141,212 147,206 152,199 155,191 155,182 155,174 154,166 93,166 97,163 102,162 107,163 112,164 124,163 129,160 134,159 139,159 144,161 117,169 118,175 118,180 118,185 114,189 117,190 119,190 122,189 124,188 100,173 103,170 107,170 110,172 107,173 103,174 128,170 131,167 135,167 139,169 136,170 132,171 111,200 114,197 118,196 120,197 123,196 129,196 134,198 130,202 125,204 122,204 119,204 115,203 113,200 118,199 121,199 124,199 132,198 124,200 121,200 118,200
e0sEHo0YtcE/00000028.jpg	0	88	138	162	213	95,159 95,167 97,174 98,181 101,188 105,195 111,199 118,203 126,205 135,203 143,199 151,194 155,187 158,179 159,170 160,162 160,153 97,150 101,147 106,146 111,146 116,147 130,147 136,145 141,144 147,145 153,148 123,155 122,161 122,167 122,173 119,176 121,177 123,178 126,176 129,175 104,158 108,156 112,155 115,158 112,159 108,159 134,157 137,154 141,154 145,156 142,158 138,158 115,186 118,183 121,182 124,182 127,181 132,183 138,185 133,189 128,191 125,191 122,191 118,189 117,186 121,185 124,185 127,185 135,185 128,186 124,186 121,186
e0sEHo0YtcE/00000097.jpg	0	87	156	149	218	89,175 90,183 92,190 94,197 97,204 102,209 108,214 115,218 123,219 131,218 138,213 145,208 150,201 153,193 153,184 153,176 153,167 91,167 95,164 100,163 105,163 110,165 123,164 128,161 134,160 139,160 144,162 116,171 116,176 116,182 117,187 113,192 115,192 118,193 121,191 124,191 98,174 101,172 105,171 109,174 106,175 101,175 127,172 130,169 134,169 138,170 135,172 131,173 108,202 112,200 116,199 119,199 122,198 127,199 132,201 128,205 123,206 120,207 117,207 113,206 110,202 116,202 119,202 122,201 130,201 123,202 119,202 116,202
e0sEHo0YtcE/00000090.jpg	0	79	146	154	221	88,173 89,181 91,188 93,195 95,202 100,208 106,212 113,216 121,217 130,216 138,212 145,206 149,199 152,191 152,182 152,174 152,165 90,165 94,162 99,161 104,162 109,163 122,162 126,159 132,158 137,158 142,159 115,169 115,174 115,179 115,184 112,189 114,190 117,190 119,189 122,188 97,172 100,170 104,170 108,172 104,173 100,174 125,170 129,167 133,167 137,169 133,170 129,171 108,200 111,197 115,196 118,197 121,196 126,196 132,198 127,202 122,203 119,204 116,204 112,203 110,200 115,199 118,199 121,199 129,199 121,199 118,199 115,199
e0sEHo0YtcE/00000094.jpg	0	79	146	154	221	89,175 90,183 92,190 94,197 97,204 102,209 108,214 115,218 123,219 130,218 138,213 145,208 150,200 152,192 152,184 152,176 152,167 90,168 94,164 98,163 104,163 109,165 122,163 127,161 133,160 138,160 143,162 116,171 116,176 116,182 116,187 112,191 114,192 117,193 120,191 122,190 97,174 100,172 104,171 108,173 105,175 101,175 126,172 129,169 133,169 137,170 134,172 130,173 108,203 112,200 115,198 118,199 121,198 127,199 132,201 128,205 123,207 119,207 116,207 112,206 111,203 116,201 118,202 122,201 130,201 122,202 119,202 116,202
e0sEHo0YtcE/00000063.jpg	0	87	149	149	211	91,172 92,180 94,187 96,194 99,200 104,206 111,212 118,216 126,217 134,215 141,210 147,204 152,197 155,189 155,181 154,172 154,164 94,165 97,162 102,161 107,162 112,163 124,161 129,159 134,157 140,157 145,159 118,169 118,173 118,179 118,184 114,188 117,189 119,189 122,188 125,187 100,172 103,170 107,170 111,171 107,173 103,173 129,170 132,168 136,167 140,168 136,170 133,170 110,198 114,195 118,194 121,195 124,194 130,194 135,196 131,201 126,203 122,203 119,203 115,202 112,198 118,198 121,198 125,197 133,196 125,198 122,199 119,199
e0sEHo0YtcE/00000088.jpg	0	79	146	154	221	88,173 89,181 91,188 93,195 96,202 101,209 107,214 114,219 121,220 130,219 137,214 144,208 149,200 152,192 152,183 152,175 152,166 91,164 94,160 99,160 104,160 109,161 122,160 127,157 132,156 137,156 142,158 115,168 115,172 115,177 115,182 111,187 114,188 116,188 119,187 122,186 97,171 100,168 104,168 108,170 104,172 100,172 125,169 129,166 133,165 137,167 133,169 129,169 107,199 110,195 114,194 117,194 120,193 126,195 132,198 127,203 122,205 118,205 115,205 111,203 109,199 114,197 117,197 121,197 129,198 121,201 118,201 115,201
e0sEHo0YtcE/00000065.jpg	0	87	149	149	211	91,172 92,179 94,187 96,194 100,200 104,207 111,212 118,216 126,217 135,215 142,210 148,204 153,197 155,188 155,180 155,171 154,163 94,165 97,161 102,161 107,161 112,162 124,161 129,159 135,157 140,157 145,159 118,168 118,173 118,178 119,184 115,188 117,189 120,189 123,188 126,187 100,171 103,169 107,168 111,171 107,172 103,173 128,169 132,166 136,166 140,168 137,170 133,170 111,198 115,196 119,194 122,195 125,194 130,194 135,196 131,201 126,204 123,204 120,204 115,202 113,198 119,198 122,198 125,197 133,197 126,199 122,199 119,199
e0sEHo0YtcE/00000112.jpg	0	88	146	162	221	95,176 96,184 98,191 101,198 104,205 109,211 116,216 122,221 130,222 137,220 145,215 151,209 156,202 159,194 159,185 159,177 159,168 97,167 101,164 106,163 111,163 116,165 129,164 134,161 140,160 145,161 150,163 122,171 122,176 122,181 122,187 119,191 121,192 124,193 126,191 129,190 104,174 107,172 111,171 115,174 111,175 107,176 133,172 136,169 140,169 144,171 141,173 137,173 115,202 119,200 122,199 125,199 128,198 133,199 139,200 134,205 130,207 126,208 123,208 119,206 117,202 123,202 125,202 128,202 137,200 129,203 126,204 123,204
e0sEHo0YtcE/00000057.jpg	0	87	149	149	211	91,174 92,181 94,188 96,195 100,202 105,207 112,212 119,215 126,216 134,214 141,209 147,204 152,197 154,190 154,181 153,173 152,165 93,164 96,161 101,161 106,161 110,162 124,161 128,158 133,157 139,156 144,158 118,168 118,173 119,178 119,183 115,188 118,188 120,188 123,187 125,186 99,171 102,168 106,168 110,170 107,172 103,172 128,168 131,165 135,165 139,167 136,169 132,169 111,198 115,196 119,195 122,195 125,194 130,195 136,196 131,199 126,201 123,202 120,202 116,201 113,198 120,198 122,198 125,198 134,196 126,197 123,198 120,198
e0sEHo0YtcE/00000033.jpg	0	88	138	162	213	95,162 95,169 97,176 99,183 101,190 105,196 112,201 119,205 126,206 134,205 142,201 149,196 154,189 157,182 158,173 158,165 158,156 97,153 101,149 105,148 111,149 116,150 130,150 134,147 140,146 145,147 150,149 122,157 122,162 122,167 122,171 118,176 120,177 123,178 125,177 128,176 104,160 107,158 111,157 114,160 111,161 107,161 133,159 136,156 140,156 144,158 140,160 136,160 114,187 117,185 121,184 124,184 127,183 132,185 137,187 133,191 128,193 124,193 121,193 118,191 116,187 121,187 124,187 127,187 135,187 127,188 124,188 121,188
e0sEHo0YtcE/00000030.jpg	0	88	138	162	213	96,159 96,167 97,174 99,182 101,189 105,195 111,200 118,205 125,206 134,205 143,201 150,196 155,189 158,181 159,172 160,164 160,155 98,151 102,148 107,147 112,147 116,149 130,149 135,146 140,145 146,146 151,149 123,156 122,161 122,166 121,171 118,176 120,177 122,177 125,176 128,175 105,159 108,157 112,157 115,159 112,160 108,160 133,158 137,156 141,156 144,158 141,159 137,159 114,186 117,184 121,183 124,183 127,183 132,184 137,186 132,190 127,192 124,192 121,192 117,190 116,186 121,186 124,186 127,186 135,186 127,187 124,187 121,187
e0sEHo0YtcE/00000089.jpg	0	79	146	154	221	88,173 89,181 90,188 92,195 95,201 100,207 106,212 112,216 120,217 128,216 136,212 143,207 149,200 152,192 152,183 152,175 153,166 90,164 94,161 99,161 103,161 109,162 121,161 126,159 132,158 137,158 142,160 115,168 115,173 115,179 114,184 111,188 113,189 116,189 119,188 121,187 96,172 100,169 104,169 107,171 104,172 100,173 126,169 129,166 133,166 137,168 133,170 130,170 107,199 111,197 114,196 116,196 119,195 124,196 130,198 125,201 120,202 117,202 115,202 111,202 109,199 114,199 117,199 120,198 128,198 120,198 117,199 115,198
e0sEHo0YtcE/00000020.jpg	0	88	130	162	204	96,158 97,165 98,173 100,180 102,187 106,194 113,199 120,203 127,205 136,203 144,199 151,194 156,187 159,179 160,171 161,163 161,155 99,148 102,145 107,144 112,144 117,146 132,146 137,143 142,143 148,144 152,147 124,154 124,159 123,164 123,169 119,174 122,175 124,176 127,175 129,174 105,157 109,154 113,154 116,157 113,158 109,158 135,156 138,153 142,154 146,156 143,157 139,157 115,186 118,183 122,182 125,182 128,182 133,183 138,185 134,189 129,191 125,192 122,192 118,190 117,186 122,185 125,185 128,185 136,185 129,186 125,187 122,187
e0sEHo0YtcE/00000052.jpg	0	87	149	149	211	91,171 92,178 94,185 97,192 100,199 105,206 110,211 117,216 125,218 133,216 141,210 147,204 152,197 154,188 154,180 154,171 154,162 94,163 97,160 102,159 106,159 111,160 124,159 129,156 134,155 139,155 144,157 117,166 118,171 118,177 118,182 114,186 117,187 119,187 122,186 125,185 100,169 103,167 107,166 110,169 107,170 103,170 128,167 131,164 135,163 139,165 136,167 132,167 111,197 114,194 118,192 121,193 124,192 130,192 135,195 131,200 126,203 122,204 118,203 114,201 113,197 118,196 121,196 124,195 133,195 125,198 121,199 118,199
e0sEHo0YtcE/00000004.jpg	0	88	138	162	213	97,161 98,168 99,175 100,183 103,190 107,196 113,202 120,207 128,208 136,207 144,202 151,197 156,190 159,182 160,174 160,166 160,158 100,153 104,150 109,148 114,148 119,150 131,149 136,147 141,146 147,147 151,150 124,157 124,162 124,167 123,172 119,176 122,177 124,178 127,177 130,176 107,160 110,158 114,157 117,159 114,161 110,161 134,159 138,156 142,156 145,158 142,160 138,160 115,187 118,184 122,183 125,184 128,183 134,185 138,187 134,191 129,193 125,193 122,193 118,191 117,187 122,187 125,187 129,187 136,187 128,188 125,189 122,188
e0sEHo0YtcE/00000124.jpg	0	87	156	149	218	93,177 94,184 97,191 99,198 102,205 106,211 112,216 119,221 127,221 135,220 143,215 149,209 154,202 157,194 157,185 157,177 156,168 94,168 97,165 101,164 106,164 111,165 125,164 130,161 136,159 141,160 147,162 118,172 118,178 118,183 118,189 115,193 117,194 120,194 123,193 125,192 100,176 103,173 108,173 111,175 108,176 104,177 129,173 132,170 137,169 140,171 137,173 133,174 111,203 115,202 119,201 121,201 125,200 130,200 137,200 132,206 126,208 123,208 120,208 116,207 114,203 119,204 122,204 125,203 134,201 126,204 122,204 119,204
e0sEHo0YtcE/00000122.jpg	0	93	156	156	218	94,176 95,183 97,190 99,197 102,204 107,210 113,216 119,221 127,222 135,221 143,216 150,210 155,202 157,194 157,185 157,177 157,168 95,168 99,165 103,164 108,164 113,165 126,164 131,161 136,160 142,160 147,163 119,172 119,177 119,183 119,188 116,193 118,193 121,194 123,193 126,192 102,175 105,173 109,172 113,174 109,176 105,176 130,173 133,170 137,170 141,171 138,173 134,173 113,202 116,201 119,200 122,201 125,200 130,200 137,200 132,205 126,207 123,207 120,207 117,206 115,203 120,203 122,203 125,203 135,201 126,203 123,204 120,203
e0sEHo0YtcE/00000116.jpg	0	88	146	162	221	96,176 97,184 98,191 101,198 104,204 109,211 115,216 122,221 129,222 136,221 144,216 150,210 155,203 158,195 159,186 159,178 159,170 98,166 102,164 106,163 111,163 116,165 129,164 134,161 139,160 144,160 149,162 122,171 122,176 122,182 122,187 119,191 121,192 123,193 126,192 129,191 104,174 108,172 112,171 115,173 112,175 108,175 133,172 136,169 140,169 144,171 140,173 136,173 114,201 118,200 122,199 124,199 127,199 132,199 138,200 133,205 128,207 125,208 123,207 119,206 116,202 122,202 125,202 127,202 136,201 128,203 125,203 122,203
e0sEHo0YtcE/00000096.jpg	0	79	146	154	221	89,176 90,184 92,191 94,197 97,204 102,209 108,214 115,218 122,219 130,218 138,213 145,208 150,201 152,193 153,184 153,176 152,167 90,167 94,164 99,163 104,163 109,165 123,164 128,161 133,160 139,160 144,161 116,171 116,176 116,182 116,187 113,191 115,192 117,193 120,191 123,190 98,174 101,172 105,171 109,173 105,175 101,175 126,172 130,169 134,169 138,171 134,172 130,172 108,202 112,200 116,199 119,199 122,198 128,199 133,200 128,205 123,206 120,207 117,207 113,206 110,203 116,202 119,202 123,201 131,201 123,202 119,202 116,202
e0sEHo0YtcE/00000132.jpg	0	79	155	154	229	88,182 89,189 92,196 94,203 98,209 102,215 108,220 113,225 120,226 128,225 136,221 143,216 149,209 152,201 154,193 154,184 154,175 89,173 91,170 95,169 100,170 104,171 118,170 123,167 129,166 135,166 141,168 111,178 111,184 111,189 111,195 108,199 111,200 113,200 116,199 119,198 94,180 97,178 102,177 105,180 101,182 97,182 123,178 126,175 130,175 134,177 131,179 127,179 106,209 109,207 112,206 115,206 118,205 123,206 130,206 124,211 119,213 116,213 113,213 110,212 108,209 113,209 115,209 118,208 127,207 118,208 116,209 113,209
e0sEHo0YtcE/00000043.jpg	0	87	149	149	211	93,170 94,178 96,185 98,191 101,198 107,204 113,209 120,213 128,214 136,212 143,206 149,200 153,193 156,185 155,177 155,169 154,161 94,162 98,159 102,158 107,158 112,159 125,158 129,155 134,153 139,153 145,155 119,165 119,170 119,175 120,180 116,185 119,185 121,185 124,184 127,183 101,169 104,166 108,165 111,167 108,169 104,169 129,165 132,162 136,162 140,164 137,165 133,166 113,195 116,192 120,191 123,191 126,190 131,190 136,192 133,197 128,200 124,200 121,201 117,199 115,195 120,194 123,194 127,193 134,193 127,195 124,196 121,196
e0sEHo0YtcE/00000026.jpg	0	93	135	156	198	95,157 96,165 97,173 99,180 101,187 105,193 111,198 118,202 126,204 135,202 143,198 150,193 155,186 158,179 159,170 160,162 160,154 98,149 101,145 107,144 112,144 117,146 131,145 136,143 142,142 147,144 151,147 123,153 123,158 123,163 122,168 119,173 121,174 123,174 126,174 128,173 105,156 108,154 112,154 116,156 112,157 108,157 134,155 138,153 142,153 145,155 142,156 138,156 115,185 118,183 122,181 124,182 127,181 132,182 137,184 132,188 128,190 125,190 122,190 119,189 117,185 122,184 124,184 127,184 135,185 127,185 124,186 122,185
e0sEHo0YtcE/00000021.jpg	0	88	130	162	204	96,157 96,165 97,172 99,180 101,187 106,193 112,198 118,203 126,204 134,203 143,199 150,194 155,188 158,181 159,172 160,164 161,156 98,148 102,145 107,143 112,143 116,145 131,145 136,143 141,142 146,144 151,147 122,154 122,158 122,163 121,168 118,173 120,174 122,174 125,174 128,173 105,156 108,154 112,154 115,156 112,157 108,158 133,155 137,153 141,153 144,155 141,157 137,157 114,185 117,182 120,181 123,181 126,180 131,182 137,185 132,188 127,190 123,191 121,190 117,189 116,185 120,184 123,184 126,184 134,185 126,186 123,186 121,186
e0sEHo0YtcE/00000074.jpg	0	79	146	154	221	91,174 92,182 94,189 96,196 100,203 105,209 111,213 118,218 125,219 133,217 140,212 146,207 152,200 154,192 154,183 154,175 154,166 92,167 95,163 100,163 106,163 111,164 124,163 129,160 134,159 139,159 145,161 117,170 117,175 117,181 118,186 114,190 116,191 119,191 122,190 125,189 99,173 102,171 107,170 110,173 107,174 103,175 128,171 131,168 135,168 139,169 136,171 132,172 111,201 114,199 118,197 120,198 124,197 129,197 134,199 130,203 125,205 122,206 119,206 115,205 113,201 118,200 121,200 124,200 132,199 125,201 121,201 118,201
e0sEHo0YtcE/00000099.jpg	0	87	156	149	218	91,175 92,183 94,190 96,197 99,204 104,209 110,214 117,218 124,219 132,218 140,214 147,208 152,201 155,193 155,184 155,176 155,167 93,168 96,164 101,163 106,163 111,165 125,163 130,161 136,160 142,160 146,163 118,171 118,176 118,182 118,187 114,191 117,192 120,193 123,191 125,190 100,174 103,172 107,171 111,173 107,175 103,175 129,172 132,169 136,169 140,170 137,172 133,172 110,202 114,200 118,199 121,199 124,198 129,199 135,200 130,205 125,206 122,207 119,207 114,206 112,202 118,202 121,202 124,201 132,201 124,201 121,202 118,202
e0sEHo0YtcE/00000101.jpg	0	88	146	162	221	92,175 93,183 95,190 97,197 100,204 105,209 111,214 118,218 125,219 133,218 141,213 148,208 153,201 156,193 156,185 156,176 156,168 95,166 98,164 103,163 108,163 113,165 126,164 131,161 136,160 142,160 147,162 119,171 119,176 119,181 119,187 116,192 118,192 121,193 123,192 126,190 101,174 104,171 109,171 112,173 109,175 104,175 130,172 133,169 137,169 141,171 138,173 134,173 111,202 115,200 119,199 122,199 125,198 130,199 135,200 131,205 126,207 123,207 120,207 116,206 113,202 119,202 122,202 125,201 133,201 125,202 122,202 120,202
e0sEHo0YtcE/00000080.jpg	0	79	146	154	221	90,175 91,182 93,190 95,197 98,203 103,209 110,214 117,219 124,220 132,218 140,213 146,207 151,199 154,191 153,182 153,174 152,166 92,166 96,163 100,163 105,163 110,165 123,164 127,161 133,159 138,159 143,161 116,170 116,175 117,181 117,186 113,190 116,191 118,191 121,190 124,189 99,173 102,171 106,170 109,173 106,174 102,174 127,171 130,168 134,168 137,170 134,171 131,171 110,200 113,198 117,196 120,197 123,196 128,197 134,199 129,203 124,205 121,206 118,206 114,204 113,201 117,200 120,200 123,200 131,199 124,201 120,201 117,201
e0sEHo0YtcE/00000009.jpg	0	88	138	162	213	97,161 97,168 99,175 100,182 103,189 107,195 113,200 120,205 127,206 136,205 144,201 151,195 156,189 159,181 160,172 160,164 161,156 100,151 104,148 109,148 113,148 118,149 132,148 136,146 142,145 147,146 152,149 124,156 124,161 124,166 123,171 119,175 122,176 124,176 127,176 130,175 106,159 109,157 113,156 117,159 113,160 110,160 135,158 138,155 142,155 146,158 143,159 139,159 115,186 118,183 122,182 125,182 129,182 134,183 138,187 134,191 129,192 126,192 122,192 119,190 117,186 122,186 125,186 129,186 136,187 129,187 125,187 122,187
e0sEHo0YtcE/00000054.jpg	0	87	149	149	211	91,172 92,179 94,187 96,194 100,200 105,207 111,212 117,217 125,219 133,217 140,211 146,205 151,198 154,190 154,181 154,172 153,164 93,163 97,160 101,160 106,160 111,161 124,160 129,157 134,156 139,155 144,157 117,167 118,172 118,177 118,182 114,187 117,187 119,188 122,187 125,186 99,170 103,167 107,167 110,169 107,170 103,171 128,167 131,164 135,164 139,166 136,168 132,168 111,197 114,194 118,193 121,194 124,193 130,193 135,196 131,202 126,205 122,205 118,205 114,203 113,198 118,197 121,197 124,196 132,197 125,199 121,200 118,200
e0sEHo0YtcE/00000109.jpg	0	93	156	156	218	95,176 96,184 98,191 100,198 103,205 108,211 114,216 121,221 128,222 136,221 143,216 150,210 155,202 158,195 158,186 158,178 158,170 97,167 101,164 106,163 111,164 116,165 128,164 133,161 139,160 144,160 149,163 122,171 122,176 122,181 122,187 118,191 120,192 123,192 126,191 129,191 104,174 107,172 111,171 114,174 111,175 107,175 132,172 135,169 139,169 143,171 140,173 136,173 114,202 118,200 121,199 124,199 127,198 132,199 138,200 133,205 128,207 125,208 122,208 118,206 116,202 122,202 124,202 127,202 136,201 128,203 125,204 122,203
e0sEHo0YtcE/00000126.jpg	0	87	156	149	218	93,178 94,186 96,192 99,199 102,206 106,212 112,217 118,222 126,224 134,222 141,217 148,211 153,204 155,196 156,187 156,178 156,169 94,170 96,167 101,166 105,167 109,168 123,166 128,163 134,162 140,162 145,164 116,174 116,180 116,185 117,191 113,195 116,196 118,196 121,195 124,194 99,177 102,175 106,175 110,177 106,178 103,178 127,175 131,172 135,172 139,173 135,175 131,175 111,204 114,203 118,202 120,203 123,202 129,202 136,202 131,208 125,211 122,211 119,211 115,209 113,205 118,205 121,205 124,205 134,203 124,206 121,207 118,207
e0sEHo0YtcE/00000114.jpg	0	88	146	162	221	95,176 97,183 98,190 101,197 104,204 108,211 115,216 122,221 129,222 137,220 144,215 151,209 156,202 159,194 159,185 159,177 159,169 98,166 102,164 106,163 111,163 116,165 130,163 135,161 140,160 145,160 150,162 123,171 123,176 123,182 123,187 120,191 122,192 124,193 127,192 129,191 105,174 108,172 112,171 115,174 112,175 108,175 134,172 137,169 141,169 144,171 141,173 137,173 115,202 119,200 123,199 126,199 128,198 134,199 139,200 135,205 130,208 127,208 124,208 120,206 117,202 123,202 126,202 129,202 137,200 129,203 126,204 124,204
e0sEHo0YtcE/00000012.jpg	0	88	138	162	213	97,160 97,167 99,175 100,182 103,189 107,195 113,201 120,205 127,207 136,205 144,201 151,195 156,189 159,181 160,173 161,164 161,156 100,152 104,149 108,148 113,148 118,149 132,149 136,146 142,146 147,146 152,149 124,156 124,161 124,166 123,171 120,175 122,176 124,177 127,176 130,175 106,159 110,157 114,157 117,159 113,160 110,160 135,158 138,156 142,156 146,158 142,159 139,159 116,187 119,184 122,183 125,183 129,183 134,184 138,187 134,191 129,193 126,193 122,193 119,191 118,187 122,187 125,187 129,186 136,187 129,189 125,189 122,189
e0sEHo0YtcE/00000032.jpg	0	88	138	162	213	95,161 95,168 97,175 98,182 101,189 105,196 111,201 118,205 126,206 134,205 142,201 149,196 155,189 158,182 158,173 159,164 159,156 97,153 101,149 106,148 111,149 116,150 130,150 135,147 140,146 145,147 150,149 122,157 122,162 122,167 122,172 118,176 120,177 122,178 125,177 128,176 104,160 107,158 111,158 114,160 111,161 107,161 133,159 136,156 141,156 144,158 141,160 137,160 114,187 117,185 121,183 124,184 127,184 132,185 137,187 132,191 128,193 124,193 121,193 117,191 116,187 121,187 124,187 127,187 135,187 127,188 124,188 121,188
e0sEHo0YtcE/00000007.jpg	0	88	138	162	213	97,161 98,168 99,175 100,183 103,189 107,196 113,201 120,206 128,207 136,206 144,202 151,196 156,189 159,182 160,174 160,166 160,158 101,151 105,148 109,147 114,148 119,149 132,149 137,146 142,145 147,147 151,149 124,157 124,161 124,166 123,171 120,176 122,177 124,177 127,176 129,176 106,159 110,157 114,157 117,159 113,160 110,160 135,158 138,156 143,156 146,158 143,160 139,160 115,187 118,184 122,182 125,183 128,182 133,183 138,187 134,191 129,192 125,193 122,192 118,191 117,187 122,187 125,187 129,187 136,187 129,188 125,188 122,188
e0sEHo0YtcE/00000046.jpg	0	87	149	149	211	92,169 93,177 95,184 98,191 101,198 106,204 112,209 119,213 126,214 134,212 142,207 148,201 153,194 155,186 155,177 155,169 154,160 93,161 97,158 102,158 106,158 111,159 124,158 129,155 134,153 139,153 144,155 117,165 118,170 118,175 118,181 115,185 117,186 120,186 122,185 125,184 100,168 103,166 107,165 111,167 107,169 103,169 128,165 131,162 135,162 139,164 136,165 132,166 111,195 115,193 119,192 121,193 124,191 129,192 135,193 131,197 126,199 123,200 120,200 116,199 114,196 119,195 121,195 125,195 133,194 125,195 122,196 119,196
e0sEHo0YtcE/00000059.jpg	0	87	149	149	211	90,173 91,180 93,187 95,194 99,201 104,207 110,213 117,218 125,219 134,216 141,211 147,204 151,197 153,189 153,181 153,173 152,165 93,164 96,161 101,161 106,161 111,163 123,161 128,158 133,157 138,157 144,159 117,169 117,174 117,179 118,184 114,188 116,189 119,189 122,188 124,187 99,172 102,170 106,169 110,171 106,173 102,173 127,169 131,167 135,167 138,168 135,170 131,170 111,198 114,196 118,195 121,195 124,194 129,195 134,196 130,202 126,204 122,205 119,205 115,203 113,199 118,198 121,198 124,198 132,197 125,200 122,200 119,200
e0sEHo0YtcE/00000084.jpg	0	87	149	149	211	88,171 90,179 91,186 93,194 96,201 101,207 107,212 114,216 123,217 131,216 139,211 146,206 150,199 153,190 153,181 153,173 153,164 91,163 94,160 99,159 104,159 109,160 122,159 127,156 133,155 139,155 144,158 115,166 116,171 116,176 116,181 112,186 115,187 117,187 120,186 123,185 97,170 100,167 104,167 108,169 105,170 101,171 126,167 129,164 134,164 137,166 134,168 130,168 108,196 111,194 115,193 118,193 122,192 127,193 133,195 128,198 123,199 120,200 116,200 112,199 110,196 115,196 119,196 122,195 130,195 122,196 119,196 116,196
e0sEHo0YtcE/00000121.jpg	0	93	156	156	218	94,177 95,184 97,191 99,198 103,205 108,211 114,216 121,221 129,222 137,220 144,215 150,209 155,202 157,193 157,185 157,177 157,168 96,168 99,165 104,164 109,164 114,165 128,164 132,161 137,160 143,161 148,163 121,172 121,177 121,182 121,188 118,192 120,193 123,193 125,192 128,191 102,175 106,173 110,172 113,174 110,176 106,176 131,173 134,170 138,169 142,171 139,173 135,173 114,202 117,201 121,200 124,200 127,199 132,199 138,200 134,205 129,207 125,208 122,208 118,206 116,203 122,203 124,203 127,202 136,201 128,203 125,204 122,204
e0sEHo0YtcE/00000006.jpg	0	88	138	162	213	97,160 97,168 99,175 100,182 102,189 106,196 112,201 119,206 127,207 136,206 144,202 151,196 156,189 159,182 160,174 160,166 160,158 100,151 104,148 109,147 114,148 119,149 132,149 137,146 142,146 147,147 151,149 124,156 124,161 124,166 123,171 120,176 122,177 124,177 127,176 130,176 106,159 110,157 114,157 117,159 113,160 110,160 135,158 139,156 143,156 146,158 143,160 139,159 115,186 118,184 122,182 125,183 129,182 134,183 138,187 134,191 129,192 125,193 122,192 118,191 117,187 122,187 125,187 129,187 136,187 129,188 125,188 122,188
e0sEHo0YtcE/00000001.jpg	0	88	138	162	213	96,159 97,167 98,174 100,182 102,189 106,195 112,201 119,206 127,207 135,206 144,202 151,196 156,189 159,181 159,173 160,165 160,156 99,152 103,149 108,148 113,149 118,150 131,150 136,147 141,147 147,148 151,150 124,157 123,162 123,167 123,172 119,177 121,178 124,178 127,177 129,176 106,160 109,158 113,157 116,159 113,161 109,161 134,159 138,157 142,157 145,159 142,160 138,160 116,187 119,186 123,185 125,185 128,185 133,186 138,187 133,191 128,192 125,192 123,192 119,191 118,188 123,188 125,188 128,188 136,188 128,188 125,188 123,188
