E5A5oEqUYRw/00000825.jpg	0	612	108	674	170	id0
E5A5oEqUYRw/00000808.jpg	1	633	94	695	156	id0
E5A5oEqUYRw/00000575.jpg	0	612	115	674	177	id0
E5A5oEqUYRw/00000699.jpg	1	619	87	681	149	id0
E5A5oEqUYRw/00000851.jpg	0	612	108	674	170	id0
E5A5oEqUYRw/00000826.jpg	1	612	108	674	170	id0
E5A5oEqUYRw/00000662.jpg	0	612	101	674	163	id0
E5A5oEqUYRw/00000862.jpg	0	612	101	674	163	id0
E5A5oEqUYRw/00000904.jpg	0	253	67	382	196	id0
E5A5oEqUYRw/00000635.jpg	0	619	113	671	164	id0
E5A5oEqUYRw/00000617.jpg	0	625	101	677	153	id0
E5A5oEqUYRw/00000767.jpg	1	619	94	681	156	id0
E5A5oEqUYRw/00000933.jpg	0	253	96	382	225	id0
E5A5oEqUYRw/00000761.jpg	0	605	94	667	156	id0
E5A5oEqUYRw/00000701.jpg	1	610	88	685	163	id0
E5A5oEqUYRw/00000652.jpg	0	612	101	674	163	id0
E5A5oEqUYRw/00000692.jpg	0	605	87	667	149	id0
E5A5oEqUYRw/00000602.jpg	0	626	101	688	163	id0
E5A5oEqUYRw/00000810.jpg	0	626	94	688	156	id0
E5A5oEqUYRw/00000830.jpg	1	612	108	674	170	id0
E5A5oEqUYRw/00000566.jpg	0	626	94	688	156	id0
E5A5oEqUYRw/00000609.jpg	0	625	107	677	159	id0
E5A5oEqUYRw/00000431.jpg	0	282	96	411	225	id0
E5A5oEqUYRw/00000834.jpg	0	612	108	674	170	id0
E5A5oEqUYRw/00000622.jpg	1	626	94	688	156	id0
E5A5oEqUYRw/00000711.jpg	1	619	94	681	156	id0
E5A5oEqUYRw/00000880.jpg	0	610	88	685	163	id0
E5A5oEqUYRw/00000946.jpg	0	236	81	390	236	id0
E5A5oEqUYRw/00000689.jpg	0	591	87	653	149	id0
E5A5oEqUYRw/00000728.jpg	1	619	94	681	156	id0
E5A5oEqUYRw/00000715.jpg	1	619	94	681	156	id0
E5A5oEqUYRw/00000722.jpg	1	626	94	688	156	id0
E5A5oEqUYRw/00000803.jpg	0	626	94	688	156	id0
E5A5oEqUYRw/00000619.jpg	1	625	101	677	153	id0
E5A5oEqUYRw/00000756.jpg	0	585	88	660	163	id0
E5A5oEqUYRw/00000676.jpg	0	598	87	660	149	id0
E5A5oEqUYRw/00000684.jpg	0	584	87	646	149	id0
E5A5oEqUYRw/00000837.jpg	0	612	108	674	170	id0
E5A5oEqUYRw/00000914.jpg	0	268	82	397	211	id0
E5A5oEqUYRw/00000427.jpg	0	282	96	411	225	id0
E5A5oEqUYRw/00000632.jpg	1	619	108	681	170	id0
E5A5oEqUYRw/00000659.jpg	1	612	101	674	163	id0
E5A5oEqUYRw/00000573.jpg	0	619	115	681	177	id0
E5A5oEqUYRw/00000907.jpg	0	268	67	397	196	id0
E5A5oEqUYRw/00000934.jpg	0	239	96	368	225	id0
E5A5oEqUYRw/00000687.jpg	0	584	87	646	149	id0
E5A5oEqUYRw/00000560.jpg	0	633	94	695	156	id0
E5A5oEqUYRw/00000706.jpg	1	619	94	681	156	id0
E5A5oEqUYRw/00000824.jpg	0	612	108	674	170	id0
E5A5oEqUYRw/00000644.jpg	0	612	108	674	170	id0
E5A5oEqUYRw/00000645.jpg	0	612	108	674	170	id0
E5A5oEqUYRw/00000747.jpg	0	612	94	674	156	id0
E5A5oEqUYRw/00000763.jpg	0	602	88	677	163	id0
E5A5oEqUYRw/00000758.jpg	1	598	94	660	156	id0
E5A5oEqUYRw/00000881.jpg	0	610	88	685	163	id0
E5A5oEqUYRw/00000556.jpg	0	640	94	702	156	id0
E5A5oEqUYRw/00000781.jpg	1	626	87	688	149	id0
E5A5oEqUYRw/00000685.jpg	0	584	87	646	149	id0
E5A5oEqUYRw/00000752.jpg	0	594	88	668	163	id0
E5A5oEqUYRw/00000580.jpg	0	612	115	674	177	id0
E5A5oEqUYRw/00000693.jpg	0	612	87	674	149	id0
E5A5oEqUYRw/00000636.jpg	0	619	113	671	164	id0
E5A5oEqUYRw/00000855.jpg	1	612	101	674	163	id0
E5A5oEqUYRw/00000710.jpg	1	619	94	681	156	id0
E5A5oEqUYRw/00000819.jpg	1	619	101	681	163	id0
E5A5oEqUYRw/00000853.jpg	0	612	108	674	170	id0
E5A5oEqUYRw/00000664.jpg	0	612	101	674	163	id0
E5A5oEqUYRw/00000900.jpg	0	239	67	368	196	id0
E5A5oEqUYRw/00000570.jpg	0	619	108	681	170	id0
E5A5oEqUYRw/00000814.jpg	1	633	94	695	156	id0
E5A5oEqUYRw/00000754.jpg	0	598	94	660	156	id0
E5A5oEqUYRw/00000629.jpg	1	619	101	681	163	id0
E5A5oEqUYRw/00000579.jpg	0	612	115	674	177	id0
E5A5oEqUYRw/00000564.jpg	0	626	94	688	156	id0
E5A5oEqUYRw/00000663.jpg	0	612	101	674	163	id0
E5A5oEqUYRw/00000897.jpg	0	268	82	397	211	id0
E5A5oEqUYRw/00000793.jpg	1	626	94	688	156	id0
E5A5oEqUYRw/00000549.jpg	0	646	94	709	156	id0
E5A5oEqUYRw/00000661.jpg	0	619	101	671	153	id0
E5A5oEqUYRw/00000762.jpg	0	605	94	667	156	id0
E5A5oEqUYRw/00000583.jpg	0	612	115	674	177	id0
E5A5oEqUYRw/00000885.jpg	0	610	88	685	163	id0
E5A5oEqUYRw/00000787.jpg	1	619	80	693	155	id0
E5A5oEqUYRw/00000749.jpg	0	602	88	677	163	id0
E5A5oEqUYRw/00000678.jpg	0	591	87	653	149	id0
E5A5oEqUYRw/00000860.jpg	0	612	101	674	163	id0
E5A5oEqUYRw/00000665.jpg	0	612	101	674	163	id0
E5A5oEqUYRw/00000864.jpg	0	612	101	674	163	id0
E5A5oEqUYRw/00000751.jpg	0	605	94	667	156	id0
E5A5oEqUYRw/00000729.jpg	1	612	101	674	163	id0
E5A5oEqUYRw/00000815.jpg	1	626	101	688	163	id0
E5A5oEqUYRw/00000931.jpg	0	253	96	382	225	id0
E5A5oEqUYRw/00000669.jpg	0	602	96	677	171	id0
E5A5oEqUYRw/00000675.jpg	0	605	94	667	156	id0
E5A5oEqUYRw/00000858.jpg	0	612	101	674	163	id0
E5A5oEqUYRw/00000845.jpg	1	612	108	674	170	id0
E5A5oEqUYRw/00000694.jpg	0	612	87	674	149	id0
E5A5oEqUYRw/00000820.jpg	1	619	101	681	163	id0
E5A5oEqUYRw/00000584.jpg	0	612	115	674	177	id0
E5A5oEqUYRw/00000937.jpg	0	239	96	368	225	id0
E5A5oEqUYRw/00000615.jpg	0	625	101	677	153	id0
E5A5oEqUYRw/00000766.jpg	1	619	101	671	153	id0
E5A5oEqUYRw/00000640.jpg	0	612	108	674	170	id0
E5A5oEqUYRw/00000611.jpg	0	625	107	677	159	id0
E5A5oEqUYRw/00000670.jpg	0	602	96	677	171	id0
E5A5oEqUYRw/00000720.jpg	1	626	94	688	156	id0
E5A5oEqUYRw/00000848.jpg	1	612	108	674	170	id0
E5A5oEqUYRw/00000878.jpg	0	610	88	685	163	id0
E5A5oEqUYRw/00000625.jpg	1	626	94	688	156	id0
E5A5oEqUYRw/00000823.jpg	1	612	108	674	170	id0
E5A5oEqUYRw/00000842.jpg	1	612	108	674	170	id0
E5A5oEqUYRw/00000873.jpg	0	612	101	674	163	id0
E5A5oEqUYRw/00000768.jpg	1	625	95	677	147	id0
E5A5oEqUYRw/00000750.jpg	0	602	88	677	163	id0
E5A5oEqUYRw/00000835.jpg	0	612	108	674	170	id0
E5A5oEqUYRw/00000553.jpg	0	640	94	702	156	id0
E5A5oEqUYRw/00000790.jpg	1	626	94	688	156	id0
E5A5oEqUYRw/00000795.jpg	1	626	94	688	156	id0
E5A5oEqUYRw/00000884.jpg	0	610	88	685	163	id0
E5A5oEqUYRw/00000656.jpg	0	612	94	674	156	id0
E5A5oEqUYRw/00000654.jpg	0	612	101	674	163	id0
E5A5oEqUYRw/00000682.jpg	0	584	87	646	149	id0
E5A5oEqUYRw/00000889.jpg	0	619	94	681	156	id0
E5A5oEqUYRw/00000550.jpg	0	635	88	710	163	id0
E5A5oEqUYRw/00000572.jpg	0	625	113	677	164	id0
E5A5oEqUYRw/00000928.jpg	0	253	96	382	225	id0
E5A5oEqUYRw/00000905.jpg	0	253	67	382	196	id0
E5A5oEqUYRw/00000691.jpg	0	594	80	668	155	id0
E5A5oEqUYRw/00000932.jpg	0	253	96	382	225	id0
E5A5oEqUYRw/00000562.jpg	0	633	94	695	156	id0
E5A5oEqUYRw/00000748.jpg	0	612	94	674	156	id0
E5A5oEqUYRw/00000554.jpg	0	640	94	702	156	id0
E5A5oEqUYRw/00000863.jpg	0	612	101	674	163	id0
E5A5oEqUYRw/00000929.jpg	0	253	96	382	225	id0
E5A5oEqUYRw/00000943.jpg	0	253	96	382	225	id0
E5A5oEqUYRw/00000733.jpg	1	605	101	667	163	id0
E5A5oEqUYRw/00000714.jpg	1	619	94	681	156	id0
E5A5oEqUYRw/00000731.jpg	1	612	101	674	163	id0
E5A5oEqUYRw/00000726.jpg	1	619	94	681	156	id0
E5A5oEqUYRw/00000769.jpg	1	625	95	677	147	id0
E5A5oEqUYRw/00000944.jpg	0	253	96	382	225	id0
E5A5oEqUYRw/00000672.jpg	0	605	101	667	163	id0
E5A5oEqUYRw/00000791.jpg	1	626	94	688	156	id0
E5A5oEqUYRw/00000838.jpg	0	612	108	674	170	id0
E5A5oEqUYRw/00000551.jpg	0	635	88	710	163	id0
E5A5oEqUYRw/00000800.jpg	1	626	94	688	156	id0
E5A5oEqUYRw/00000700.jpg	1	610	88	685	163	id0
E5A5oEqUYRw/00000721.jpg	1	626	94	688	156	id0
E5A5oEqUYRw/00000915.jpg	0	268	82	397	211	id0
E5A5oEqUYRw/00000634.jpg	1	619	113	671	164	id0
E5A5oEqUYRw/00000713.jpg	1	619	94	681	156	id0
E5A5oEqUYRw/00000856.jpg	0	612	101	674	163	id0
E5A5oEqUYRw/00000738.jpg	1	605	101	667	163	id0
E5A5oEqUYRw/00000633.jpg	1	619	113	671	164	id0
E5A5oEqUYRw/00000796.jpg	1	626	94	688	156	id0
E5A5oEqUYRw/00000727.jpg	1	619	94	681	156	id0
E5A5oEqUYRw/00000871.jpg	0	612	101	674	163	id0
E5A5oEqUYRw/00000730.jpg	1	612	101	674	163	id0
E5A5oEqUYRw/00000620.jpg	1	626	94	688	156	id0
E5A5oEqUYRw/00000940.jpg	0	239	96	368	225	id0
E5A5oEqUYRw/00000901.jpg	0	239	67	368	196	id0
E5A5oEqUYRw/00000605.jpg	1	626	101	688	163	id0
E5A5oEqUYRw/00000586.jpg	0	612	115	674	177	id0
E5A5oEqUYRw/00000705.jpg	1	619	94	681	156	id0
E5A5oEqUYRw/00000890.jpg	0	282	110	411	239	id0
E5A5oEqUYRw/00000649.jpg	0	612	101	674	163	id0
E5A5oEqUYRw/00000732.jpg	1	612	101	674	163	id0
E5A5oEqUYRw/00000930.jpg	0	253	96	382	225	id0
E5A5oEqUYRw/00000797.jpg	1	626	94	688	156	id0
E5A5oEqUYRw/00000646.jpg	0	612	108	674	170	id0
E5A5oEqUYRw/00000941.jpg	0	236	81	390	236	id0
E5A5oEqUYRw/00000788.jpg	1	626	94	688	156	id0
E5A5oEqUYRw/00000910.jpg	0	268	67	397	196	id0
E5A5oEqUYRw/00000626.jpg	1	631	95	682	147	id0
E5A5oEqUYRw/00000917.jpg	0	268	82	397	211	id0
E5A5oEqUYRw/00000841.jpg	1	612	108	674	170	id0
E5A5oEqUYRw/00000865.jpg	0	612	101	674	163	id0
E5A5oEqUYRw/00000892.jpg	0	282	110	411	239	id0
E5A5oEqUYRw/00000716.jpg	1	619	94	681	156	id0
E5A5oEqUYRw/00000794.jpg	1	626	94	688	156	id0
E5A5oEqUYRw/00000637.jpg	0	619	113	671	164	id0
E5A5oEqUYRw/00000926.jpg	0	253	96	382	225	id0
E5A5oEqUYRw/00000822.jpg	1	619	108	681	170	id0
E5A5oEqUYRw/00000868.jpg	0	612	101	674	163	id0
E5A5oEqUYRw/00000690.jpg	0	598	87	660	149	id0
E5A5oEqUYRw/00000919.jpg	0	268	82	397	211	id0
E5A5oEqUYRw/00000888.jpg	0	619	94	681	156	id0
E5A5oEqUYRw/00000709.jpg	1	619	94	681	156	id0
E5A5oEqUYRw/00000681.jpg	0	584	87	646	149	id0
E5A5oEqUYRw/00000893.jpg	0	282	96	411	225	id0
E5A5oEqUYRw/00000867.jpg	0	612	101	674	163	id0
E5A5oEqUYRw/00000879.jpg	0	610	88	685	163	id0
E5A5oEqUYRw/00000653.jpg	0	612	101	674	163	id0
E5A5oEqUYRw/00000695.jpg	0	612	87	674	149	id0
E5A5oEqUYRw/00000642.jpg	0	612	108	674	170	id0
E5A5oEqUYRw/00000603.jpg	0	626	101	688	163	id0
E5A5oEqUYRw/00000801.jpg	1	626	94	688	156	id0
E5A5oEqUYRw/00000648.jpg	0	612	101	674	163	id0
E5A5oEqUYRw/00000895.jpg	0	282	96	411	225	id0
E5A5oEqUYRw/00000866.jpg	0	612	101	674	163	id0
E5A5oEqUYRw/00000783.jpg	1	619	80	693	155	id0
E5A5oEqUYRw/00000771.jpg	1	626	87	688	149	id0
E5A5oEqUYRw/00000925.jpg	0	268	96	397	225	id0
E5A5oEqUYRw/00000809.jpg	0	626	94	688	156	id0
E5A5oEqUYRw/00000568.jpg	0	626	101	688	163	id0
E5A5oEqUYRw/00000630.jpg	1	619	101	681	163	id0
E5A5oEqUYRw/00000894.jpg	0	282	96	411	225	id0
E5A5oEqUYRw/00000948.jpg	0	236	81	390	236	id0
E5A5oEqUYRw/00000911.jpg	0	268	67	397	196	id0
E5A5oEqUYRw/00000859.jpg	0	612	101	674	163	id0
E5A5oEqUYRw/00000870.jpg	0	612	101	674	163	id0
E5A5oEqUYRw/00000764.jpg	0	612	94	674	156	id0
E5A5oEqUYRw/00000667.jpg	0	602	96	677	171	id0
E5A5oEqUYRw/00000718.jpg	1	619	94	681	156	id0
E5A5oEqUYRw/00000906.jpg	0	253	67	382	196	id0
E5A5oEqUYRw/00000688.jpg	0	591	87	653	149	id0
E5A5oEqUYRw/00000582.jpg	0	612	115	674	177	id0
E5A5oEqUYRw/00000818.jpg	1	626	101	688	163	id0
E5A5oEqUYRw/00000887.jpg	0	610	88	685	163	id0
E5A5oEqUYRw/00000772.jpg	1	626	87	688	149	id0
E5A5oEqUYRw/00000857.jpg	0	612	101	674	163	id0
E5A5oEqUYRw/00000430.jpg	0	282	96	411	225	id0
E5A5oEqUYRw/00000936.jpg	0	239	96	368	225	id0
E5A5oEqUYRw/00000916.jpg	0	268	82	397	211	id0
E5A5oEqUYRw/00000740.jpg	1	602	96	677	171	id0
E5A5oEqUYRw/00000585.jpg	0	612	115	674	177	id0
E5A5oEqUYRw/00000668.jpg	0	602	96	677	171	id0
E5A5oEqUYRw/00000577.jpg	0	612	115	674	177	id0
E5A5oEqUYRw/00000760.jpg	0	594	88	668	163	id0
E5A5oEqUYRw/00000939.jpg	0	239	96	368	225	id0
E5A5oEqUYRw/00000802.jpg	1	626	94	688	156	id0
E5A5oEqUYRw/00000627.jpg	1	625	101	677	153	id0
E5A5oEqUYRw/00000923.jpg	0	268	96	397	225	id0
E5A5oEqUYRw/00000735.jpg	1	605	101	667	163	id0
E5A5oEqUYRw/00000673.jpg	0	605	94	667	156	id0
E5A5oEqUYRw/00000753.jpg	0	594	88	668	163	id0
E5A5oEqUYRw/00000938.jpg	0	239	96	368	225	id0
E5A5oEqUYRw/00000883.jpg	0	610	88	685	163	id0
E5A5oEqUYRw/00000861.jpg	0	612	101	674	163	id0
E5A5oEqUYRw/00000600.jpg	0	619	108	681	170	id0
E5A5oEqUYRw/00000813.jpg	1	633	94	695	156	id0
E5A5oEqUYRw/00000843.jpg	1	612	108	674	170	id0
E5A5oEqUYRw/00000724.jpg	1	619	94	681	156	id0
E5A5oEqUYRw/00000898.jpg	0	268	82	397	211	id0
E5A5oEqUYRw/00000876.jpg	0	610	88	685	163	id0
E5A5oEqUYRw/00000827.jpg	0	612	108	674	170	id0
E5A5oEqUYRw/00000631.jpg	1	619	101	681	163	id0
E5A5oEqUYRw/00000755.jpg	0	585	88	660	163	id0
E5A5oEqUYRw/00000792.jpg	1	626	94	688	156	id0
E5A5oEqUYRw/00000559.jpg	0	633	94	695	156	id0
E5A5oEqUYRw/00000757.jpg	0	585	88	660	163	id0
E5A5oEqUYRw/00000674.jpg	0	605	94	667	156	id0
E5A5oEqUYRw/00000641.jpg	0	612	108	674	170	id0
E5A5oEqUYRw/00000623.jpg	1	626	94	688	156	id0
E5A5oEqUYRw/00000896.jpg	0	282	96	411	225	id0
E5A5oEqUYRw/00000799.jpg	1	626	94	688	156	id0
E5A5oEqUYRw/00000913.jpg	0	253	64	408	219	id0
E5A5oEqUYRw/00000561.jpg	0	633	94	695	156	id0
E5A5oEqUYRw/00000723.jpg	1	626	94	688	156	id0
E5A5oEqUYRw/00000902.jpg	0	259	80	366	187	id0
E5A5oEqUYRw/00000807.jpg	1	633	94	695	156	id0
E5A5oEqUYRw/00000784.jpg	1	619	80	693	155	id0
E5A5oEqUYRw/00000651.jpg	0	612	101	674	163	id0
E5A5oEqUYRw/00000660.jpg	1	619	107	671	159	id0
E5A5oEqUYRw/00000650.jpg	0	612	101	674	163	id0
E5A5oEqUYRw/00000922.jpg	0	268	96	397	225	id0
E5A5oEqUYRw/00000708.jpg	1	619	94	681	156	id0
E5A5oEqUYRw/00000945.jpg	0	236	81	390	236	id0
E5A5oEqUYRw/00000697.jpg	1	619	87	681	149	id0
E5A5oEqUYRw/00000836.jpg	1	612	108	674	170	id0
E5A5oEqUYRw/00000428.jpg	0	282	96	411	225	id0
E5A5oEqUYRw/00000921.jpg	0	268	96	397	225	id0
E5A5oEqUYRw/00000616.jpg	0	625	101	677	153	id0
E5A5oEqUYRw/00000742.jpg	1	612	101	674	163	id0
E5A5oEqUYRw/00000571.jpg	0	619	108	681	170	id0
E5A5oEqUYRw/00000698.jpg	0	619	87	681	149	id0
E5A5oEqUYRw/00000816.jpg	1	626	101	688	163	id0
E5A5oEqUYRw/00000832.jpg	0	612	108	674	170	id0
E5A5oEqUYRw/00000719.jpg	1	626	94	688	156	id0
E5A5oEqUYRw/00000875.jpg	1	610	88	685	163	id0
E5A5oEqUYRw/00000839.jpg	1	612	108	674	170	id0
E5A5oEqUYRw/00000840.jpg	1	612	108	674	170	id0
E5A5oEqUYRw/00000707.jpg	1	619	94	681	156	id0
E5A5oEqUYRw/00000743.jpg	0	612	101	674	163	id0
E5A5oEqUYRw/00000805.jpg	1	626	94	688	156	id0
E5A5oEqUYRw/00000677.jpg	0	598	87	660	149	id0
E5A5oEqUYRw/00000817.jpg	1	626	101	688	163	id0
E5A5oEqUYRw/00000555.jpg	0	640	94	702	156	id0
E5A5oEqUYRw/00000647.jpg	0	612	101	674	163	id0
E5A5oEqUYRw/00000744.jpg	0	612	101	674	163	id0
E5A5oEqUYRw/00000920.jpg	0	268	96	397	225	id0
E5A5oEqUYRw/00000679.jpg	0	584	87	646	149	id0
E5A5oEqUYRw/00000643.jpg	0	612	108	674	170	id0
E5A5oEqUYRw/00000604.jpg	0	626	101	688	163	id0
E5A5oEqUYRw/00000432.jpg	0	253	82	382	211	id0
E5A5oEqUYRw/00000882.jpg	0	610	88	685	163	id0
E5A5oEqUYRw/00000903.jpg	0	253	67	382	196	id0
E5A5oEqUYRw/00000821.jpg	1	619	108	681	170	id0
E5A5oEqUYRw/00000666.jpg	0	612	101	674	163	id0
E5A5oEqUYRw/00000765.jpg	0	612	94	674	156	id0
E5A5oEqUYRw/00000912.jpg	0	268	82	397	211	id0
E5A5oEqUYRw/00000798.jpg	1	626	94	688	156	id0
E5A5oEqUYRw/00000552.jpg	0	640	94	702	156	id0
E5A5oEqUYRw/00000736.jpg	1	605	101	667	163	id0
E5A5oEqUYRw/00000746.jpg	0	612	94	674	156	id0
E5A5oEqUYRw/00000833.jpg	1	612	108	674	170	id0
E5A5oEqUYRw/00000844.jpg	0	612	108	674	170	id0
E5A5oEqUYRw/00000569.jpg	0	626	101	688	163	id0
E5A5oEqUYRw/00000680.jpg	0	584	87	646	149	id0
E5A5oEqUYRw/00000849.jpg	1	612	108	674	170	id0
E5A5oEqUYRw/00000804.jpg	0	626	94	688	156	id0
E5A5oEqUYRw/00000745.jpg	0	612	94	674	156	id0
E5A5oEqUYRw/00000658.jpg	0	612	94	674	156	id0
E5A5oEqUYRw/00000638.jpg	0	619	113	671	164	id0
E5A5oEqUYRw/00000908.jpg	0	268	67	397	196	id0
E5A5oEqUYRw/00000872.jpg	0	612	101	674	163	id0
E5A5oEqUYRw/00000717.jpg	1	619	94	681	156	id0
E5A5oEqUYRw/00000725.jpg	1	619	94	681	156	id0
E5A5oEqUYRw/00000618.jpg	0	625	101	677	153	id0
E5A5oEqUYRw/00000811.jpg	0	626	94	688	156	id0
E5A5oEqUYRw/00000852.jpg	0	612	108	674	170	id0
E5A5oEqUYRw/00000558.jpg	0	633	94	695	156	id0
E5A5oEqUYRw/00000891.jpg	0	282	110	411	239	id0
E5A5oEqUYRw/00000869.jpg	0	612	101	674	163	id0
E5A5oEqUYRw/00000712.jpg	1	619	94	681	156	id0
E5A5oEqUYRw/00000785.jpg	1	619	88	693	163	id0
E5A5oEqUYRw/00000741.jpg	1	612	101	674	163	id0
E5A5oEqUYRw/00000702.jpg	1	619	94	681	156	id0
E5A5oEqUYRw/00000655.jpg	0	612	94	674	156	id0
E5A5oEqUYRw/00000624.jpg	1	626	94	688	156	id0
E5A5oEqUYRw/00000739.jpg	1	605	101	667	163	id0
E5A5oEqUYRw/00000812.jpg	1	633	94	695	156	id0
E5A5oEqUYRw/00000557.jpg	0	633	94	695	156	id0
E5A5oEqUYRw/00000734.jpg	1	605	101	667	163	id0
E5A5oEqUYRw/00000759.jpg	0	598	94	660	156	id0
E5A5oEqUYRw/00000935.jpg	0	239	96	368	225	id0
E5A5oEqUYRw/00000831.jpg	0	612	108	674	170	id0
E5A5oEqUYRw/00000854.jpg	1	612	108	674	170	id0
E5A5oEqUYRw/00000686.jpg	0	584	87	646	149	id0
E5A5oEqUYRw/00000927.jpg	0	253	96	382	225	id0
E5A5oEqUYRw/00000829.jpg	0	612	108	674	170	id0
E5A5oEqUYRw/00000429.jpg	0	282	96	411	225	id0
E5A5oEqUYRw/00000877.jpg	0	612	94	674	156	id0
E5A5oEqUYRw/00000614.jpg	0	625	101	677	153	id0
E5A5oEqUYRw/00000918.jpg	0	268	82	397	211	id0
E5A5oEqUYRw/00000850.jpg	0	612	108	674	170	id0
E5A5oEqUYRw/00000567.jpg	0	626	101	688	163	id0
E5A5oEqUYRw/00000942.jpg	0	253	96	382	225	id0
E5A5oEqUYRw/00000828.jpg	0	612	108	674	170	id0
E5A5oEqUYRw/00000621.jpg	1	626	94	688	156	id0
E5A5oEqUYRw/00000565.jpg	0	626	94	688	156	id0
E5A5oEqUYRw/00000703.jpg	1	619	94	681	156	id0
E5A5oEqUYRw/00000671.jpg	0	602	96	677	171	id0
E5A5oEqUYRw/00000846.jpg	1	612	108	674	170	id0
E5A5oEqUYRw/00000806.jpg	1	626	94	688	156	id0
E5A5oEqUYRw/00000789.jpg	1	626	94	688	156	id0
E5A5oEqUYRw/00000886.jpg	0	610	88	685	163	id0
E5A5oEqUYRw/00000683.jpg	0	584	87	646	149	id0
E5A5oEqUYRw/00000576.jpg	0	612	115	674	177	id0
E5A5oEqUYRw/00000737.jpg	1	605	101	667	163	id0
E5A5oEqUYRw/00000696.jpg	0	619	87	681	149	id0
E5A5oEqUYRw/00000899.jpg	0	253	82	382	211	id0
E5A5oEqUYRw/00000563.jpg	0	633	94	695	156	id0
E5A5oEqUYRw/00000924.jpg	0	268	96	397	225	id0
E5A5oEqUYRw/00000704.jpg	1	619	94	681	156	id0
E5A5oEqUYRw/00000657.jpg	0	612	94	674	156	id0
E5A5oEqUYRw/00000909.jpg	0	268	82	397	211	id0
E5A5oEqUYRw/00000639.jpg	0	612	108	674	170	id0
E5A5oEqUYRw/00000847.jpg	1	612	108	674	170	id0
E5A5oEqUYRw/00000874.jpg	1	612	101	674	163	id0
E5A5oEqUYRw/00000578.jpg	0	612	115	674	177	id0
E5A5oEqUYRw/00000947.jpg	0	236	81	390	236	id0
E5A5oEqUYRw/00000825.jpg	1	225	87	287	149	id1
E5A5oEqUYRw/00000613.jpg	0	218	94	280	156	id1
E5A5oEqUYRw/00000808.jpg	0	220	80	295	155	id1
E5A5oEqUYRw/00000776.jpg	0	225	87	287	149	id1
E5A5oEqUYRw/00000699.jpg	0	218	87	280	149	id1
E5A5oEqUYRw/00000851.jpg	1	225	87	287	149	id1
E5A5oEqUYRw/00000826.jpg	0	225	87	287	149	id1
E5A5oEqUYRw/00000662.jpg	1	232	94	294	156	id1
E5A5oEqUYRw/00000862.jpg	1	225	87	287	149	id1
E5A5oEqUYRw/00000342.jpg	0	129	102	165	138	id1
E5A5oEqUYRw/00000336.jpg	0	129	102	165	138	id1
E5A5oEqUYRw/00000612.jpg	0	218	94	280	156	id1
E5A5oEqUYRw/00000635.jpg	1	232	94	294	156	id1
E5A5oEqUYRw/00000617.jpg	1	227	95	279	147	id1
E5A5oEqUYRw/00000767.jpg	0	225	87	287	149	id1
E5A5oEqUYRw/00000761.jpg	1	225	87	287	149	id1
E5A5oEqUYRw/00000701.jpg	0	212	80	287	155	id1
E5A5oEqUYRw/00000652.jpg	1	232	94	294	156	id1
E5A5oEqUYRw/00000692.jpg	1	232	94	294	156	id1
E5A5oEqUYRw/00000610.jpg	0	218	94	280	156	id1
E5A5oEqUYRw/00000602.jpg	1	222	95	273	147	id1
E5A5oEqUYRw/00000810.jpg	1	225	80	287	142	id1
E5A5oEqUYRw/00000830.jpg	0	225	87	287	149	id1
E5A5oEqUYRw/00000566.jpg	2	190	87	252	149	id1
E5A5oEqUYRw/00000609.jpg	1	218	94	280	156	id1
E5A5oEqUYRw/00000351.jpg	0	133	98	169	134	id1
E5A5oEqUYRw/00000834.jpg	1	225	87	287	149	id1
E5A5oEqUYRw/00000622.jpg	0	225	94	287	156	id1
E5A5oEqUYRw/00000711.jpg	0	204	80	278	155	id1
E5A5oEqUYRw/00000880.jpg	1	225	87	287	149	id1
E5A5oEqUYRw/00000689.jpg	1	232	94	294	156	id1
E5A5oEqUYRw/00000728.jpg	0	204	80	278	155	id1
E5A5oEqUYRw/00000715.jpg	0	204	80	278	155	id1
E5A5oEqUYRw/00000722.jpg	0	204	80	278	155	id1
E5A5oEqUYRw/00000803.jpg	1	211	87	273	149	id1
E5A5oEqUYRw/00000619.jpg	0	225	87	287	149	id1
E5A5oEqUYRw/00000756.jpg	1	225	87	287	149	id1
E5A5oEqUYRw/00000676.jpg	1	232	94	294	156	id1
E5A5oEqUYRw/00000684.jpg	1	232	101	294	163	id1
E5A5oEqUYRw/00000837.jpg	1	225	87	287	149	id1
E5A5oEqUYRw/00000775.jpg	0	225	87	287	149	id1
E5A5oEqUYRw/00000632.jpg	0	225	94	287	156	id1
E5A5oEqUYRw/00000659.jpg	0	232	94	294	156	id1
E5A5oEqUYRw/00000778.jpg	0	225	87	287	149	id1
E5A5oEqUYRw/00000687.jpg	1	232	94	294	156	id1
E5A5oEqUYRw/00000560.jpg	1	190	80	252	142	id1
E5A5oEqUYRw/00000706.jpg	0	204	80	278	155	id1
E5A5oEqUYRw/00000824.jpg	1	225	87	287	149	id1
E5A5oEqUYRw/00000328.jpg	0	129	102	165	138	id1
E5A5oEqUYRw/00000644.jpg	1	232	94	294	156	id1
E5A5oEqUYRw/00000645.jpg	1	232	94	294	156	id1
E5A5oEqUYRw/00000747.jpg	1	225	87	287	149	id1
E5A5oEqUYRw/00000763.jpg	1	225	87	287	149	id1
E5A5oEqUYRw/00000758.jpg	0	225	87	287	149	id1
E5A5oEqUYRw/00000881.jpg	1	225	87	287	149	id1
E5A5oEqUYRw/00000556.jpg	1	204	73	266	135	id1
E5A5oEqUYRw/00000781.jpg	0	225	87	287	149	id1
E5A5oEqUYRw/00000685.jpg	1	232	94	294	156	id1
E5A5oEqUYRw/00000752.jpg	1	225	87	287	149	id1
E5A5oEqUYRw/00000693.jpg	1	232	94	294	156	id1
E5A5oEqUYRw/00000636.jpg	1	232	94	294	156	id1
E5A5oEqUYRw/00000855.jpg	0	225	87	287	149	id1
E5A5oEqUYRw/00000710.jpg	0	204	80	278	155	id1
E5A5oEqUYRw/00000819.jpg	0	225	87	287	149	id1
E5A5oEqUYRw/00000853.jpg	1	225	87	287	149	id1
E5A5oEqUYRw/00000664.jpg	1	232	94	294	156	id1
E5A5oEqUYRw/00000814.jpg	0	225	87	287	149	id1
E5A5oEqUYRw/00000340.jpg	0	129	102	165	138	id1
E5A5oEqUYRw/00000754.jpg	1	225	87	287	149	id1
E5A5oEqUYRw/00000629.jpg	0	225	94	287	156	id1
E5A5oEqUYRw/00000564.jpg	1	190	80	252	142	id1
E5A5oEqUYRw/00000663.jpg	1	232	94	294	156	id1
E5A5oEqUYRw/00000793.jpg	0	211	87	273	149	id1
E5A5oEqUYRw/00000549.jpg	1	218	73	280	135	id1
E5A5oEqUYRw/00000661.jpg	1	232	94	294	156	id1
E5A5oEqUYRw/00000335.jpg	1	129	102	165	138	id1
E5A5oEqUYRw/00000762.jpg	1	225	87	287	149	id1
E5A5oEqUYRw/00000885.jpg	1	225	87	287	149	id1
E5A5oEqUYRw/00000777.jpg	0	225	87	287	149	id1
E5A5oEqUYRw/00000787.jpg	0	218	87	280	149	id1
E5A5oEqUYRw/00000749.jpg	1	225	87	287	149	id1
E5A5oEqUYRw/00000678.jpg	1	232	101	294	163	id1
E5A5oEqUYRw/00000352.jpg	0	133	98	169	134	id1
E5A5oEqUYRw/00000860.jpg	1	225	87	287	149	id1
E5A5oEqUYRw/00000665.jpg	1	232	94	294	156	id1
E5A5oEqUYRw/00000864.jpg	1	225	87	287	149	id1
E5A5oEqUYRw/00000344.jpg	1	129	98	165	134	id1
E5A5oEqUYRw/00000343.jpg	1	129	102	165	138	id1
E5A5oEqUYRw/00000751.jpg	1	225	87	287	149	id1
E5A5oEqUYRw/00000729.jpg	0	204	87	266	149	id1
E5A5oEqUYRw/00000347.jpg	0	129	98	165	134	id1
E5A5oEqUYRw/00000815.jpg	0	225	87	287	149	id1
E5A5oEqUYRw/00000669.jpg	1	232	94	294	156	id1
E5A5oEqUYRw/00000675.jpg	1	232	94	294	156	id1
E5A5oEqUYRw/00000858.jpg	1	225	87	287	149	id1
E5A5oEqUYRw/00000599.jpg	0	222	95	273	147	id1
E5A5oEqUYRw/00000845.jpg	0	225	87	287	149	id1
E5A5oEqUYRw/00000353.jpg	0	133	98	169	134	id1
E5A5oEqUYRw/00000694.jpg	1	232	94	294	156	id1
E5A5oEqUYRw/00000779.jpg	0	225	87	287	149	id1
E5A5oEqUYRw/00000820.jpg	0	225	87	287	149	id1
E5A5oEqUYRw/00000615.jpg	1	227	95	279	147	id1
E5A5oEqUYRw/00000766.jpg	0	225	87	287	149	id1
E5A5oEqUYRw/00000640.jpg	1	232	94	294	156	id1
E5A5oEqUYRw/00000611.jpg	1	218	94	280	156	id1
E5A5oEqUYRw/00000670.jpg	1	232	94	294	156	id1
E5A5oEqUYRw/00000720.jpg	0	204	80	278	155	id1
E5A5oEqUYRw/00000848.jpg	0	225	87	287	149	id1
E5A5oEqUYRw/00000878.jpg	1	225	87	287	149	id1
E5A5oEqUYRw/00000625.jpg	0	225	94	287	156	id1
E5A5oEqUYRw/00000823.jpg	0	225	87	287	149	id1
E5A5oEqUYRw/00000326.jpg	0	129	98	165	134	id1
E5A5oEqUYRw/00000842.jpg	0	225	87	287	149	id1
E5A5oEqUYRw/00000873.jpg	1	225	87	287	149	id1
E5A5oEqUYRw/00000768.jpg	0	225	87	287	149	id1
E5A5oEqUYRw/00000750.jpg	1	225	87	287	149	id1
E5A5oEqUYRw/00000835.jpg	1	225	87	287	149	id1
E5A5oEqUYRw/00000553.jpg	1	211	73	273	135	id1
E5A5oEqUYRw/00000790.jpg	0	212	80	287	155	id1
E5A5oEqUYRw/00000795.jpg	0	211	87	273	149	id1
E5A5oEqUYRw/00000884.jpg	1	225	87	287	149	id1
E5A5oEqUYRw/00000656.jpg	1	232	94	294	156	id1
E5A5oEqUYRw/00000654.jpg	1	232	94	294	156	id1
E5A5oEqUYRw/00000682.jpg	1	232	94	294	156	id1
E5A5oEqUYRw/00000889.jpg	1	225	87	287	149	id1
E5A5oEqUYRw/00000550.jpg	1	218	73	280	135	id1
E5A5oEqUYRw/00000691.jpg	1	232	94	294	156	id1
E5A5oEqUYRw/00000562.jpg	1	190	80	252	142	id1
E5A5oEqUYRw/00000748.jpg	1	225	87	287	149	id1
E5A5oEqUYRw/00000554.jpg	1	204	73	266	135	id1
E5A5oEqUYRw/00000863.jpg	1	225	87	287	149	id1
E5A5oEqUYRw/00000341.jpg	0	129	102	165	138	id1
E5A5oEqUYRw/00000325.jpg	0	129	98	165	134	id1
E5A5oEqUYRw/00000346.jpg	0	129	98	165	134	id1
E5A5oEqUYRw/00000733.jpg	0	204	80	278	155	id1
E5A5oEqUYRw/00000338.jpg	0	129	98	165	134	id1
E5A5oEqUYRw/00000714.jpg	0	204	80	278	155	id1
E5A5oEqUYRw/00000731.jpg	0	204	80	278	155	id1
E5A5oEqUYRw/00000726.jpg	0	204	87	266	149	id1
E5A5oEqUYRw/00000769.jpg	0	225	87	287	149	id1
E5A5oEqUYRw/00000672.jpg	1	232	94	294	156	id1
E5A5oEqUYRw/00000791.jpg	0	211	87	273	149	id1
E5A5oEqUYRw/00000838.jpg	1	225	87	287	149	id1
E5A5oEqUYRw/00000551.jpg	1	218	73	280	135	id1
E5A5oEqUYRw/00000800.jpg	0	204	80	278	155	id1
E5A5oEqUYRw/00000700.jpg	0	218	87	280	149	id1
E5A5oEqUYRw/00000721.jpg	0	204	80	278	155	id1
E5A5oEqUYRw/00000634.jpg	0	225	94	287	156	id1
E5A5oEqUYRw/00000713.jpg	0	204	80	278	155	id1
E5A5oEqUYRw/00000856.jpg	1	225	87	287	149	id1
E5A5oEqUYRw/00000738.jpg	0	211	87	273	149	id1
E5A5oEqUYRw/00000633.jpg	0	225	94	287	156	id1
E5A5oEqUYRw/00000796.jpg	0	211	87	273	149	id1
E5A5oEqUYRw/00000727.jpg	0	204	87	266	149	id1
E5A5oEqUYRw/00000871.jpg	1	225	87	287	149	id1
E5A5oEqUYRw/00000730.jpg	0	204	87	266	149	id1
E5A5oEqUYRw/00000620.jpg	0	225	87	287	149	id1
E5A5oEqUYRw/00000605.jpg	0	218	87	280	149	id1
E5A5oEqUYRw/00000705.jpg	0	204	80	278	155	id1
E5A5oEqUYRw/00000649.jpg	1	232	94	294	156	id1
E5A5oEqUYRw/00000732.jpg	0	204	80	278	155	id1
E5A5oEqUYRw/00000797.jpg	0	211	87	273	149	id1
E5A5oEqUYRw/00000339.jpg	0	129	102	165	138	id1
E5A5oEqUYRw/00000646.jpg	1	232	94	294	156	id1
E5A5oEqUYRw/00000788.jpg	0	212	80	287	155	id1
E5A5oEqUYRw/00000626.jpg	0	225	94	287	156	id1
E5A5oEqUYRw/00000841.jpg	0	225	87	287	149	id1
E5A5oEqUYRw/00000865.jpg	1	225	87	287	149	id1
E5A5oEqUYRw/00000350.jpg	0	133	98	169	134	id1
E5A5oEqUYRw/00000716.jpg	0	204	80	278	155	id1
E5A5oEqUYRw/00000794.jpg	0	211	87	273	149	id1
E5A5oEqUYRw/00000637.jpg	1	232	94	294	156	id1
E5A5oEqUYRw/00000822.jpg	0	225	87	287	149	id1
E5A5oEqUYRw/00000868.jpg	1	225	87	287	149	id1
E5A5oEqUYRw/00000690.jpg	1	232	94	294	156	id1
E5A5oEqUYRw/00000888.jpg	1	225	87	287	149	id1
E5A5oEqUYRw/00000709.jpg	0	204	80	278	155	id1
E5A5oEqUYRw/00000681.jpg	1	232	94	294	156	id1
E5A5oEqUYRw/00000867.jpg	1	225	87	287	149	id1
E5A5oEqUYRw/00000879.jpg	1	225	87	287	149	id1
E5A5oEqUYRw/00000653.jpg	1	232	94	294	156	id1
E5A5oEqUYRw/00000695.jpg	1	232	94	294	156	id1
E5A5oEqUYRw/00000642.jpg	1	232	94	294	156	id1
E5A5oEqUYRw/00000603.jpg	1	218	87	280	149	id1
E5A5oEqUYRw/00000801.jpg	0	204	80	278	155	id1
E5A5oEqUYRw/00000331.jpg	0	129	102	165	138	id1
E5A5oEqUYRw/00000648.jpg	1	232	94	294	156	id1
E5A5oEqUYRw/00000866.jpg	1	225	87	287	149	id1
E5A5oEqUYRw/00000783.jpg	0	225	87	287	149	id1
E5A5oEqUYRw/00000771.jpg	0	225	87	287	149	id1
E5A5oEqUYRw/00000809.jpg	1	225	80	287	142	id1
E5A5oEqUYRw/00000630.jpg	0	225	94	287	156	id1
E5A5oEqUYRw/00000859.jpg	1	225	87	287	149	id1
E5A5oEqUYRw/00000870.jpg	1	225	87	287	149	id1
E5A5oEqUYRw/00000764.jpg	1	225	87	287	149	id1
E5A5oEqUYRw/00000667.jpg	1	232	94	294	156	id1
E5A5oEqUYRw/00000718.jpg	0	204	80	278	155	id1
E5A5oEqUYRw/00000688.jpg	1	232	94	294	156	id1
E5A5oEqUYRw/00000330.jpg	0	129	102	165	138	id1
E5A5oEqUYRw/00000818.jpg	0	225	87	287	149	id1
E5A5oEqUYRw/00000887.jpg	1	225	87	287	149	id1
E5A5oEqUYRw/00000772.jpg	0	225	87	287	149	id1
E5A5oEqUYRw/00000857.jpg	1	225	87	287	149	id1
E5A5oEqUYRw/00000348.jpg	0	129	98	165	134	id1
E5A5oEqUYRw/00000333.jpg	0	129	102	165	138	id1
E5A5oEqUYRw/00000740.jpg	0	218	87	280	149	id1
E5A5oEqUYRw/00000668.jpg	1	232	94	294	156	id1
E5A5oEqUYRw/00000760.jpg	1	225	87	287	149	id1
E5A5oEqUYRw/00000802.jpg	0	211	87	273	149	id1
E5A5oEqUYRw/00000627.jpg	0	225	94	287	156	id1
E5A5oEqUYRw/00000735.jpg	0	204	80	278	155	id1
E5A5oEqUYRw/00000673.jpg	1	232	94	294	156	id1
E5A5oEqUYRw/00000753.jpg	1	225	87	287	149	id1
E5A5oEqUYRw/00000883.jpg	1	225	87	287	149	id1
E5A5oEqUYRw/00000861.jpg	1	225	87	287	149	id1
E5A5oEqUYRw/00000600.jpg	1	222	95	273	147	id1
E5A5oEqUYRw/00000813.jpg	0	225	87	287	149	id1
E5A5oEqUYRw/00000596.jpg	0	222	95	273	147	id1
E5A5oEqUYRw/00000606.jpg	0	218	87	280	149	id1
E5A5oEqUYRw/00000843.jpg	0	225	87	287	149	id1
E5A5oEqUYRw/00000724.jpg	0	204	80	278	155	id1
E5A5oEqUYRw/00000786.jpg	0	218	87	280	149	id1
E5A5oEqUYRw/00000876.jpg	1	225	87	287	149	id1
E5A5oEqUYRw/00000827.jpg	1	225	87	287	149	id1
E5A5oEqUYRw/00000631.jpg	0	225	94	287	156	id1
E5A5oEqUYRw/00000755.jpg	1	225	87	287	149	id1
E5A5oEqUYRw/00000792.jpg	0	211	87	273	149	id1
E5A5oEqUYRw/00000628.jpg	0	225	94	287	156	id1
E5A5oEqUYRw/00000559.jpg	1	197	73	259	135	id1
E5A5oEqUYRw/00000757.jpg	1	225	87	287	149	id1
E5A5oEqUYRw/00000345.jpg	0	129	98	165	134	id1
E5A5oEqUYRw/00000674.jpg	1	232	94	294	156	id1
E5A5oEqUYRw/00000641.jpg	1	232	94	294	156	id1
E5A5oEqUYRw/00000623.jpg	0	225	94	287	156	id1
E5A5oEqUYRw/00000799.jpg	0	204	80	278	155	id1
E5A5oEqUYRw/00000561.jpg	1	190	80	252	142	id1
E5A5oEqUYRw/00000723.jpg	0	204	80	278	155	id1
E5A5oEqUYRw/00000334.jpg	0	129	102	165	138	id1
E5A5oEqUYRw/00000807.jpg	0	218	87	280	149	id1
E5A5oEqUYRw/00000784.jpg	0	218	87	280	149	id1
E5A5oEqUYRw/00000349.jpg	0	133	98	169	134	id1
E5A5oEqUYRw/00000651.jpg	1	232	94	294	156	id1
E5A5oEqUYRw/00000660.jpg	0	232	94	294	156	id1
E5A5oEqUYRw/00000650.jpg	1	232	94	294	156	id1
E5A5oEqUYRw/00000708.jpg	0	204	80	278	155	id1
E5A5oEqUYRw/00000697.jpg	0	225	94	287	156	id1
E5A5oEqUYRw/00000836.jpg	0	225	87	287	149	id1
E5A5oEqUYRw/00000616.jpg	1	227	95	279	147	id1
E5A5oEqUYRw/00000742.jpg	0	218	87	280	149	id1
E5A5oEqUYRw/00000698.jpg	1	225	87	287	149	id1
E5A5oEqUYRw/00000816.jpg	0	225	87	287	149	id1
E5A5oEqUYRw/00000832.jpg	1	225	87	287	149	id1
E5A5oEqUYRw/00000719.jpg	0	204	80	278	155	id1
E5A5oEqUYRw/00000875.jpg	0	225	87	287	149	id1
E5A5oEqUYRw/00000839.jpg	0	225	87	287	149	id1
E5A5oEqUYRw/00000840.jpg	0	225	87	287	149	id1
E5A5oEqUYRw/00000707.jpg	0	204	80	278	155	id1
E5A5oEqUYRw/00000743.jpg	1	218	87	280	149	id1
E5A5oEqUYRw/00000805.jpg	0	218	87	280	149	id1
E5A5oEqUYRw/00000677.jpg	1	232	101	294	163	id1
E5A5oEqUYRw/00000817.jpg	0	225	87	287	149	id1
E5A5oEqUYRw/00000555.jpg	1	204	73	266	135	id1
E5A5oEqUYRw/00000647.jpg	1	232	94	294	156	id1
E5A5oEqUYRw/00000744.jpg	1	225	87	287	149	id1
E5A5oEqUYRw/00000679.jpg	1	232	101	294	163	id1
E5A5oEqUYRw/00000643.jpg	1	232	94	294	156	id1
E5A5oEqUYRw/00000770.jpg	0	225	87	287	149	id1
E5A5oEqUYRw/00000604.jpg	1	218	87	280	149	id1
E5A5oEqUYRw/00000882.jpg	1	225	87	287	149	id1
E5A5oEqUYRw/00000821.jpg	0	225	87	287	149	id1
E5A5oEqUYRw/00000666.jpg	1	232	94	294	156	id1
E5A5oEqUYRw/00000774.jpg	0	225	87	287	149	id1
E5A5oEqUYRw/00000765.jpg	1	225	87	287	149	id1
E5A5oEqUYRw/00000798.jpg	0	211	87	273	149	id1
E5A5oEqUYRw/00000552.jpg	1	211	73	273	135	id1
E5A5oEqUYRw/00000736.jpg	0	204	80	278	155	id1
E5A5oEqUYRw/00000746.jpg	1	225	87	287	149	id1
E5A5oEqUYRw/00000833.jpg	0	225	87	287	149	id1
E5A5oEqUYRw/00000337.jpg	0	129	98	165	134	id1
E5A5oEqUYRw/00000844.jpg	1	225	87	287	149	id1
E5A5oEqUYRw/00000782.jpg	0	225	87	287	149	id1
E5A5oEqUYRw/00000680.jpg	1	232	94	294	156	id1
E5A5oEqUYRw/00000849.jpg	0	225	87	287	149	id1
E5A5oEqUYRw/00000804.jpg	1	212	80	287	155	id1
E5A5oEqUYRw/00000601.jpg	0	218	87	280	149	id1
E5A5oEqUYRw/00000745.jpg	1	225	87	287	149	id1
E5A5oEqUYRw/00000658.jpg	1	232	94	294	156	id1
E5A5oEqUYRw/00000638.jpg	1	232	94	294	156	id1
E5A5oEqUYRw/00000329.jpg	1	129	102	165	138	id1
E5A5oEqUYRw/00000872.jpg	1	225	87	287	149	id1
E5A5oEqUYRw/00000717.jpg	0	204	80	278	155	id1
E5A5oEqUYRw/00000725.jpg	0	204	80	278	155	id1
E5A5oEqUYRw/00000618.jpg	1	225	87	287	149	id1
E5A5oEqUYRw/00000811.jpg	1	225	80	287	142	id1
E5A5oEqUYRw/00000852.jpg	1	225	87	287	149	id1
E5A5oEqUYRw/00000558.jpg	1	197	73	259	135	id1
E5A5oEqUYRw/00000780.jpg	0	225	87	287	149	id1
E5A5oEqUYRw/00000869.jpg	1	225	87	287	149	id1
E5A5oEqUYRw/00000712.jpg	0	204	80	278	155	id1
E5A5oEqUYRw/00000785.jpg	0	218	87	280	149	id1
E5A5oEqUYRw/00000741.jpg	0	218	87	280	149	id1
E5A5oEqUYRw/00000702.jpg	0	212	80	287	155	id1
E5A5oEqUYRw/00000655.jpg	1	232	94	294	156	id1
E5A5oEqUYRw/00000624.jpg	0	225	94	287	156	id1
E5A5oEqUYRw/00000739.jpg	0	218	87	280	149	id1
E5A5oEqUYRw/00000598.jpg	0	222	95	273	147	id1
E5A5oEqUYRw/00000812.jpg	0	225	87	287	149	id1
E5A5oEqUYRw/00000557.jpg	1	204	78	256	130	id1
E5A5oEqUYRw/00000734.jpg	0	204	80	278	155	id1
E5A5oEqUYRw/00000332.jpg	0	129	102	165	138	id1
E5A5oEqUYRw/00000759.jpg	1	225	87	287	149	id1
E5A5oEqUYRw/00000831.jpg	1	225	87	287	149	id1
E5A5oEqUYRw/00000854.jpg	0	225	87	287	149	id1
E5A5oEqUYRw/00000686.jpg	1	232	94	294	156	id1
E5A5oEqUYRw/00000327.jpg	0	129	98	165	134	id1
E5A5oEqUYRw/00000829.jpg	1	225	87	287	149	id1
E5A5oEqUYRw/00000877.jpg	1	225	87	287	149	id1
E5A5oEqUYRw/00000614.jpg	1	218	94	280	156	id1
E5A5oEqUYRw/00000850.jpg	1	225	87	287	149	id1
E5A5oEqUYRw/00000567.jpg	2	190	87	252	149	id1
E5A5oEqUYRw/00000828.jpg	1	225	87	287	149	id1
E5A5oEqUYRw/00000621.jpg	0	225	87	287	149	id1
E5A5oEqUYRw/00000565.jpg	2	190	87	252	149	id1
E5A5oEqUYRw/00000703.jpg	0	212	80	287	155	id1
E5A5oEqUYRw/00000671.jpg	1	232	94	294	156	id1
E5A5oEqUYRw/00000846.jpg	0	225	87	287	149	id1
E5A5oEqUYRw/00000806.jpg	0	218	87	280	149	id1
E5A5oEqUYRw/00000789.jpg	0	212	80	287	155	id1
E5A5oEqUYRw/00000886.jpg	1	225	87	287	149	id1
E5A5oEqUYRw/00000683.jpg	1	232	94	294	156	id1
E5A5oEqUYRw/00000737.jpg	0	211	87	273	149	id1
E5A5oEqUYRw/00000696.jpg	1	232	94	294	156	id1
E5A5oEqUYRw/00000563.jpg	1	190	80	252	142	id1
E5A5oEqUYRw/00000704.jpg	0	211	87	273	149	id1
E5A5oEqUYRw/00000657.jpg	1	232	94	294	156	id1
E5A5oEqUYRw/00000639.jpg	1	232	94	294	156	id1
E5A5oEqUYRw/00000773.jpg	0	225	87	287	149	id1
E5A5oEqUYRw/00000847.jpg	0	225	87	287	149	id1
E5A5oEqUYRw/00000874.jpg	0	225	87	287	149	id1
E5A5oEqUYRw/00000608.jpg	0	218	94	280	156	id1
E5A5oEqUYRw/00000607.jpg	0	218	94	280	156	id1
E5A5oEqUYRw/00000284.jpg	0	486	96	560	171	id2
E5A5oEqUYRw/00001359.jpg	0	414	96	504	186	id2
E5A5oEqUYRw/00000957.jpg	0	484	96	573	186	id2
E5A5oEqUYRw/00000143.jpg	0	508	94	570	156	id2
E5A5oEqUYRw/00001124.jpg	0	590	107	642	159	id2
E5A5oEqUYRw/00001182.jpg	0	481	94	543	156	id2
E5A5oEqUYRw/00000197.jpg	0	502	88	577	163	id2
E5A5oEqUYRw/00000204.jpg	0	501	80	563	142	id2
E5A5oEqUYRw/00000195.jpg	0	511	88	585	163	id2
E5A5oEqUYRw/00001111.jpg	0	613	95	665	147	id2
E5A5oEqUYRw/00000180.jpg	0	529	101	591	163	id2
E5A5oEqUYRw/00000097.jpg	0	563	87	626	149	id2
E5A5oEqUYRw/00001082.jpg	0	561	107	613	159	id2
E5A5oEqUYRw/00000987.jpg	0	504	96	593	186	id2
E5A5oEqUYRw/00001194.jpg	0	487	87	550	149	id2
E5A5oEqUYRw/00000035.jpg	0	544	107	596	159	id2
E5A5oEqUYRw/00001086.jpg	0	567	101	619	153	id2
E5A5oEqUYRw/00001193.jpg	0	481	87	543	149	id2
E5A5oEqUYRw/00001021.jpg	0	484	116	573	206	id2
E5A5oEqUYRw/00000122.jpg	0	536	94	598	156	id2
E5A5oEqUYRw/00000120.jpg	0	536	94	598	156	id2
E5A5oEqUYRw/00001152.jpg	0	529	94	591	156	id2
E5A5oEqUYRw/00000020.jpg	0	567	101	619	153	id2
E5A5oEqUYRw/00001220.jpg	0	487	101	550	163	id2
E5A5oEqUYRw/00000270.jpg	0	494	130	569	204	id2
E5A5oEqUYRw/00000074.jpg	0	598	80	660	142	id2
E5A5oEqUYRw/00000317.jpg	0	444	88	519	163	id2
E5A5oEqUYRw/00001037.jpg	0	454	106	544	196	id2
E5A5oEqUYRw/00000298.jpg	0	453	96	527	171	id2
E5A5oEqUYRw/00000242.jpg	0	511	88	585	163	id2
E5A5oEqUYRw/00000010.jpg	0	590	95	642	147	id2
E5A5oEqUYRw/00000085.jpg	0	598	87	660	149	id2
E5A5oEqUYRw/00000241.jpg	0	511	96	585	171	id2
E5A5oEqUYRw/00000179.jpg	0	529	101	591	163	id2
E5A5oEqUYRw/00000273.jpg	0	484	126	573	216	id2
E5A5oEqUYRw/00001077.jpg	0	556	107	607	159	id2
E5A5oEqUYRw/00000111.jpg	0	536	101	598	163	id2
E5A5oEqUYRw/00001388.jpg	0	394	116	484	206	id2
E5A5oEqUYRw/00001327.jpg	0	404	96	494	186	id2
E5A5oEqUYRw/00000099.jpg	0	557	87	619	149	id2
E5A5oEqUYRw/00001219.jpg	0	487	94	550	156	id2
E5A5oEqUYRw/00001183.jpg	0	481	94	543	156	id2
E5A5oEqUYRw/00000153.jpg	0	501	101	563	163	id2
E5A5oEqUYRw/00000119.jpg	0	536	94	598	156	id2
E5A5oEqUYRw/00000291.jpg	0	461	88	536	163	id2
E5A5oEqUYRw/00000034.jpg	0	544	107	596	159	id2
E5A5oEqUYRw/00000295.jpg	0	453	88	527	163	id2
E5A5oEqUYRw/00001047.jpg	0	444	106	534	196	id2
E5A5oEqUYRw/00000221.jpg	0	515	87	577	149	id2
E5A5oEqUYRw/00000081.jpg	0	598	87	660	149	id2
E5A5oEqUYRw/00000246.jpg	0	519	72	594	146	id2
E5A5oEqUYRw/00001206.jpg	0	494	80	557	142	id2
E5A5oEqUYRw/00001110.jpg	0	613	95	665	147	id2
E5A5oEqUYRw/00001043.jpg	0	444	106	534	196	id2
E5A5oEqUYRw/00000995.jpg	0	504	96	593	186	id2
E5A5oEqUYRw/00001339.jpg	0	414	106	504	196	id2
E5A5oEqUYRw/00001332.jpg	0	404	106	494	196	id2
E5A5oEqUYRw/00000156.jpg	0	501	101	563	163	id2
E5A5oEqUYRw/00000998.jpg	0	494	96	583	186	id2
E5A5oEqUYRw/00000102.jpg	0	550	94	612	156	id2
E5A5oEqUYRw/00001338.jpg	0	414	106	504	196	id2
E5A5oEqUYRw/00001383.jpg	0	394	106	484	196	id2
E5A5oEqUYRw/00000199.jpg	0	502	80	577	155	id2
E5A5oEqUYRw/00000136.jpg	0	515	94	577	156	id2
E5A5oEqUYRw/00000208.jpg	0	501	80	563	142	id2
E5A5oEqUYRw/00000026.jpg	0	556	101	607	153	id2
E5A5oEqUYRw/00000019.jpg	0	563	94	626	156	id2
E5A5oEqUYRw/00000224.jpg	0	515	87	577	149	id2
E5A5oEqUYRw/00000052.jpg	0	543	94	605	156	id2
E5A5oEqUYRw/00000049.jpg	0	536	101	598	163	id2
E5A5oEqUYRw/00001015.jpg	0	494	116	583	206	id2
E5A5oEqUYRw/00001137.jpg	0	557	108	619	170	id2
E5A5oEqUYRw/00001112.jpg	0	607	95	659	147	id2
E5A5oEqUYRw/00000007.jpg	0	590	95	642	147	id2
E5A5oEqUYRw/00000134.jpg	0	522	94	584	156	id2
E5A5oEqUYRw/00000253.jpg	0	502	80	577	155	id2
E5A5oEqUYRw/00001407.jpg	0	390	92	497	199	id2
E5A5oEqUYRw/00001414.jpg	0	390	92	497	199	id2
E5A5oEqUYRw/00000093.jpg	0	577	80	640	142	id2
E5A5oEqUYRw/00001375.jpg	0	394	96	484	186	id2
E5A5oEqUYRw/00000160.jpg	0	494	88	569	163	id2
E5A5oEqUYRw/00000266.jpg	0	502	121	577	196	id2
E5A5oEqUYRw/00001117.jpg	0	602	95	654	147	id2
E5A5oEqUYRw/00000954.jpg	0	484	96	573	186	id2
E5A5oEqUYRw/00001196.jpg	0	487	80	550	142	id2
E5A5oEqUYRw/00000155.jpg	0	501	101	563	163	id2
E5A5oEqUYRw/00001102.jpg	0	607	95	659	147	id2
E5A5oEqUYRw/00000974.jpg	0	527	105	602	179	id2
E5A5oEqUYRw/00000192.jpg	0	511	88	585	163	id2
E5A5oEqUYRw/00000001.jpg	0	591	87	653	149	id2
E5A5oEqUYRw/00001391.jpg	0	394	116	484	206	id2
E5A5oEqUYRw/00000256.jpg	0	511	88	585	163	id2
E5A5oEqUYRw/00000109.jpg	0	536	101	598	163	id2
E5A5oEqUYRw/00001201.jpg	0	487	80	550	142	id2
E5A5oEqUYRw/00001179.jpg	0	474	87	536	149	id2
E5A5oEqUYRw/00001347.jpg	0	414	106	504	196	id2
E5A5oEqUYRw/00000131.jpg	0	529	101	591	163	id2
E5A5oEqUYRw/00001188.jpg	0	481	87	543	149	id2
E5A5oEqUYRw/00000231.jpg	0	515	80	577	142	id2
E5A5oEqUYRw/00001365.jpg	0	402	92	509	199	id2
E5A5oEqUYRw/00000170.jpg	0	522	101	584	163	id2
E5A5oEqUYRw/00001185.jpg	0	481	87	543	149	id2
E5A5oEqUYRw/00000065.jpg	0	584	80	646	142	id2
E5A5oEqUYRw/00001408.jpg	0	390	92	497	199	id2
E5A5oEqUYRw/00000016.jpg	0	577	94	640	156	id2
E5A5oEqUYRw/00001224.jpg	0	487	101	550	163	id2
E5A5oEqUYRw/00001011.jpg	0	494	106	583	196	id2
E5A5oEqUYRw/00001126.jpg	0	584	107	636	159	id2
E5A5oEqUYRw/00000112.jpg	0	536	101	598	163	id2
E5A5oEqUYRw/00000113.jpg	0	536	101	598	163	id2
E5A5oEqUYRw/00001108.jpg	0	613	95	665	147	id2
E5A5oEqUYRw/00000238.jpg	0	511	96	585	171	id2
E5A5oEqUYRw/00001416.jpg	0	404	96	494	186	id2
E5A5oEqUYRw/00000056.jpg	0	557	87	619	149	id2
E5A5oEqUYRw/00000260.jpg	0	511	88	585	163	id2
E5A5oEqUYRw/00001197.jpg	0	487	80	550	142	id2
E5A5oEqUYRw/00001129.jpg	0	579	107	631	159	id2
E5A5oEqUYRw/00000293.jpg	0	461	88	536	163	id2
E5A5oEqUYRw/00000323.jpg	0	453	96	527	171	id2
E5A5oEqUYRw/00001393.jpg	0	378	104	485	211	id2
E5A5oEqUYRw/00000997.jpg	0	494	96	583	186	id2
E5A5oEqUYRw/00001050.jpg	0	434	106	524	196	id2
E5A5oEqUYRw/00000973.jpg	0	527	105	602	179	id2
E5A5oEqUYRw/00001093.jpg	0	590	101	642	153	id2
E5A5oEqUYRw/00001322.jpg	0	404	96	494	186	id2
E5A5oEqUYRw/00000268.jpg	0	494	130	569	204	id2
E5A5oEqUYRw/00000164.jpg	0	508	101	570	163	id2
E5A5oEqUYRw/00001386.jpg	0	394	116	484	206	id2
E5A5oEqUYRw/00000048.jpg	0	536	108	598	170	id2
E5A5oEqUYRw/00001170.jpg	0	474	87	536	149	id2
E5A5oEqUYRw/00000962.jpg	0	494	105	569	179	id2
E5A5oEqUYRw/00001066.jpg	0	561	107	613	159	id2
E5A5oEqUYRw/00000137.jpg	0	515	101	577	163	id2
E5A5oEqUYRw/00001005.jpg	0	494	96	583	186	id2
E5A5oEqUYRw/00001057.jpg	0	573	108	616	151	id2
E5A5oEqUYRw/00000104.jpg	0	543	101	605	163	id2
E5A5oEqUYRw/00000015.jpg	0	584	95	636	147	id2
E5A5oEqUYRw/00000237.jpg	0	515	101	577	163	id2
E5A5oEqUYRw/00000012.jpg	0	590	95	642	147	id2
E5A5oEqUYRw/00000089.jpg	0	591	80	653	142	id2
E5A5oEqUYRw/00001369.jpg	0	404	96	494	186	id2
E5A5oEqUYRw/00000044.jpg	0	529	108	591	170	id2
E5A5oEqUYRw/00000133.jpg	0	522	94	584	156	id2
E5A5oEqUYRw/00000087.jpg	0	598	87	660	149	id2
E5A5oEqUYRw/00001343.jpg	0	414	106	504	196	id2
E5A5oEqUYRw/00001069.jpg	0	556	107	607	159	id2
E5A5oEqUYRw/00000147.jpg	0	501	101	563	163	id2
E5A5oEqUYRw/00000151.jpg	0	501	101	563	163	id2
E5A5oEqUYRw/00000226.jpg	0	511	80	585	155	id2
E5A5oEqUYRw/00001413.jpg	0	404	106	494	196	id2
E5A5oEqUYRw/00001390.jpg	0	394	116	484	206	id2
E5A5oEqUYRw/00000335.jpg	0	673	102	709	138	id2
E5A5oEqUYRw/00000964.jpg	0	494	96	583	186	id2
E5A5oEqUYRw/00000306.jpg	0	444	88	519	163	id2
E5A5oEqUYRw/00001156.jpg	0	515	94	577	156	id2
E5A5oEqUYRw/00001355.jpg	0	414	96	504	186	id2
E5A5oEqUYRw/00001054.jpg	0	434	106	524	196	id2
E5A5oEqUYRw/00000239.jpg	0	511	96	585	171	id2
E5A5oEqUYRw/00000011.jpg	0	590	95	642	147	id2
E5A5oEqUYRw/00001139.jpg	0	561	107	613	159	id2
E5A5oEqUYRw/00001148.jpg	0	543	94	605	156	id2
E5A5oEqUYRw/00001205.jpg	0	494	80	557	142	id2
E5A5oEqUYRw/00001135.jpg	0	567	113	619	164	id2
E5A5oEqUYRw/00000956.jpg	0	484	96	573	186	id2
E5A5oEqUYRw/00000064.jpg	0	584	84	636	136	id2
E5A5oEqUYRw/00001186.jpg	0	481	87	543	149	id2
E5A5oEqUYRw/00001409.jpg	0	390	92	497	199	id2
E5A5oEqUYRw/00000072.jpg	0	598	80	660	142	id2
E5A5oEqUYRw/00001382.jpg	0	394	106	484	196	id2
E5A5oEqUYRw/00000263.jpg	0	502	105	577	179	id2
E5A5oEqUYRw/00000232.jpg	0	515	80	577	142	id2
E5A5oEqUYRw/00000185.jpg	0	529	101	591	163	id2
E5A5oEqUYRw/00001349.jpg	0	414	106	504	196	id2
E5A5oEqUYRw/00001078.jpg	0	556	107	607	159	id2
E5A5oEqUYRw/00001202.jpg	0	487	80	550	142	id2
E5A5oEqUYRw/00000062.jpg	0	577	80	640	142	id2
E5A5oEqUYRw/00000045.jpg	0	529	108	591	170	id2
E5A5oEqUYRw/00000296.jpg	0	453	88	527	163	id2
E5A5oEqUYRw/00000269.jpg	0	494	130	569	204	id2
E5A5oEqUYRw/00001211.jpg	0	487	87	550	149	id2
E5A5oEqUYRw/00000172.jpg	0	522	101	584	163	id2
E5A5oEqUYRw/00000196.jpg	0	502	88	577	163	id2
E5A5oEqUYRw/00001121.jpg	0	596	101	648	153	id2
E5A5oEqUYRw/00000304.jpg	0	444	88	519	163	id2
E5A5oEqUYRw/00001048.jpg	0	444	106	534	196	id2
E5A5oEqUYRw/00001362.jpg	0	414	96	504	186	id2
E5A5oEqUYRw/00001326.jpg	0	404	96	494	186	id2
E5A5oEqUYRw/00000289.jpg	0	469	96	544	171	id2
E5A5oEqUYRw/00001402.jpg	0	378	92	485	199	id2
E5A5oEqUYRw/00000039.jpg	0	529	101	591	163	id2
E5A5oEqUYRw/00001039.jpg	0	454	106	544	196	id2
E5A5oEqUYRw/00001354.jpg	0	414	96	504	186	id2
E5A5oEqUYRw/00000126.jpg	0	529	94	591	156	id2
E5A5oEqUYRw/00001033.jpg	0	464	106	554	196	id2
E5A5oEqUYRw/00001046.jpg	0	444	106	534	196	id2
E5A5oEqUYRw/00001341.jpg	0	414	106	504	196	id2
E5A5oEqUYRw/00000234.jpg	0	515	87	577	149	id2
E5A5oEqUYRw/00000324.jpg	0	453	96	527	171	id2
E5A5oEqUYRw/00000086.jpg	0	598	87	660	149	id2
E5A5oEqUYRw/00000302.jpg	0	444	88	519	163	id2
E5A5oEqUYRw/00000002.jpg	0	596	95	648	147	id2
E5A5oEqUYRw/00000135.jpg	0	522	94	584	156	id2
E5A5oEqUYRw/00001187.jpg	0	481	87	543	149	id2
E5A5oEqUYRw/00000163.jpg	0	508	94	570	156	id2
E5A5oEqUYRw/00000243.jpg	0	511	88	585	163	id2
E5A5oEqUYRw/00001175.jpg	0	474	87	536	149	id2
E5A5oEqUYRw/00001003.jpg	0	494	96	583	186	id2
E5A5oEqUYRw/00001095.jpg	0	596	95	648	147	id2
E5A5oEqUYRw/00001049.jpg	0	444	106	534	196	id2
E5A5oEqUYRw/00001074.jpg	0	559	113	602	156	id2
E5A5oEqUYRw/00000046.jpg	0	529	108	591	170	id2
E5A5oEqUYRw/00001151.jpg	0	529	94	591	156	id2
E5A5oEqUYRw/00001059.jpg	0	567	107	619	159	id2
E5A5oEqUYRw/00000023.jpg	0	561	101	613	153	id2
E5A5oEqUYRw/00001056.jpg	0	434	106	524	196	id2
E5A5oEqUYRw/00001387.jpg	0	394	116	484	206	id2
E5A5oEqUYRw/00000222.jpg	0	515	87	577	149	id2
E5A5oEqUYRw/00001076.jpg	0	556	107	607	159	id2
E5A5oEqUYRw/00000981.jpg	0	514	96	603	186	id2
E5A5oEqUYRw/00000043.jpg	0	529	108	591	170	id2
E5A5oEqUYRw/00001060.jpg	0	568	108	612	151	id2
E5A5oEqUYRw/00000139.jpg	0	515	101	577	163	id2
E5A5oEqUYRw/00000060.jpg	0	570	80	633	142	id2
E5A5oEqUYRw/00000025.jpg	0	550	94	612	156	id2
E5A5oEqUYRw/00000262.jpg	0	502	105	577	179	id2
E5A5oEqUYRw/00001216.jpg	0	487	94	550	156	id2
E5A5oEqUYRw/00000177.jpg	0	529	101	591	163	id2
E5A5oEqUYRw/00001323.jpg	0	404	96	494	186	id2
E5A5oEqUYRw/00001038.jpg	0	454	106	544	196	id2
E5A5oEqUYRw/00000174.jpg	0	522	101	584	163	id2
E5A5oEqUYRw/00000018.jpg	0	570	94	633	156	id2
E5A5oEqUYRw/00001081.jpg	0	564	108	607	151	id2
E5A5oEqUYRw/00000055.jpg	0	557	87	619	149	id2
E5A5oEqUYRw/00001089.jpg	0	573	101	625	153	id2
E5A5oEqUYRw/00000977.jpg	0	527	105	602	179	id2
E5A5oEqUYRw/00000004.jpg	0	596	95	648	147	id2
E5A5oEqUYRw/00001149.jpg	0	536	94	598	156	id2
E5A5oEqUYRw/00000294.jpg	0	453	88	527	163	id2
E5A5oEqUYRw/00001026.jpg	0	464	106	554	196	id2
E5A5oEqUYRw/00000223.jpg	0	515	87	577	149	id2
E5A5oEqUYRw/00000115.jpg	0	536	101	598	163	id2
E5A5oEqUYRw/00000207.jpg	0	501	80	563	142	id2
E5A5oEqUYRw/00001020.jpg	0	494	121	569	196	id2
E5A5oEqUYRw/00001134.jpg	0	563	108	626	170	id2
E5A5oEqUYRw/00000986.jpg	0	504	96	593	186	id2
E5A5oEqUYRw/00000285.jpg	0	486	96	560	171	id2
E5A5oEqUYRw/00001107.jpg	0	613	95	665	147	id2
E5A5oEqUYRw/00001094.jpg	0	590	95	642	147	id2
E5A5oEqUYRw/00001189.jpg	0	481	87	543	149	id2
E5A5oEqUYRw/00001395.jpg	0	378	104	485	211	id2
E5A5oEqUYRw/00001345.jpg	0	414	106	504	196	id2
E5A5oEqUYRw/00000146.jpg	0	501	94	563	156	id2
E5A5oEqUYRw/00001356.jpg	0	414	96	504	186	id2
E5A5oEqUYRw/00001389.jpg	0	394	116	484	206	id2
E5A5oEqUYRw/00000267.jpg	0	494	121	569	196	id2
E5A5oEqUYRw/00001009.jpg	0	494	106	583	196	id2
E5A5oEqUYRw/00000138.jpg	0	515	101	577	163	id2
E5A5oEqUYRw/00000132.jpg	0	522	94	584	156	id2
E5A5oEqUYRw/00001087.jpg	0	573	101	625	153	id2
E5A5oEqUYRw/00001350.jpg	0	414	106	504	196	id2
E5A5oEqUYRw/00000252.jpg	0	502	80	577	155	id2
E5A5oEqUYRw/00001207.jpg	0	494	87	557	149	id2
E5A5oEqUYRw/00001017.jpg	0	494	116	583	206	id2
E5A5oEqUYRw/00001399.jpg	0	378	104	485	211	id2
E5A5oEqUYRw/00000310.jpg	0	444	88	519	163	id2
E5A5oEqUYRw/00000140.jpg	0	515	101	577	163	id2
E5A5oEqUYRw/00001377.jpg	0	394	106	484	196	id2
E5A5oEqUYRw/00000182.jpg	0	529	101	591	163	id2
E5A5oEqUYRw/00001166.jpg	0	481	87	543	149	id2
E5A5oEqUYRw/00001012.jpg	0	494	116	583	206	id2
E5A5oEqUYRw/00000992.jpg	0	519	105	594	179	id2
E5A5oEqUYRw/00000320.jpg	0	444	88	519	163	id2
E5A5oEqUYRw/00001105.jpg	0	613	95	665	147	id2
E5A5oEqUYRw/00001153.jpg	0	522	94	584	156	id2
E5A5oEqUYRw/00001321.jpg	0	404	96	494	186	id2
E5A5oEqUYRw/00001371.jpg	0	394	96	484	186	id2
E5A5oEqUYRw/00000128.jpg	0	529	94	591	156	id2
E5A5oEqUYRw/00001028.jpg	0	454	106	544	196	id2
E5A5oEqUYRw/00001161.jpg	0	494	87	557	149	id2
E5A5oEqUYRw/00000201.jpg	0	494	80	569	155	id2
E5A5oEqUYRw/00000190.jpg	0	522	101	584	163	id2
E5A5oEqUYRw/00000290.jpg	0	461	88	536	163	id2
E5A5oEqUYRw/00000036.jpg	0	536	101	598	163	id2
E5A5oEqUYRw/00000313.jpg	0	444	88	519	163	id2
E5A5oEqUYRw/00000272.jpg	0	494	130	569	204	id2
E5A5oEqUYRw/00001042.jpg	0	444	106	534	196	id2
E5A5oEqUYRw/00000244.jpg	0	519	80	594	155	id2
E5A5oEqUYRw/00001401.jpg	0	378	92	485	199	id2
E5A5oEqUYRw/00000958.jpg	0	484	96	573	186	id2
E5A5oEqUYRw/00001400.jpg	0	378	104	485	211	id2
E5A5oEqUYRw/00000040.jpg	0	529	101	591	163	id2
E5A5oEqUYRw/00001034.jpg	0	464	106	554	196	id2
E5A5oEqUYRw/00000105.jpg	0	543	101	605	163	id2
E5A5oEqUYRw/00000292.jpg	0	461	88	536	163	id2
E5A5oEqUYRw/00000165.jpg	0	515	101	577	163	id2
E5A5oEqUYRw/00000228.jpg	0	515	80	577	142	id2
E5A5oEqUYRw/00001404.jpg	0	394	106	484	196	id2
E5A5oEqUYRw/00000157.jpg	0	501	101	563	163	id2
E5A5oEqUYRw/00000968.jpg	0	519	105	594	179	id2
E5A5oEqUYRw/00001157.jpg	0	515	95	567	147	id2
E5A5oEqUYRw/00000057.jpg	0	563	87	626	149	id2
E5A5oEqUYRw/00000184.jpg	0	529	101	591	163	id2
E5A5oEqUYRw/00001324.jpg	0	404	96	494	186	id2
E5A5oEqUYRw/00001176.jpg	0	474	87	536	149	id2
E5A5oEqUYRw/00000186.jpg	0	529	101	591	163	id2
E5A5oEqUYRw/00000042.jpg	0	529	108	591	170	id2
E5A5oEqUYRw/00000033.jpg	0	543	101	605	163	id2
E5A5oEqUYRw/00001340.jpg	0	414	106	504	196	id2
E5A5oEqUYRw/00001088.jpg	0	573	101	625	153	id2
E5A5oEqUYRw/00000210.jpg	0	501	80	563	142	id2
E5A5oEqUYRw/00001221.jpg	0	487	101	550	163	id2
E5A5oEqUYRw/00000321.jpg	0	444	88	519	163	id2
E5A5oEqUYRw/00001125.jpg	0	590	107	642	159	id2
E5A5oEqUYRw/00001041.jpg	0	444	106	534	196	id2
E5A5oEqUYRw/00001328.jpg	0	404	96	494	186	id2
E5A5oEqUYRw/00001200.jpg	0	487	80	550	142	id2
E5A5oEqUYRw/00000183.jpg	0	529	101	591	163	id2
E5A5oEqUYRw/00000211.jpg	0	501	80	563	142	id2
E5A5oEqUYRw/00000009.jpg	0	590	95	642	147	id2
E5A5oEqUYRw/00001030.jpg	0	454	106	544	196	id2
E5A5oEqUYRw/00001199.jpg	0	487	80	550	142	id2
E5A5oEqUYRw/00001115.jpg	0	607	95	659	147	id2
E5A5oEqUYRw/00001174.jpg	0	474	87	536	149	id2
E5A5oEqUYRw/00000963.jpg	0	494	96	583	186	id2
E5A5oEqUYRw/00001212.jpg	0	487	87	550	149	id2
E5A5oEqUYRw/00001195.jpg	0	487	87	550	149	id2
E5A5oEqUYRw/00000096.jpg	0	570	87	633	149	id2
E5A5oEqUYRw/00001208.jpg	0	494	87	557	149	id2
E5A5oEqUYRw/00001068.jpg	0	564	113	607	156	id2
E5A5oEqUYRw/00000068.jpg	0	591	80	653	142	id2
E5A5oEqUYRw/00001027.jpg	0	464	106	554	196	id2
E5A5oEqUYRw/00001330.jpg	0	404	96	494	186	id2
E5A5oEqUYRw/00000024.jpg	0	561	101	613	153	id2
E5A5oEqUYRw/00001023.jpg	0	474	116	563	206	id2
E5A5oEqUYRw/00001045.jpg	0	444	106	534	196	id2
E5A5oEqUYRw/00000202.jpg	0	494	80	569	155	id2
E5A5oEqUYRw/00001412.jpg	0	404	106	494	196	id2
E5A5oEqUYRw/00001073.jpg	0	559	113	602	156	id2
E5A5oEqUYRw/00001158.jpg	0	508	94	570	156	id2
E5A5oEqUYRw/00001169.jpg	0	474	87	536	149	id2
E5A5oEqUYRw/00000050.jpg	0	544	101	596	153	id2
E5A5oEqUYRw/00000075.jpg	0	598	80	660	142	id2
E5A5oEqUYRw/00001061.jpg	0	568	108	612	151	id2
E5A5oEqUYRw/00000171.jpg	0	522	101	584	163	id2
E5A5oEqUYRw/00000070.jpg	0	591	80	653	142	id2
E5A5oEqUYRw/00001405.jpg	0	394	96	484	186	id2
E5A5oEqUYRw/00000121.jpg	0	536	94	598	156	id2
E5A5oEqUYRw/00001036.jpg	0	454	106	544	196	id2
E5A5oEqUYRw/00001013.jpg	0	494	116	583	206	id2
E5A5oEqUYRw/00001051.jpg	0	434	106	524	196	id2
E5A5oEqUYRw/00001177.jpg	0	474	87	536	149	id2
E5A5oEqUYRw/00000961.jpg	0	494	105	569	179	id2
E5A5oEqUYRw/00001104.jpg	0	613	95	665	147	id2
E5A5oEqUYRw/00000311.jpg	0	444	88	519	163	id2
E5A5oEqUYRw/00000206.jpg	0	501	80	563	142	id2
E5A5oEqUYRw/00001360.jpg	0	414	96	504	186	id2
E5A5oEqUYRw/00000970.jpg	0	514	96	603	186	id2
E5A5oEqUYRw/00000219.jpg	0	502	80	577	155	id2
E5A5oEqUYRw/00001370.jpg	0	390	80	497	187	id2
E5A5oEqUYRw/00001155.jpg	0	515	94	577	156	id2
E5A5oEqUYRw/00000161.jpg	0	508	94	570	156	id2
E5A5oEqUYRw/00000063.jpg	0	577	80	640	142	id2
E5A5oEqUYRw/00000960.jpg	0	484	96	573	186	id2
E5A5oEqUYRw/00001213.jpg	0	487	94	550	156	id2
E5A5oEqUYRw/00000051.jpg	0	543	94	605	156	id2
E5A5oEqUYRw/00000059.jpg	0	573	90	625	141	id2
E5A5oEqUYRw/00000129.jpg	0	529	94	591	156	id2
E5A5oEqUYRw/00001065.jpg	0	561	107	613	159	id2
E5A5oEqUYRw/00001029.jpg	0	454	106	544	196	id2
E5A5oEqUYRw/00001406.jpg	0	390	92	497	199	id2
E5A5oEqUYRw/00000286.jpg	0	486	96	560	171	id2
E5A5oEqUYRw/00001040.jpg	0	444	106	534	196	id2
E5A5oEqUYRw/00001160.jpg	0	504	95	556	147	id2
E5A5oEqUYRw/00001223.jpg	0	487	101	550	163	id2
E5A5oEqUYRw/00001016.jpg	0	494	116	583	206	id2
E5A5oEqUYRw/00000980.jpg	0	514	96	603	186	id2
E5A5oEqUYRw/00000061.jpg	0	579	84	631	136	id2
E5A5oEqUYRw/00000322.jpg	0	444	86	534	176	id2
E5A5oEqUYRw/00001374.jpg	0	394	96	484	186	id2
E5A5oEqUYRw/00000108.jpg	0	536	101	598	163	id2
E5A5oEqUYRw/00000217.jpg	0	508	87	570	149	id2
E5A5oEqUYRw/00001133.jpg	0	563	108	626	170	id2
E5A5oEqUYRw/00000006.jpg	0	590	95	642	147	id2
E5A5oEqUYRw/00001147.jpg	0	543	94	605	156	id2
E5A5oEqUYRw/00000299.jpg	0	453	96	527	171	id2
E5A5oEqUYRw/00001025.jpg	0	464	106	554	196	id2
E5A5oEqUYRw/00001010.jpg	0	494	106	583	196	id2
E5A5oEqUYRw/00001218.jpg	0	487	94	550	156	id2
E5A5oEqUYRw/00000003.jpg	0	596	95	648	147	id2
E5A5oEqUYRw/00000017.jpg	0	579	101	631	153	id2
E5A5oEqUYRw/00001209.jpg	0	486	80	560	155	id2
E5A5oEqUYRw/00000124.jpg	0	536	94	598	156	id2
E5A5oEqUYRw/00000250.jpg	0	511	88	585	163	id2
E5A5oEqUYRw/00001336.jpg	0	404	106	494	196	id2
E5A5oEqUYRw/00000100.jpg	0	550	94	612	156	id2
E5A5oEqUYRw/00001083.jpg	0	561	101	613	153	id2
E5A5oEqUYRw/00000297.jpg	0	453	96	527	171	id2
E5A5oEqUYRw/00001118.jpg	0	602	95	654	147	id2
E5A5oEqUYRw/00000030.jpg	0	543	94	605	156	id2
E5A5oEqUYRw/00001192.jpg	0	481	87	543	149	id2
E5A5oEqUYRw/00000251.jpg	0	502	88	577	163	id2
E5A5oEqUYRw/00000079.jpg	0	598	80	660	142	id2
E5A5oEqUYRw/00001032.jpg	0	454	106	544	196	id2
E5A5oEqUYRw/00000022.jpg	0	561	101	613	153	id2
E5A5oEqUYRw/00001035.jpg	0	464	106	554	196	id2
E5A5oEqUYRw/00000162.jpg	0	508	94	570	156	id2
E5A5oEqUYRw/00000038.jpg	0	529	101	591	163	id2
E5A5oEqUYRw/00000258.jpg	0	511	88	585	163	id2
E5A5oEqUYRw/00001103.jpg	0	613	95	665	147	id2
E5A5oEqUYRw/00000191.jpg	0	511	88	585	163	id2
E5A5oEqUYRw/00001397.jpg	0	378	104	485	211	id2
E5A5oEqUYRw/00000189.jpg	0	519	96	594	171	id2
E5A5oEqUYRw/00001044.jpg	0	444	106	534	196	id2
E5A5oEqUYRw/00001090.jpg	0	579	101	631	153	id2
E5A5oEqUYRw/00000953.jpg	0	484	106	573	196	id2
E5A5oEqUYRw/00001367.jpg	0	404	96	494	186	id2
E5A5oEqUYRw/00000301.jpg	0	444	88	519	163	id2
E5A5oEqUYRw/00001222.jpg	0	487	101	550	163	id2
E5A5oEqUYRw/00000067.jpg	0	591	80	653	142	id2
E5A5oEqUYRw/00001191.jpg	0	481	87	543	149	id2
E5A5oEqUYRw/00000216.jpg	0	508	87	570	149	id2
E5A5oEqUYRw/00000130.jpg	0	529	94	591	156	id2
E5A5oEqUYRw/00000215.jpg	0	508	87	570	149	id2
E5A5oEqUYRw/00001140.jpg	0	557	101	619	163	id2
E5A5oEqUYRw/00000950.jpg	0	494	113	569	188	id2
E5A5oEqUYRw/00000989.jpg	0	504	96	593	186	id2
E5A5oEqUYRw/00000005.jpg	0	590	95	642	147	id2
E5A5oEqUYRw/00001373.jpg	0	394	96	484	186	id2
E5A5oEqUYRw/00000176.jpg	0	529	101	591	163	id2
E5A5oEqUYRw/00000991.jpg	0	504	96	593	186	id2
E5A5oEqUYRw/00000066.jpg	0	584	80	646	142	id2
E5A5oEqUYRw/00000259.jpg	0	511	88	585	163	id2
E5A5oEqUYRw/00000021.jpg	0	567	101	619	153	id2
E5A5oEqUYRw/00000198.jpg	0	502	88	577	163	id2
E5A5oEqUYRw/00000271.jpg	0	494	130	569	204	id2
E5A5oEqUYRw/00000090.jpg	0	591	80	653	142	id2
E5A5oEqUYRw/00000175.jpg	0	529	101	591	163	id2
E5A5oEqUYRw/00000988.jpg	0	504	96	593	186	id2
E5A5oEqUYRw/00000305.jpg	0	444	88	519	163	id2
E5A5oEqUYRw/00001000.jpg	0	494	96	583	186	id2
E5A5oEqUYRw/00001396.jpg	0	378	104	485	211	id2
E5A5oEqUYRw/00001136.jpg	0	557	108	619	170	id2
E5A5oEqUYRw/00000979.jpg	0	514	96	603	186	id2
E5A5oEqUYRw/00000187.jpg	0	519	96	594	171	id2
E5A5oEqUYRw/00001007.jpg	0	494	106	583	196	id2
E5A5oEqUYRw/00000069.jpg	0	591	80	653	142	id2
E5A5oEqUYRw/00001163.jpg	0	487	87	550	149	id2
E5A5oEqUYRw/00000148.jpg	0	501	101	563	163	id2
E5A5oEqUYRw/00000264.jpg	0	502	113	577	188	id2
E5A5oEqUYRw/00001008.jpg	0	494	106	583	196	id2
E5A5oEqUYRw/00000150.jpg	0	501	101	563	163	id2
E5A5oEqUYRw/00001331.jpg	0	404	96	494	186	id2
E5A5oEqUYRw/00001337.jpg	0	402	92	509	199	id2
E5A5oEqUYRw/00000103.jpg	0	543	94	605	156	id2
E5A5oEqUYRw/00000167.jpg	0	515	101	577	163	id2
E5A5oEqUYRw/00000990.jpg	0	504	96	593	186	id2
E5A5oEqUYRw/00001346.jpg	0	414	106	504	196	id2
E5A5oEqUYRw/00001384.jpg	0	394	106	484	196	id2
E5A5oEqUYRw/00001031.jpg	0	454	106	544	196	id2
E5A5oEqUYRw/00000118.jpg	0	536	94	598	156	id2
E5A5oEqUYRw/00000955.jpg	0	484	96	573	186	id2
E5A5oEqUYRw/00001381.jpg	0	394	106	484	196	id2
E5A5oEqUYRw/00001364.jpg	0	414	96	504	186	id2
E5A5oEqUYRw/00000029.jpg	0	543	94	605	156	id2
E5A5oEqUYRw/00001122.jpg	0	596	101	648	153	id2
E5A5oEqUYRw/00000188.jpg	0	519	96	594	171	id2
E5A5oEqUYRw/00000031.jpg	0	543	94	605	156	id2
E5A5oEqUYRw/00001150.jpg	0	538	95	590	147	id2
E5A5oEqUYRw/00000077.jpg	0	598	80	660	142	id2
E5A5oEqUYRw/00001159.jpg	0	501	87	563	149	id2
E5A5oEqUYRw/00001203.jpg	0	494	80	557	142	id2
E5A5oEqUYRw/00001058.jpg	0	573	108	616	151	id2
E5A5oEqUYRw/00001053.jpg	0	434	106	524	196	id2
E5A5oEqUYRw/00001215.jpg	0	487	94	550	156	id2
E5A5oEqUYRw/00001348.jpg	0	414	106	504	196	id2
E5A5oEqUYRw/00000106.jpg	0	543	101	605	163	id2
E5A5oEqUYRw/00000312.jpg	0	444	88	519	163	id2
E5A5oEqUYRw/00000984.jpg	0	519	105	594	179	id2
E5A5oEqUYRw/00001002.jpg	0	494	96	583	186	id2
E5A5oEqUYRw/00001164.jpg	0	481	87	543	149	id2
E5A5oEqUYRw/00001334.jpg	0	404	106	494	196	id2
E5A5oEqUYRw/00000098.jpg	0	557	87	619	149	id2
E5A5oEqUYRw/00001329.jpg	0	404	96	494	186	id2
E5A5oEqUYRw/00001091.jpg	0	579	101	631	153	id2
E5A5oEqUYRw/00000309.jpg	0	444	88	519	163	id2
E5A5oEqUYRw/00001063.jpg	0	561	107	613	159	id2
E5A5oEqUYRw/00001204.jpg	0	494	80	557	142	id2
E5A5oEqUYRw/00001190.jpg	0	481	87	543	149	id2
E5A5oEqUYRw/00000257.jpg	0	511	88	585	163	id2
E5A5oEqUYRw/00001019.jpg	0	494	116	583	206	id2
E5A5oEqUYRw/00000142.jpg	0	508	94	570	156	id2
E5A5oEqUYRw/00001379.jpg	0	394	106	484	196	id2
E5A5oEqUYRw/00000213.jpg	0	501	80	563	142	id2
E5A5oEqUYRw/00001067.jpg	0	561	107	613	159	id2
E5A5oEqUYRw/00001146.jpg	0	550	94	612	156	id2
E5A5oEqUYRw/00001361.jpg	0	414	96	504	186	id2
E5A5oEqUYRw/00001403.jpg	0	378	92	485	199	id2
E5A5oEqUYRw/00000141.jpg	0	508	101	570	163	id2
E5A5oEqUYRw/00001138.jpg	0	561	107	613	159	id2
E5A5oEqUYRw/00000969.jpg	0	514	96	603	186	id2
E5A5oEqUYRw/00001123.jpg	0	596	107	648	159	id2
E5A5oEqUYRw/00000088.jpg	0	598	80	660	142	id2
E5A5oEqUYRw/00000032.jpg	0	543	101	605	163	id2
E5A5oEqUYRw/00000994.jpg	0	504	96	593	186	id2
E5A5oEqUYRw/00000227.jpg	0	515	80	577	142	id2
E5A5oEqUYRw/00000316.jpg	0	444	88	519	163	id2
E5A5oEqUYRw/00001113.jpg	0	607	95	659	147	id2
E5A5oEqUYRw/00000212.jpg	0	501	80	563	142	id2
E5A5oEqUYRw/00000014.jpg	0	584	87	646	149	id2
E5A5oEqUYRw/00001172.jpg	0	474	87	536	149	id2
E5A5oEqUYRw/00000193.jpg	0	511	88	585	163	id2
E5A5oEqUYRw/00001131.jpg	0	573	113	625	164	id2
E5A5oEqUYRw/00000993.jpg	0	504	96	593	186	id2
E5A5oEqUYRw/00000978.jpg	0	527	105	602	179	id2
E5A5oEqUYRw/00001106.jpg	0	613	95	665	147	id2
E5A5oEqUYRw/00000082.jpg	0	607	90	659	141	id2
E5A5oEqUYRw/00000041.jpg	0	529	108	591	170	id2
E5A5oEqUYRw/00001098.jpg	0	602	95	654	147	id2
E5A5oEqUYRw/00000152.jpg	0	501	101	563	163	id2
E5A5oEqUYRw/00001165.jpg	0	481	87	543	149	id2
E5A5oEqUYRw/00000281.jpg	0	486	105	560	179	id2
E5A5oEqUYRw/00000194.jpg	0	511	88	585	163	id2
E5A5oEqUYRw/00000230.jpg	0	515	80	577	142	id2
E5A5oEqUYRw/00001398.jpg	0	378	104	485	211	id2
E5A5oEqUYRw/00000181.jpg	0	529	101	591	163	id2
E5A5oEqUYRw/00000027.jpg	0	556	101	607	153	id2
E5A5oEqUYRw/00001181.jpg	0	481	94	543	156	id2
E5A5oEqUYRw/00000200.jpg	0	501	87	563	149	id2
E5A5oEqUYRw/00000983.jpg	0	514	96	603	186	id2
E5A5oEqUYRw/00000053.jpg	0	550	94	612	156	id2
E5A5oEqUYRw/00000951.jpg	0	494	113	569	188	id2
E5A5oEqUYRw/00001014.jpg	0	494	116	583	206	id2
E5A5oEqUYRw/00001415.jpg	0	404	96	494	186	id2
E5A5oEqUYRw/00001372.jpg	0	394	96	484	186	id2
E5A5oEqUYRw/00000123.jpg	0	536	94	598	156	id2
E5A5oEqUYRw/00000949.jpg	0	494	113	569	188	id2
E5A5oEqUYRw/00000959.jpg	0	484	96	573	186	id2
E5A5oEqUYRw/00000248.jpg	0	511	80	585	155	id2
E5A5oEqUYRw/00000083.jpg	0	607	90	659	141	id2
E5A5oEqUYRw/00001085.jpg	0	567	101	619	153	id2
E5A5oEqUYRw/00000154.jpg	0	501	101	563	163	id2
E5A5oEqUYRw/00000303.jpg	0	444	88	519	163	id2
E5A5oEqUYRw/00000965.jpg	0	511	105	585	179	id2
E5A5oEqUYRw/00001022.jpg	0	484	116	573	206	id2
E5A5oEqUYRw/00001055.jpg	0	434	106	524	196	id2
E5A5oEqUYRw/00001062.jpg	0	568	108	612	151	id2
E5A5oEqUYRw/00000116.jpg	0	536	94	598	156	id2
E5A5oEqUYRw/00001096.jpg	0	596	95	648	147	id2
E5A5oEqUYRw/00001128.jpg	0	577	108	640	170	id2
E5A5oEqUYRw/00000214.jpg	0	508	87	570	149	id2
E5A5oEqUYRw/00000282.jpg	0	486	105	560	179	id2
E5A5oEqUYRw/00001100.jpg	0	607	95	659	147	id2
E5A5oEqUYRw/00001064.jpg	0	561	107	613	159	id2
E5A5oEqUYRw/00000972.jpg	0	527	105	602	179	id2
E5A5oEqUYRw/00001178.jpg	0	474	87	536	149	id2
E5A5oEqUYRw/00001198.jpg	0	487	80	550	142	id2
E5A5oEqUYRw/00000249.jpg	0	511	80	585	155	id2
E5A5oEqUYRw/00001352.jpg	0	414	96	504	186	id2
E5A5oEqUYRw/00001070.jpg	0	556	107	607	159	id2
E5A5oEqUYRw/00001342.jpg	0	414	106	504	196	id2
E5A5oEqUYRw/00000318.jpg	0	444	88	519	163	id2
E5A5oEqUYRw/00000114.jpg	0	536	101	598	163	id2
E5A5oEqUYRw/00001084.jpg	0	561	101	613	153	id2
E5A5oEqUYRw/00000037.jpg	0	538	107	590	159	id2
E5A5oEqUYRw/00001130.jpg	0	570	108	633	170	id2
E5A5oEqUYRw/00001144.jpg	0	550	94	612	156	id2
E5A5oEqUYRw/00000287.jpg	0	478	96	552	171	id2
E5A5oEqUYRw/00000307.jpg	0	444	88	519	163	id2
E5A5oEqUYRw/00001333.jpg	0	404	106	494	196	id2
E5A5oEqUYRw/00000008.jpg	0	590	95	642	147	id2
E5A5oEqUYRw/00001358.jpg	0	414	96	504	186	id2
E5A5oEqUYRw/00000054.jpg	0	556	95	607	147	id2
E5A5oEqUYRw/00000283.jpg	0	486	96	560	171	id2
E5A5oEqUYRw/00001162.jpg	0	487	87	550	149	id2
E5A5oEqUYRw/00001410.jpg	0	404	106	494	196	id2
E5A5oEqUYRw/00001092.jpg	0	584	101	636	153	id2
E5A5oEqUYRw/00001101.jpg	0	607	95	659	147	id2
E5A5oEqUYRw/00001325.jpg	0	404	96	494	186	id2
E5A5oEqUYRw/00000501.jpg	0	693	98	729	134	id2
E5A5oEqUYRw/00001071.jpg	0	556	107	607	159	id2
E5A5oEqUYRw/00000127.jpg	0	529	94	591	156	id2
E5A5oEqUYRw/00001378.jpg	0	394	106	484	196	id2
E5A5oEqUYRw/00000225.jpg	0	511	80	585	155	id2
E5A5oEqUYRw/00001168.jpg	0	474	87	536	149	id2
E5A5oEqUYRw/00001141.jpg	0	557	101	619	163	id2
E5A5oEqUYRw/00001001.jpg	0	494	96	583	186	id2
E5A5oEqUYRw/00001109.jpg	0	613	95	665	147	id2
E5A5oEqUYRw/00000229.jpg	0	515	80	577	142	id2
E5A5oEqUYRw/00000203.jpg	0	494	80	569	155	id2
E5A5oEqUYRw/00000985.jpg	0	519	105	594	179	id2
E5A5oEqUYRw/00001385.jpg	0	394	106	484	196	id2
E5A5oEqUYRw/00000159.jpg	0	494	88	569	163	id2
E5A5oEqUYRw/00001357.jpg	0	414	96	504	186	id2
E5A5oEqUYRw/00000205.jpg	0	501	80	563	142	id2
E5A5oEqUYRw/00001006.jpg	0	494	96	583	186	id2
E5A5oEqUYRw/00000976.jpg	0	527	105	602	179	id2
E5A5oEqUYRw/00000166.jpg	0	515	101	577	163	id2
E5A5oEqUYRw/00001214.jpg	0	487	94	550	156	id2
E5A5oEqUYRw/00001080.jpg	0	556	107	607	159	id2
E5A5oEqUYRw/00000173.jpg	0	522	101	584	163	id2
E5A5oEqUYRw/00000078.jpg	0	598	80	660	142	id2
E5A5oEqUYRw/00000982.jpg	0	514	96	603	186	id2
E5A5oEqUYRw/00000999.jpg	0	494	96	583	186	id2
E5A5oEqUYRw/00001119.jpg	0	602	101	654	153	id2
E5A5oEqUYRw/00000971.jpg	0	514	96	603	186	id2
E5A5oEqUYRw/00001114.jpg	0	607	95	659	147	id2
E5A5oEqUYRw/00001353.jpg	0	414	96	504	186	id2
E5A5oEqUYRw/00000261.jpg	0	511	96	585	171	id2
E5A5oEqUYRw/00000169.jpg	0	522	101	584	163	id2
E5A5oEqUYRw/00000996.jpg	0	494	96	583	186	id2
E5A5oEqUYRw/00001024.jpg	0	464	106	554	196	id2
E5A5oEqUYRw/00001184.jpg	0	481	87	543	149	id2
E5A5oEqUYRw/00001079.jpg	0	556	107	607	159	id2
E5A5oEqUYRw/00000314.jpg	0	444	88	519	163	id2
E5A5oEqUYRw/00001167.jpg	0	481	87	543	149	id2
E5A5oEqUYRw/00000235.jpg	0	515	94	577	156	id2
E5A5oEqUYRw/00000107.jpg	0	543	101	605	163	id2
E5A5oEqUYRw/00001143.jpg	0	556	101	607	153	id2
E5A5oEqUYRw/00000076.jpg	0	598	80	660	142	id2
E5A5oEqUYRw/00000058.jpg	0	567	90	619	141	id2
E5A5oEqUYRw/00000110.jpg	0	536	101	598	163	id2
E5A5oEqUYRw/00000117.jpg	0	536	94	598	156	id2
E5A5oEqUYRw/00000274.jpg	0	484	126	573	216	id2
E5A5oEqUYRw/00001394.jpg	0	378	104	485	211	id2
E5A5oEqUYRw/00001217.jpg	0	478	88	552	163	id2
E5A5oEqUYRw/00001120.jpg	0	602	101	654	153	id2
E5A5oEqUYRw/00001366.jpg	0	404	96	494	186	id2
E5A5oEqUYRw/00001376.jpg	0	378	92	485	199	id2
E5A5oEqUYRw/00000013.jpg	0	590	95	642	147	id2
E5A5oEqUYRw/00000158.jpg	0	501	101	563	163	id2
E5A5oEqUYRw/00000071.jpg	0	602	84	654	136	id2
E5A5oEqUYRw/00000288.jpg	0	469	96	544	171	id2
E5A5oEqUYRw/00001099.jpg	0	602	95	654	147	id2
E5A5oEqUYRw/00000966.jpg	0	504	96	593	186	id2
E5A5oEqUYRw/00000101.jpg	0	550	94	612	156	id2
E5A5oEqUYRw/00001411.jpg	0	404	106	494	196	id2
E5A5oEqUYRw/00000315.jpg	0	444	80	519	155	id2
E5A5oEqUYRw/00001075.jpg	0	556	107	607	159	id2
E5A5oEqUYRw/00001004.jpg	0	494	96	583	186	id2
E5A5oEqUYRw/00001180.jpg	0	474	87	536	149	id2
E5A5oEqUYRw/00001116.jpg	0	607	95	659	147	id2
E5A5oEqUYRw/00000084.jpg	0	598	87	660	149	id2
E5A5oEqUYRw/00001380.jpg	0	394	106	484	196	id2
E5A5oEqUYRw/00001344.jpg	0	414	106	504	196	id2
E5A5oEqUYRw/00001363.jpg	0	414	96	504	186	id2
E5A5oEqUYRw/00001142.jpg	0	557	101	619	163	id2
E5A5oEqUYRw/00000975.jpg	0	527	105	602	179	id2
E5A5oEqUYRw/00000028.jpg	0	550	94	612	156	id2
E5A5oEqUYRw/00001072.jpg	0	556	107	607	159	id2
E5A5oEqUYRw/00000144.jpg	0	508	94	570	156	id2
E5A5oEqUYRw/00001368.jpg	0	404	96	494	186	id2
E5A5oEqUYRw/00000220.jpg	0	515	87	577	149	id2
E5A5oEqUYRw/00000254.jpg	0	502	80	577	155	id2
E5A5oEqUYRw/00000436.jpg	0	669	102	705	138	id2
E5A5oEqUYRw/00001052.jpg	0	434	106	524	196	id2
E5A5oEqUYRw/00001210.jpg	0	487	87	550	149	id2
E5A5oEqUYRw/00000240.jpg	0	511	96	585	171	id2
E5A5oEqUYRw/00000125.jpg	0	536	94	598	156	id2
E5A5oEqUYRw/00000149.jpg	0	501	101	563	163	id2
E5A5oEqUYRw/00000255.jpg	0	502	80	577	155	id2
E5A5oEqUYRw/00000265.jpg	0	502	121	577	196	id2
E5A5oEqUYRw/00000092.jpg	0	584	80	646	142	id2
E5A5oEqUYRw/00000308.jpg	0	444	88	519	163	id2
E5A5oEqUYRw/00000145.jpg	0	494	88	569	163	id2
E5A5oEqUYRw/00000300.jpg	0	453	94	515	156	id2
E5A5oEqUYRw/00000319.jpg	0	444	88	519	163	id2
E5A5oEqUYRw/00001097.jpg	0	602	95	654	147	id2
E5A5oEqUYRw/00000073.jpg	0	598	80	660	142	id2
E5A5oEqUYRw/00001335.jpg	0	404	106	494	196	id2
E5A5oEqUYRw/00000218.jpg	0	508	87	570	149	id2
E5A5oEqUYRw/00001392.jpg	0	378	104	485	211	id2
E5A5oEqUYRw/00001132.jpg	0	563	108	626	170	id2
E5A5oEqUYRw/00000178.jpg	0	529	101	591	163	id2
E5A5oEqUYRw/00000094.jpg	0	577	87	640	149	id2
E5A5oEqUYRw/00001154.jpg	0	521	101	573	153	id2
E5A5oEqUYRw/00001145.jpg	0	550	94	612	156	id2
E5A5oEqUYRw/00000278.jpg	0	486	113	560	188	id2
E5A5oEqUYRw/00000275.jpg	0	494	130	569	204	id2
E5A5oEqUYRw/00000236.jpg	0	515	94	577	156	id2
E5A5oEqUYRw/00000276.jpg	0	494	130	569	204	id2
E5A5oEqUYRw/00000277.jpg	0	494	121	569	196	id2
E5A5oEqUYRw/00000080.jpg	0	598	80	660	142	id2
E5A5oEqUYRw/00001173.jpg	0	474	87	536	149	id2
E5A5oEqUYRw/00000209.jpg	0	501	80	563	142	id2
E5A5oEqUYRw/00001351.jpg	0	414	106	504	196	id2
E5A5oEqUYRw/00001171.jpg	0	474	87	536	149	id2
E5A5oEqUYRw/00000967.jpg	0	504	96	593	186	id2
E5A5oEqUYRw/00000047.jpg	0	538	118	590	170	id2
E5A5oEqUYRw/00001018.jpg	0	494	116	583	206	id2
E5A5oEqUYRw/00000247.jpg	0	519	72	594	146	id2
E5A5oEqUYRw/00000952.jpg	0	494	113	569	188	id2
E5A5oEqUYRw/00000095.jpg	0	570	87	633	149	id2
E5A5oEqUYRw/00000279.jpg	0	486	113	560	188	id2
E5A5oEqUYRw/00000091.jpg	0	584	80	646	142	id2
E5A5oEqUYRw/00000245.jpg	0	519	80	594	155	id2
E5A5oEqUYRw/00001127.jpg	0	584	107	636	159	id2
E5A5oEqUYRw/00000168.jpg	0	511	96	585	171	id2
E5A5oEqUYRw/00000233.jpg	0	515	80	577	142	id2
E5A5oEqUYRw/00000280.jpg	0	486	105	560	179	id2
E5A5oEqUYRw/00000506.jpg	0	693	94	729	130	id3
E5A5oEqUYRw/00000342.jpg	1	673	106	709	142	id3
E5A5oEqUYRw/00000336.jpg	1	673	102	709	138	id3
E5A5oEqUYRw/00000372.jpg	0	665	110	701	146	id3
E5A5oEqUYRw/00000457.jpg	0	669	106	705	142	id3
E5A5oEqUYRw/00000351.jpg	1	669	106	705	142	id3
E5A5oEqUYRw/00000507.jpg	0	693	94	729	130	id3
E5A5oEqUYRw/00000393.jpg	0	661	106	697	142	id3
E5A5oEqUYRw/00000452.jpg	0	665	106	701	142	id3
E5A5oEqUYRw/00000496.jpg	0	689	98	725	134	id3
E5A5oEqUYRw/00000376.jpg	0	665	110	701	146	id3
E5A5oEqUYRw/00000328.jpg	1	665	106	701	142	id3
E5A5oEqUYRw/00000465.jpg	0	673	102	709	138	id3
E5A5oEqUYRw/00000377.jpg	0	665	110	701	146	id3
E5A5oEqUYRw/00000455.jpg	0	669	106	705	142	id3
E5A5oEqUYRw/00000375.jpg	0	665	110	701	146	id3
E5A5oEqUYRw/00000460.jpg	0	669	102	705	138	id3
E5A5oEqUYRw/00000454.jpg	0	665	106	701	142	id3
E5A5oEqUYRw/00000340.jpg	1	677	106	713	142	id3
E5A5oEqUYRw/00000458.jpg	0	669	106	705	142	id3
E5A5oEqUYRw/00000449.jpg	0	661	110	697	146	id3
E5A5oEqUYRw/00000461.jpg	0	673	102	709	138	id3
E5A5oEqUYRw/00000464.jpg	0	673	102	709	138	id3
E5A5oEqUYRw/00000505.jpg	0	693	94	729	130	id3
E5A5oEqUYRw/00000344.jpg	0	673	106	709	142	id3
E5A5oEqUYRw/00000343.jpg	0	673	106	709	142	id3
E5A5oEqUYRw/00000434.jpg	0	673	102	709	138	id3
E5A5oEqUYRw/00000341.jpg	1	673	106	709	142	id3
E5A5oEqUYRw/00000374.jpg	0	665	110	701	146	id3
E5A5oEqUYRw/00000346.jpg	1	673	106	709	142	id3
E5A5oEqUYRw/00000338.jpg	1	677	106	713	142	id3
E5A5oEqUYRw/00000504.jpg	0	693	94	729	130	id3
E5A5oEqUYRw/00000447.jpg	0	661	110	697	146	id3
E5A5oEqUYRw/00000339.jpg	1	677	106	713	142	id3
E5A5oEqUYRw/00000395.jpg	0	661	106	697	142	id3
E5A5oEqUYRw/00000331.jpg	1	669	106	705	142	id3
E5A5oEqUYRw/00000401.jpg	0	661	110	697	146	id3
E5A5oEqUYRw/00000462.jpg	0	673	102	709	138	id3
E5A5oEqUYRw/00000495.jpg	0	685	94	721	130	id3
E5A5oEqUYRw/00000456.jpg	0	669	106	705	142	id3
E5A5oEqUYRw/00000497.jpg	0	689	98	725	134	id3
E5A5oEqUYRw/00000453.jpg	0	665	106	701	142	id3
E5A5oEqUYRw/00000330.jpg	1	669	106	705	142	id3
E5A5oEqUYRw/00000333.jpg	1	673	106	709	142	id3
E5A5oEqUYRw/00000433.jpg	0	673	98	709	134	id3
E5A5oEqUYRw/00000466.jpg	0	673	102	709	138	id3
E5A5oEqUYRw/00000345.jpg	1	673	106	709	142	id3
E5A5oEqUYRw/00000373.jpg	0	665	110	701	146	id3
E5A5oEqUYRw/00000334.jpg	1	673	102	709	138	id3
E5A5oEqUYRw/00000503.jpg	0	693	98	729	134	id3
E5A5oEqUYRw/00000384.jpg	0	661	110	697	146	id3
E5A5oEqUYRw/00000329.jpg	0	665	106	701	142	id3
E5A5oEqUYRw/00000500.jpg	0	689	98	725	134	id3
E5A5oEqUYRw/00000394.jpg	0	661	106	697	142	id3
E5A5oEqUYRw/00000332.jpg	1	669	102	705	138	id3
E5A5oEqUYRw/00000498.jpg	0	689	98	725	134	id3
E5A5oEqUYRw/00000463.jpg	0	673	102	709	138	id3
E5A5oEqUYRw/00000499.jpg	0	689	98	725	134	id3
E5A5oEqUYRw/00000403.jpg	0	661	110	697	146	id3
E5A5oEqUYRw/00000435.jpg	0	673	102	709	138	id3
E5A5oEqUYRw/00000502.jpg	0	693	98	729	134	id3
E5A5oEqUYRw/00000810.jpg	2	204	188	256	239	id4
E5A5oEqUYRw/00000566.jpg	1	176	177	239	239	id4
E5A5oEqUYRw/00000556.jpg	2	197	177	259	239	id4
E5A5oEqUYRw/00000570.jpg	1	176	177	239	239	id4
E5A5oEqUYRw/00000564.jpg	2	183	177	246	239	id4
E5A5oEqUYRw/00000562.jpg	2	183	177	246	239	id4
E5A5oEqUYRw/00000554.jpg	2	204	177	266	239	id4
E5A5oEqUYRw/00000568.jpg	1	176	177	239	239	id4
E5A5oEqUYRw/00000559.jpg	2	190	177	252	239	id4
E5A5oEqUYRw/00000561.jpg	2	183	177	246	239	id4
E5A5oEqUYRw/00000555.jpg	2	197	177	259	239	id4
E5A5oEqUYRw/00000569.jpg	1	176	177	239	239	id4
E5A5oEqUYRw/00000804.jpg	2	190	184	252	246	id4
E5A5oEqUYRw/00000558.jpg	2	190	177	252	239	id4
E5A5oEqUYRw/00000567.jpg	1	176	177	239	239	id4
E5A5oEqUYRw/00000565.jpg	1	176	177	239	239	id4
E5A5oEqUYRw/00000563.jpg	2	183	177	246	239	id4
E5A5oEqUYRw/00000950.jpg	1	601	286	637	322	id5
