E5Jzc-UxxzA/00000009.jpg	0	156	74	199	118	164,91 164,96 164,100 166,105 168,110 170,114 173,118 176,121 180,122 185,122 190,118 195,114 198,110 200,104 201,98 200,92 200,86 165,86 167,85 169,85 171,85 173,86 177,85 179,83 182,82 186,82 189,84 175,89 174,93 174,97 173,100 172,103 173,103 175,104 177,103 179,102 168,90 169,89 171,89 173,90 171,91 169,91 181,89 182,88 184,87 186,88 184,89 182,89 173,110 173,109 175,108 176,108 178,107 181,108 184,109 182,112 179,113 177,114 176,113 174,112 174,110 175,109 176,109 178,109 183,109 178,111 177,111 175,111
E5Jzc-UxxzA/00000011.jpg	0	156	70	199	113	167,89 167,93 167,97 169,101 171,105 172,109 175,113 177,117 181,118 186,117 191,114 195,110 199,106 202,100 202,95 202,89 201,83 168,82 168,81 170,80 172,80 174,81 176,81 179,79 182,78 185,79 189,80 175,85 174,88 174,92 173,95 173,98 174,99 175,99 177,98 179,97 170,87 170,85 172,85 174,86 172,87 171,87 181,85 182,84 184,84 186,84 184,85 182,85 175,106 174,105 175,104 176,104 178,103 181,104 184,105 182,107 179,109 178,109 177,109 176,108 176,106 176,105 177,105 178,105 183,105 179,106 177,106 176,106
E5Jzc-UxxzA/00000066.jpg	0	353	113	428	188	374,132 372,139 371,147 371,155 371,163 372,172 373,181 375,189 381,194 390,197 401,194 410,189 418,182 425,175 429,165 432,155 433,145 375,122 379,123 382,125 384,128 387,131 392,133 398,132 404,133 409,136 414,139 387,137 385,144 382,150 379,157 376,157 378,161 381,163 385,163 389,163 377,131 379,131 382,132 384,135 381,135 378,133 398,140 401,140 404,141 407,144 403,144 400,143 377,167 377,166 379,167 381,169 384,170 390,172 396,176 389,179 383,180 379,178 377,176 376,172 378,168 379,170 381,171 384,172 393,176 383,175 380,174 378,172
E5Jzc-UxxzA/00000060.jpg	0	354	107	406	159	366,116 364,122 364,128 364,134 365,140 366,145 368,151 370,156 375,158 380,160 388,159 395,157 401,153 407,148 410,143 414,136 416,129 368,112 371,111 375,112 379,114 382,116 388,118 394,118 399,119 403,122 407,124 384,123 382,128 381,132 379,137 376,138 377,139 379,141 381,141 384,141 371,119 374,118 377,119 379,122 376,122 373,121 392,126 395,124 398,126 401,128 398,129 394,128 373,145 375,144 377,144 378,145 380,145 383,147 386,150 382,150 379,150 377,149 375,148 374,147 374,145 377,146 378,147 380,147 384,149 379,147 377,146 376,146
E5Jzc-UxxzA/00000075.jpg	0	371	113	423	164	384,130 383,135 383,140 383,145 384,150 385,155 387,160 388,165 392,168 398,169 405,168 412,165 419,162 424,157 428,151 430,144 431,136 383,120 385,120 387,122 389,124 390,127 397,129 402,128 407,128 412,130 416,133 393,133 391,137 389,142 387,146 386,146 387,148 389,150 391,150 394,150 385,128 387,128 389,129 390,131 388,131 386,130 402,135 405,135 408,136 410,138 407,138 404,137 387,153 386,153 388,154 389,155 391,155 395,156 400,159 395,161 391,161 388,160 387,159 386,156 387,154 388,155 389,156 391,157 398,158 391,158 389,157 387,156
E5Jzc-UxxzA/00000010.jpg	0	156	70	199	113	165,90 165,94 166,99 167,103 169,107 172,112 175,116 178,119 181,120 186,119 191,116 195,112 199,107 201,102 202,96 201,90 201,85 167,84 168,83 170,83 172,83 174,84 177,83 179,81 183,80 186,80 189,81 175,87 175,90 174,94 174,97 173,100 174,101 176,101 178,100 179,99 169,89 170,88 172,88 173,88 172,89 170,89 181,87 182,85 184,85 186,86 185,87 183,87 174,108 174,106 175,105 177,105 178,105 181,105 184,106 182,109 180,110 178,111 177,111 175,110 175,108 176,107 177,107 178,106 183,107 179,108 178,108 176,108
E5Jzc-UxxzA/00000072.jpg	0	371	118	423	170	384,135 383,140 383,145 383,150 384,155 386,160 387,165 389,169 393,172 398,174 406,173 413,171 419,167 424,163 428,157 431,150 432,143 383,125 385,124 388,125 390,127 392,129 398,131 404,131 409,132 414,135 419,138 395,136 393,141 391,147 390,152 388,152 389,154 391,156 393,156 396,155 385,131 387,130 390,132 392,135 389,135 386,134 404,139 406,137 409,139 412,141 409,142 406,141 389,160 389,159 390,160 391,161 393,161 396,163 400,165 396,165 392,165 390,164 389,163 389,161 389,160 390,162 391,163 392,163 398,164 392,161 391,160 390,159
E5Jzc-UxxzA/00000063.jpg	0	356	115	418	177	372,132 370,138 369,145 370,152 371,160 372,168 373,177 375,185 380,189 388,191 397,188 405,184 413,178 419,171 423,162 425,152 427,143 372,121 375,119 378,120 381,122 384,125 390,128 395,127 402,128 407,131 411,135 385,132 383,139 381,145 379,151 376,153 378,155 380,157 383,157 386,157 375,128 377,127 379,128 381,131 379,131 376,130 395,135 398,134 401,136 404,138 400,139 397,138 376,163 376,162 378,162 380,164 383,164 388,166 393,170 388,173 382,173 379,172 377,171 376,167 377,163 378,165 380,166 383,167 391,170 383,169 380,168 378,166
E5Jzc-UxxzA/00000055.jpg	0	335	87	398	149	345,99 343,106 343,114 344,121 345,129 347,137 350,145 354,152 359,155 366,156 374,153 381,148 387,141 392,134 396,126 398,117 400,109 350,90 354,88 358,89 362,91 365,94 370,96 375,95 381,95 385,97 389,100 366,101 365,107 364,112 362,118 359,120 360,122 362,124 365,124 367,123 353,99 356,98 359,98 361,101 358,101 355,100 375,104 377,103 381,104 383,106 380,107 377,106 356,133 358,131 360,130 362,131 364,131 368,134 371,138 367,141 363,142 360,141 358,140 357,137 358,133 360,133 361,134 364,134 369,138 363,137 361,137 359,136
E5Jzc-UxxzA/00000065.jpg	0	353	113	428	188	375,134 373,141 372,149 372,156 373,164 375,172 376,181 377,188 382,193 390,195 400,193 409,189 417,182 424,175 428,166 431,155 433,145 376,123 378,122 381,124 383,127 386,130 391,132 397,131 403,133 409,136 413,139 387,137 385,143 382,150 379,156 376,157 378,160 380,162 384,162 388,162 378,131 380,130 382,131 384,134 381,134 379,133 397,140 400,139 403,140 406,143 402,143 399,142 376,166 376,165 379,167 381,168 384,169 390,171 395,175 389,179 382,179 379,178 377,176 375,172 377,167 378,169 380,171 383,172 393,174 383,174 380,173 378,171
E5Jzc-UxxzA/00000008.jpg	0	157	78	193	114	162,91 162,95 163,99 165,104 166,107 169,111 171,115 173,118 177,119 181,118 185,115 189,112 192,108 194,103 195,98 195,93 195,88 163,87 165,86 167,87 170,87 172,88 176,88 179,86 182,86 185,86 188,87 174,92 173,96 173,99 172,103 170,104 172,105 174,106 176,105 178,104 166,92 167,91 169,91 171,92 169,93 167,93 179,92 181,91 183,91 185,91 183,92 181,92 170,108 171,108 173,108 174,108 176,108 179,108 182,108 179,111 177,112 175,113 173,112 172,111 171,109 173,109 174,110 176,109 181,109 177,110 175,110 173,110
E5Jzc-UxxzA/00000058.jpg	0	349	101	411	163	360,116 358,123 358,130 358,138 359,146 361,154 363,162 367,169 372,172 380,173 388,170 396,166 402,160 407,153 411,145 413,137 415,128 364,106 368,105 371,106 375,108 378,111 384,113 389,112 394,113 399,116 403,119 379,119 378,124 376,130 374,135 372,138 373,140 375,141 377,141 380,141 367,115 369,113 372,114 374,118 371,118 368,117 388,121 391,120 394,121 397,124 393,124 390,123 370,151 371,148 373,148 374,149 377,149 380,152 383,156 379,158 375,159 373,158 371,157 370,154 371,151 373,151 374,152 376,152 381,156 376,154 374,153 372,152
E5Jzc-UxxzA/00000056.jpg	0	342	94	405	156	351,106 350,114 349,121 350,128 351,136 353,145 355,152 359,159 365,163 373,163 381,160 387,155 393,149 398,141 401,133 403,125 404,117 356,97 360,96 364,97 367,98 371,101 376,103 381,102 386,103 391,105 394,108 372,109 371,114 370,120 368,125 365,128 366,129 368,131 371,131 373,130 359,106 362,105 365,105 366,108 364,108 361,108 380,111 383,110 386,111 389,113 386,114 383,113 363,141 364,138 366,137 368,139 370,139 374,141 376,146 373,148 369,149 367,148 364,147 363,144 364,141 366,140 367,141 370,142 375,145 370,144 367,144 365,143
E5Jzc-UxxzA/00000061.jpg	0	349	108	411	170	370,124 368,131 367,138 367,145 367,153 368,161 369,169 372,177 378,181 386,183 395,181 403,177 410,171 416,163 420,155 422,146 424,137 370,115 373,113 376,114 379,116 382,119 388,121 395,121 401,122 406,126 410,129 384,126 382,132 380,138 378,145 374,145 376,148 378,150 382,150 385,150 373,122 375,121 377,122 379,125 376,124 374,123 394,129 396,128 400,130 402,132 399,132 396,131 373,155 374,155 376,156 378,157 381,158 386,160 391,163 385,165 380,164 376,163 374,162 372,159 374,156 375,158 378,159 381,160 389,162 381,161 377,160 375,158
E5Jzc-UxxzA/00000054.jpg	0	337	78	389	130	340,89 339,95 339,102 339,109 341,115 342,122 345,129 348,134 353,137 360,138 368,135 374,132 380,126 385,120 388,114 390,106 391,99 344,82 347,81 351,81 355,83 359,86 365,88 370,87 375,87 380,89 383,92 361,94 360,99 358,105 357,110 353,112 355,113 357,115 359,114 362,114 347,90 350,89 353,90 355,93 352,94 349,93 368,96 371,95 375,96 377,98 374,99 371,98 350,120 352,119 355,120 356,121 359,121 362,122 365,125 361,128 357,129 355,128 353,127 351,124 351,121 354,122 356,123 358,124 364,125 358,124 356,124 354,123
E5Jzc-UxxzA/00000039.jpg	0	227	49	279	101	233,68 233,74 233,80 234,86 236,91 238,97 242,101 246,104 252,105 257,104 262,101 266,97 269,91 271,86 272,80 273,75 273,70 238,59 241,57 244,57 248,57 251,58 256,58 259,57 262,57 265,57 268,59 254,64 254,67 254,71 254,75 250,79 252,80 253,81 255,80 256,79 241,66 243,64 246,64 248,65 245,66 243,67 259,65 261,64 263,64 265,66 263,66 261,66 246,90 249,88 251,87 253,87 254,87 257,88 259,90 257,92 254,93 253,93 251,93 248,92 247,90 251,89 253,89 254,89 257,90 254,90 253,91 251,90
E5Jzc-UxxzA/00000051.jpg	0	314	61	366	113	318,73 317,80 318,86 319,93 321,99 324,105 326,111 329,116 334,118 339,118 345,115 351,111 356,106 360,101 363,94 365,87 366,80 322,67 326,66 330,66 334,68 337,70 344,71 348,70 352,71 356,72 360,74 339,78 338,83 337,88 337,93 333,95 334,97 336,98 339,98 341,97 325,76 328,75 331,75 333,78 330,78 327,78 346,80 349,79 352,79 355,81 352,82 349,82 330,104 332,103 335,103 336,104 338,104 341,106 343,108 340,110 337,111 335,111 333,110 331,108 332,105 334,106 336,106 338,107 342,108 337,107 335,107 334,106
E5Jzc-UxxzA/00000057.jpg	0	354	101	406	153	357,110 356,117 356,124 357,130 357,137 359,144 361,150 364,156 369,160 376,161 384,159 392,156 398,151 403,144 407,137 410,129 411,121 360,103 363,101 367,102 371,104 375,107 381,109 387,108 392,109 397,111 401,114 376,115 375,120 373,126 372,131 369,133 370,135 372,136 375,136 378,136 363,111 366,110 369,111 371,114 368,114 364,114 385,118 388,116 392,117 395,119 392,121 388,120 367,143 368,142 370,142 372,143 374,143 378,146 381,148 377,150 373,151 371,150 369,149 367,146 368,144 370,145 372,146 374,146 380,148 373,147 371,146 370,145
E5Jzc-UxxzA/00000052.jpg	0	315	66	377	129	322,78 321,85 320,93 321,100 323,108 325,116 329,123 334,129 340,132 348,132 355,128 361,123 365,117 369,110 371,103 373,95 374,88 330,69 334,68 339,69 342,71 345,73 352,74 356,73 360,74 364,75 367,77 348,80 347,85 346,90 344,95 341,98 342,100 344,101 346,101 348,100 334,78 336,77 339,78 341,80 338,80 336,80 355,82 357,81 360,82 362,84 360,85 357,84 337,110 339,108 342,107 343,108 345,108 348,111 351,115 348,117 344,118 342,117 340,117 338,114 339,111 341,110 343,111 345,111 349,114 345,114 343,113 341,112
