I4MDvSHM9Vs/00000825.jpg	0	522	80	584	142	id0
I4MDvSHM9Vs/00000284.jpg	0	501	73	563	135	id0
I4MDvSHM9Vs/00000613.jpg	0	508	80	570	142	id0
I4MDvSHM9Vs/00000516.jpg	0	508	73	570	135	id0
I4MDvSHM9Vs/00000808.jpg	0	515	80	577	142	id0
I4MDvSHM9Vs/00000776.jpg	0	501	80	563	142	id0
I4MDvSHM9Vs/00000957.jpg	0	501	73	563	135	id0
I4MDvSHM9Vs/00000143.jpg	0	494	73	557	135	id0
I4MDvSHM9Vs/00000575.jpg	0	494	73	557	135	id0
I4MDvSHM9Vs/00000699.jpg	0	487	73	550	135	id0
I4MDvSHM9Vs/00000590.jpg	0	501	73	563	135	id0
I4MDvSHM9Vs/00000197.jpg	0	494	80	557	142	id0
I4MDvSHM9Vs/00000826.jpg	0	522	80	584	142	id0
I4MDvSHM9Vs/00000544.jpg	0	494	72	569	146	id0
I4MDvSHM9Vs/00000662.jpg	0	501	80	563	142	id0
I4MDvSHM9Vs/00000204.jpg	0	494	73	557	135	id0
I4MDvSHM9Vs/00000506.jpg	0	508	73	570	135	id0
I4MDvSHM9Vs/00000195.jpg	0	494	80	557	142	id0
I4MDvSHM9Vs/00000180.jpg	0	494	72	569	146	id0
I4MDvSHM9Vs/00000342.jpg	0	522	80	584	142	id0
I4MDvSHM9Vs/00000097.jpg	0	502	72	577	146	id0
I4MDvSHM9Vs/00000336.jpg	0	522	73	584	135	id0
I4MDvSHM9Vs/00000490.jpg	0	501	80	563	142	id0
I4MDvSHM9Vs/00000492.jpg	0	501	80	563	142	id0
I4MDvSHM9Vs/00000035.jpg	0	487	80	550	142	id0
I4MDvSHM9Vs/00000612.jpg	0	508	80	570	142	id0
I4MDvSHM9Vs/00000635.jpg	0	511	72	585	146	id0
I4MDvSHM9Vs/00000122.jpg	0	494	72	569	146	id0
I4MDvSHM9Vs/00000617.jpg	0	508	80	570	142	id0
I4MDvSHM9Vs/00000120.jpg	0	494	72	569	146	id0
I4MDvSHM9Vs/00000767.jpg	0	494	80	557	142	id0
I4MDvSHM9Vs/00000933.jpg	0	515	73	577	135	id0
I4MDvSHM9Vs/00000020.jpg	0	481	73	543	135	id0
I4MDvSHM9Vs/00000761.jpg	0	494	80	557	142	id0
I4MDvSHM9Vs/00000270.jpg	0	501	80	563	142	id0
I4MDvSHM9Vs/00000074.jpg	0	515	80	577	142	id0
I4MDvSHM9Vs/00000317.jpg	0	515	80	577	142	id0
I4MDvSHM9Vs/00000298.jpg	0	508	80	570	142	id0
I4MDvSHM9Vs/00000392.jpg	0	501	73	563	135	id0
I4MDvSHM9Vs/00000701.jpg	0	487	80	550	142	id0
I4MDvSHM9Vs/00000242.jpg	0	501	73	563	135	id0
I4MDvSHM9Vs/00000010.jpg	0	487	73	550	135	id0
I4MDvSHM9Vs/00000652.jpg	0	508	73	570	135	id0
I4MDvSHM9Vs/00000085.jpg	0	515	73	577	135	id0
I4MDvSHM9Vs/00000241.jpg	0	501	73	563	135	id0
I4MDvSHM9Vs/00000692.jpg	0	487	73	550	135	id0
I4MDvSHM9Vs/00000372.jpg	0	508	80	570	142	id0
I4MDvSHM9Vs/00000179.jpg	0	494	72	569	146	id0
I4MDvSHM9Vs/00000273.jpg	0	501	73	563	135	id0
I4MDvSHM9Vs/00000111.jpg	0	501	73	563	135	id0
I4MDvSHM9Vs/00000457.jpg	0	501	80	563	142	id0
I4MDvSHM9Vs/00000610.jpg	0	508	73	570	135	id0
I4MDvSHM9Vs/00000602.jpg	0	508	80	570	142	id0
I4MDvSHM9Vs/00000589.jpg	0	501	73	563	135	id0
I4MDvSHM9Vs/00000810.jpg	0	515	80	577	142	id0
I4MDvSHM9Vs/00000099.jpg	0	502	72	577	146	id0
I4MDvSHM9Vs/00000830.jpg	0	522	80	584	142	id0
I4MDvSHM9Vs/00000566.jpg	0	494	80	557	142	id0
I4MDvSHM9Vs/00000609.jpg	0	508	73	570	135	id0
I4MDvSHM9Vs/00000153.jpg	0	501	80	563	142	id0
I4MDvSHM9Vs/00000351.jpg	0	522	80	584	142	id0
I4MDvSHM9Vs/00000119.jpg	0	494	72	569	146	id0
I4MDvSHM9Vs/00000291.jpg	0	508	80	570	142	id0
I4MDvSHM9Vs/00000034.jpg	0	487	80	550	142	id0
I4MDvSHM9Vs/00000295.jpg	0	508	80	570	142	id0
I4MDvSHM9Vs/00000431.jpg	0	508	80	570	142	id0
I4MDvSHM9Vs/00000221.jpg	0	501	73	563	135	id0
I4MDvSHM9Vs/00000081.jpg	0	515	80	577	142	id0
I4MDvSHM9Vs/00000246.jpg	0	501	73	563	135	id0
I4MDvSHM9Vs/00000356.jpg	0	515	80	577	142	id0
I4MDvSHM9Vs/00000834.jpg	0	515	80	577	142	id0
I4MDvSHM9Vs/00000622.jpg	0	515	80	577	142	id0
I4MDvSHM9Vs/00000711.jpg	0	487	80	550	142	id0
I4MDvSHM9Vs/00000467.jpg	0	501	80	563	142	id0
I4MDvSHM9Vs/00000529.jpg	0	501	80	563	142	id0
I4MDvSHM9Vs/00000946.jpg	0	508	73	570	135	id0
I4MDvSHM9Vs/00000689.jpg	0	487	73	550	135	id0
I4MDvSHM9Vs/00000728.jpg	0	494	80	557	142	id0
I4MDvSHM9Vs/00000715.jpg	0	486	72	560	146	id0
I4MDvSHM9Vs/00000378.jpg	0	508	80	570	142	id0
I4MDvSHM9Vs/00000156.jpg	0	494	72	569	146	id0
I4MDvSHM9Vs/00000102.jpg	0	508	73	570	135	id0
I4MDvSHM9Vs/00000199.jpg	0	494	80	557	142	id0
I4MDvSHM9Vs/00000136.jpg	0	494	73	557	135	id0
I4MDvSHM9Vs/00000208.jpg	0	494	73	557	135	id0
I4MDvSHM9Vs/00000026.jpg	0	481	80	543	142	id0
I4MDvSHM9Vs/00000019.jpg	0	481	73	543	135	id0
I4MDvSHM9Vs/00000722.jpg	0	494	80	557	142	id0
I4MDvSHM9Vs/00000803.jpg	0	515	73	577	135	id0
I4MDvSHM9Vs/00000224.jpg	0	494	72	569	146	id0
I4MDvSHM9Vs/00000052.jpg	0	501	80	563	142	id0
I4MDvSHM9Vs/00000619.jpg	0	515	80	577	142	id0
I4MDvSHM9Vs/00000756.jpg	0	494	80	557	142	id0
I4MDvSHM9Vs/00000507.jpg	0	508	73	570	135	id0
I4MDvSHM9Vs/00000393.jpg	0	501	73	563	135	id0
I4MDvSHM9Vs/00000049.jpg	0	494	80	557	142	id0
I4MDvSHM9Vs/00000007.jpg	0	487	73	550	135	id0
I4MDvSHM9Vs/00000676.jpg	0	494	80	557	142	id0
I4MDvSHM9Vs/00000385.jpg	0	508	80	570	142	id0
I4MDvSHM9Vs/00000134.jpg	0	494	73	557	135	id0
I4MDvSHM9Vs/00000253.jpg	0	494	72	569	146	id0
I4MDvSHM9Vs/00000684.jpg	0	487	73	550	135	id0
I4MDvSHM9Vs/00000837.jpg	0	501	73	563	135	id0
I4MDvSHM9Vs/00000093.jpg	0	508	73	570	135	id0
I4MDvSHM9Vs/00000452.jpg	0	501	80	563	142	id0
I4MDvSHM9Vs/00000775.jpg	0	501	80	563	142	id0
I4MDvSHM9Vs/00000427.jpg	0	508	73	570	135	id0
I4MDvSHM9Vs/00000632.jpg	0	511	72	585	146	id0
I4MDvSHM9Vs/00000659.jpg	0	494	72	569	146	id0
I4MDvSHM9Vs/00000573.jpg	0	494	73	557	135	id0
I4MDvSHM9Vs/00000160.jpg	0	501	73	563	135	id0
I4MDvSHM9Vs/00000266.jpg	0	501	73	563	135	id0
I4MDvSHM9Vs/00000496.jpg	0	508	80	570	142	id0
I4MDvSHM9Vs/00000934.jpg	0	515	73	577	135	id0
I4MDvSHM9Vs/00000954.jpg	0	508	73	570	135	id0
I4MDvSHM9Vs/00000778.jpg	0	501	80	563	142	id0
I4MDvSHM9Vs/00000687.jpg	0	487	73	550	135	id0
I4MDvSHM9Vs/00000560.jpg	0	494	80	557	142	id0
I4MDvSHM9Vs/00000706.jpg	0	487	80	550	142	id0
I4MDvSHM9Vs/00000824.jpg	0	522	80	584	142	id0
I4MDvSHM9Vs/00000486.jpg	0	501	80	563	142	id0
I4MDvSHM9Vs/00000155.jpg	0	494	72	569	146	id0
I4MDvSHM9Vs/00000192.jpg	0	494	80	557	142	id0
I4MDvSHM9Vs/00000376.jpg	0	508	80	570	142	id0
I4MDvSHM9Vs/00000367.jpg	0	502	72	577	146	id0
I4MDvSHM9Vs/00000001.jpg	0	487	73	550	135	id0
I4MDvSHM9Vs/00000256.jpg	0	494	72	569	146	id0
I4MDvSHM9Vs/00000328.jpg	0	515	80	577	142	id0
I4MDvSHM9Vs/00000644.jpg	0	515	80	577	142	id0
I4MDvSHM9Vs/00000645.jpg	0	508	73	570	135	id0
I4MDvSHM9Vs/00000465.jpg	0	501	80	563	142	id0
I4MDvSHM9Vs/00000747.jpg	0	494	80	557	142	id0
I4MDvSHM9Vs/00000763.jpg	0	494	80	557	142	id0
I4MDvSHM9Vs/00000479.jpg	0	501	80	563	142	id0
I4MDvSHM9Vs/00000377.jpg	0	508	80	570	142	id0
I4MDvSHM9Vs/00000109.jpg	0	501	73	563	135	id0
I4MDvSHM9Vs/00000131.jpg	0	494	73	557	135	id0
I4MDvSHM9Vs/00000758.jpg	0	494	80	557	142	id0
I4MDvSHM9Vs/00000455.jpg	0	501	80	563	142	id0
I4MDvSHM9Vs/00000231.jpg	0	501	73	563	135	id0
I4MDvSHM9Vs/00000170.jpg	0	501	80	563	142	id0
I4MDvSHM9Vs/00000065.jpg	0	508	73	570	135	id0
I4MDvSHM9Vs/00000483.jpg	0	501	80	563	142	id0
I4MDvSHM9Vs/00000548.jpg	0	494	73	557	135	id0
I4MDvSHM9Vs/00000556.jpg	0	494	80	557	142	id0
I4MDvSHM9Vs/00000016.jpg	0	481	73	543	135	id0
I4MDvSHM9Vs/00000781.jpg	0	501	80	563	142	id0
I4MDvSHM9Vs/00000375.jpg	0	508	80	570	142	id0
I4MDvSHM9Vs/00000112.jpg	0	501	73	563	135	id0
I4MDvSHM9Vs/00000685.jpg	0	487	73	550	135	id0
I4MDvSHM9Vs/00000113.jpg	0	501	73	563	135	id0
I4MDvSHM9Vs/00000752.jpg	0	494	80	557	142	id0
I4MDvSHM9Vs/00000580.jpg	0	501	73	563	135	id0
I4MDvSHM9Vs/00000693.jpg	0	487	73	550	135	id0
I4MDvSHM9Vs/00000636.jpg	0	511	72	585	146	id0
I4MDvSHM9Vs/00000238.jpg	0	501	73	563	135	id0
I4MDvSHM9Vs/00000056.jpg	0	501	80	563	142	id0
I4MDvSHM9Vs/00000260.jpg	0	501	73	563	135	id0
I4MDvSHM9Vs/00000710.jpg	0	487	80	550	142	id0
I4MDvSHM9Vs/00000819.jpg	0	511	72	585	146	id0
I4MDvSHM9Vs/00000460.jpg	0	501	80	563	142	id0
I4MDvSHM9Vs/00000293.jpg	0	508	80	570	142	id0
I4MDvSHM9Vs/00000323.jpg	0	515	80	577	142	id0
I4MDvSHM9Vs/00000664.jpg	0	501	80	563	142	id0
I4MDvSHM9Vs/00000451.jpg	0	501	80	563	142	id0
I4MDvSHM9Vs/00000454.jpg	0	501	80	563	142	id0
I4MDvSHM9Vs/00000570.jpg	0	494	80	557	142	id0
I4MDvSHM9Vs/00000814.jpg	0	515	80	577	142	id0
I4MDvSHM9Vs/00000340.jpg	0	522	80	584	142	id0
I4MDvSHM9Vs/00000268.jpg	0	494	72	569	146	id0
I4MDvSHM9Vs/00000164.jpg	0	501	80	563	142	id0
I4MDvSHM9Vs/00000754.jpg	0	494	80	557	142	id0
I4MDvSHM9Vs/00000048.jpg	0	494	80	557	142	id0
I4MDvSHM9Vs/00000458.jpg	0	501	80	563	142	id0
I4MDvSHM9Vs/00000962.jpg	0	501	73	563	135	id0
I4MDvSHM9Vs/00000137.jpg	0	494	73	557	135	id0
I4MDvSHM9Vs/00000418.jpg	0	508	73	570	135	id0
I4MDvSHM9Vs/00000104.jpg	0	508	73	570	135	id0
I4MDvSHM9Vs/00000015.jpg	0	481	73	543	135	id0
I4MDvSHM9Vs/00000237.jpg	0	501	73	563	135	id0
I4MDvSHM9Vs/00000629.jpg	0	511	72	585	146	id0
I4MDvSHM9Vs/00000012.jpg	0	487	73	550	135	id0
I4MDvSHM9Vs/00000089.jpg	0	502	72	577	146	id0
I4MDvSHM9Vs/00000044.jpg	0	494	73	557	135	id0
I4MDvSHM9Vs/00000579.jpg	0	504	78	556	130	id0
I4MDvSHM9Vs/00000564.jpg	0	494	80	557	142	id0
I4MDvSHM9Vs/00000133.jpg	0	494	73	557	135	id0
I4MDvSHM9Vs/00000489.jpg	0	501	80	563	142	id0
I4MDvSHM9Vs/00000663.jpg	0	501	80	563	142	id0
I4MDvSHM9Vs/00000087.jpg	0	502	72	577	146	id0
I4MDvSHM9Vs/00000147.jpg	0	501	73	563	135	id0
I4MDvSHM9Vs/00000793.jpg	0	508	80	570	142	id0
I4MDvSHM9Vs/00000151.jpg	0	501	80	563	142	id0
I4MDvSHM9Vs/00000449.jpg	0	501	80	563	142	id0
I4MDvSHM9Vs/00000226.jpg	0	501	73	563	135	id0
I4MDvSHM9Vs/00000461.jpg	0	501	80	563	142	id0
I4MDvSHM9Vs/00000464.jpg	0	501	80	563	142	id0
I4MDvSHM9Vs/00000549.jpg	0	494	73	557	135	id0
I4MDvSHM9Vs/00000661.jpg	0	501	80	563	142	id0
I4MDvSHM9Vs/00000335.jpg	0	522	73	584	135	id0
I4MDvSHM9Vs/00000762.jpg	0	494	80	557	142	id0
I4MDvSHM9Vs/00000964.jpg	0	501	73	563	135	id0
I4MDvSHM9Vs/00000306.jpg	0	508	80	570	142	id0
I4MDvSHM9Vs/00000583.jpg	0	501	73	563	135	id0
I4MDvSHM9Vs/00000574.jpg	0	494	73	557	135	id0
I4MDvSHM9Vs/00000239.jpg	0	501	73	563	135	id0
I4MDvSHM9Vs/00000476.jpg	0	494	72	569	146	id0
I4MDvSHM9Vs/00000011.jpg	0	487	73	550	135	id0
I4MDvSHM9Vs/00000777.jpg	0	501	80	563	142	id0
I4MDvSHM9Vs/00000359.jpg	0	515	80	577	142	id0
I4MDvSHM9Vs/00000787.jpg	0	508	80	570	142	id0
I4MDvSHM9Vs/00000749.jpg	0	494	80	557	142	id0
I4MDvSHM9Vs/00000505.jpg	0	508	73	570	135	id0
I4MDvSHM9Vs/00000678.jpg	0	486	72	560	146	id0
I4MDvSHM9Vs/00000352.jpg	0	522	80	584	142	id0
I4MDvSHM9Vs/00000665.jpg	0	494	80	557	142	id0
I4MDvSHM9Vs/00000344.jpg	0	522	80	584	142	id0
I4MDvSHM9Vs/00000956.jpg	0	501	73	563	135	id0
I4MDvSHM9Vs/00000343.jpg	0	522	80	584	142	id0
I4MDvSHM9Vs/00000064.jpg	0	508	73	570	135	id0
I4MDvSHM9Vs/00000751.jpg	0	494	80	557	142	id0
I4MDvSHM9Vs/00000072.jpg	0	515	80	577	142	id0
I4MDvSHM9Vs/00000263.jpg	0	501	73	563	135	id0
I4MDvSHM9Vs/00000232.jpg	0	501	73	563	135	id0
I4MDvSHM9Vs/00000729.jpg	0	494	80	557	142	id0
I4MDvSHM9Vs/00000185.jpg	0	494	80	557	142	id0
I4MDvSHM9Vs/00000347.jpg	0	522	80	584	142	id0
I4MDvSHM9Vs/00000815.jpg	0	515	73	577	135	id0
I4MDvSHM9Vs/00000931.jpg	0	515	73	577	135	id0
I4MDvSHM9Vs/00000669.jpg	0	494	80	557	142	id0
I4MDvSHM9Vs/00000675.jpg	0	494	80	557	142	id0
I4MDvSHM9Vs/00000062.jpg	0	508	73	570	135	id0
I4MDvSHM9Vs/00000045.jpg	0	494	73	557	135	id0
I4MDvSHM9Vs/00000296.jpg	0	508	80	570	142	id0
I4MDvSHM9Vs/00000269.jpg	0	501	80	563	142	id0
I4MDvSHM9Vs/00000172.jpg	0	501	80	563	142	id0
I4MDvSHM9Vs/00000419.jpg	0	508	73	570	135	id0
I4MDvSHM9Vs/00000196.jpg	0	494	80	557	142	id0
I4MDvSHM9Vs/00000546.jpg	0	494	73	557	135	id0
I4MDvSHM9Vs/00000304.jpg	0	508	80	570	142	id0
I4MDvSHM9Vs/00000599.jpg	0	508	80	570	142	id0
I4MDvSHM9Vs/00000289.jpg	0	510	78	561	130	id0
I4MDvSHM9Vs/00000353.jpg	0	522	80	584	142	id0
I4MDvSHM9Vs/00000694.jpg	0	487	73	550	135	id0
I4MDvSHM9Vs/00000543.jpg	0	494	73	557	135	id0
I4MDvSHM9Vs/00000039.jpg	0	487	80	550	142	id0
I4MDvSHM9Vs/00000779.jpg	0	501	80	563	142	id0
I4MDvSHM9Vs/00000448.jpg	0	501	80	563	142	id0
I4MDvSHM9Vs/00000126.jpg	0	494	73	557	135	id0
I4MDvSHM9Vs/00000820.jpg	0	522	80	584	142	id0
I4MDvSHM9Vs/00000584.jpg	0	501	73	563	135	id0
I4MDvSHM9Vs/00000477.jpg	0	494	72	569	146	id0
I4MDvSHM9Vs/00000937.jpg	0	515	80	577	142	id0
I4MDvSHM9Vs/00000615.jpg	0	508	80	570	142	id0
I4MDvSHM9Vs/00000766.jpg	0	494	80	557	142	id0
I4MDvSHM9Vs/00000640.jpg	0	515	80	577	142	id0
I4MDvSHM9Vs/00000234.jpg	0	501	73	563	135	id0
I4MDvSHM9Vs/00000324.jpg	0	515	80	577	142	id0
I4MDvSHM9Vs/00000086.jpg	0	515	73	577	135	id0
I4MDvSHM9Vs/00000302.jpg	0	508	80	570	142	id0
I4MDvSHM9Vs/00000002.jpg	0	487	73	550	135	id0
I4MDvSHM9Vs/00000135.jpg	0	494	73	557	135	id0
I4MDvSHM9Vs/00000491.jpg	0	501	80	563	142	id0
I4MDvSHM9Vs/00000611.jpg	0	508	73	570	135	id0
I4MDvSHM9Vs/00000163.jpg	0	501	80	563	142	id0
I4MDvSHM9Vs/00000243.jpg	0	501	73	563	135	id0
I4MDvSHM9Vs/00000670.jpg	0	486	72	560	146	id0
I4MDvSHM9Vs/00000421.jpg	0	508	73	570	135	id0
I4MDvSHM9Vs/00000720.jpg	0	494	80	557	142	id0
I4MDvSHM9Vs/00000522.jpg	0	508	73	570	135	id0
I4MDvSHM9Vs/00000046.jpg	0	494	73	557	135	id0
I4MDvSHM9Vs/00000595.jpg	0	508	73	570	135	id0
I4MDvSHM9Vs/00000487.jpg	0	501	80	563	142	id0
I4MDvSHM9Vs/00000023.jpg	0	481	80	543	142	id0
I4MDvSHM9Vs/00000450.jpg	0	501	80	563	142	id0
I4MDvSHM9Vs/00000625.jpg	0	515	80	577	142	id0
I4MDvSHM9Vs/00000413.jpg	0	508	73	570	135	id0
I4MDvSHM9Vs/00000823.jpg	0	522	80	584	142	id0
I4MDvSHM9Vs/00000222.jpg	0	501	73	563	135	id0
I4MDvSHM9Vs/00000326.jpg	0	515	80	577	142	id0
I4MDvSHM9Vs/00000842.jpg	0	481	80	543	142	id0
I4MDvSHM9Vs/00000408.jpg	0	508	73	570	135	id0
I4MDvSHM9Vs/00000043.jpg	0	494	73	557	135	id0
I4MDvSHM9Vs/00000768.jpg	0	494	80	557	142	id0
I4MDvSHM9Vs/00000139.jpg	0	494	73	557	135	id0
I4MDvSHM9Vs/00000060.jpg	0	508	73	570	135	id0
I4MDvSHM9Vs/00000750.jpg	0	494	80	557	142	id0
I4MDvSHM9Vs/00000025.jpg	0	481	80	543	142	id0
I4MDvSHM9Vs/00000262.jpg	0	501	73	563	135	id0
I4MDvSHM9Vs/00000177.jpg	0	494	72	569	146	id0
I4MDvSHM9Vs/00000174.jpg	0	501	80	563	142	id0
I4MDvSHM9Vs/00000018.jpg	0	481	73	543	135	id0
I4MDvSHM9Vs/00000411.jpg	0	508	73	570	135	id0
I4MDvSHM9Vs/00000055.jpg	0	501	80	563	142	id0
I4MDvSHM9Vs/00000004.jpg	0	487	73	550	135	id0
I4MDvSHM9Vs/00000294.jpg	0	508	80	570	142	id0
I4MDvSHM9Vs/00000835.jpg	0	508	80	570	142	id0
I4MDvSHM9Vs/00000553.jpg	0	486	72	560	146	id0
I4MDvSHM9Vs/00000790.jpg	0	508	80	570	142	id0
I4MDvSHM9Vs/00000513.jpg	0	508	80	570	142	id0
I4MDvSHM9Vs/00000795.jpg	0	508	80	570	142	id0
I4MDvSHM9Vs/00000223.jpg	0	494	72	569	146	id0
I4MDvSHM9Vs/00000115.jpg	0	501	73	563	135	id0
I4MDvSHM9Vs/00000381.jpg	0	508	80	570	142	id0
I4MDvSHM9Vs/00000207.jpg	0	494	73	557	135	id0
I4MDvSHM9Vs/00000656.jpg	0	508	80	570	142	id0
I4MDvSHM9Vs/00000410.jpg	0	508	73	570	135	id0
I4MDvSHM9Vs/00000654.jpg	0	508	80	570	142	id0
I4MDvSHM9Vs/00000285.jpg	0	501	73	563	135	id0
I4MDvSHM9Vs/00000682.jpg	0	487	80	550	142	id0
I4MDvSHM9Vs/00000550.jpg	0	494	73	557	135	id0
I4MDvSHM9Vs/00000572.jpg	0	494	73	557	135	id0
I4MDvSHM9Vs/00000146.jpg	0	501	73	563	135	id0
I4MDvSHM9Vs/00000928.jpg	0	511	72	585	146	id0
I4MDvSHM9Vs/00000517.jpg	0	508	73	570	135	id0
I4MDvSHM9Vs/00000267.jpg	0	501	73	563	135	id0
I4MDvSHM9Vs/00000358.jpg	0	515	80	577	142	id0
I4MDvSHM9Vs/00000691.jpg	0	487	73	550	135	id0
I4MDvSHM9Vs/00000932.jpg	0	515	73	577	135	id0
I4MDvSHM9Vs/00000382.jpg	0	508	80	570	142	id0
I4MDvSHM9Vs/00000562.jpg	0	494	80	557	142	id0
I4MDvSHM9Vs/00000138.jpg	0	494	73	557	135	id0
I4MDvSHM9Vs/00000417.jpg	0	508	73	570	135	id0
I4MDvSHM9Vs/00000748.jpg	0	494	80	557	142	id0
I4MDvSHM9Vs/00000132.jpg	0	494	73	557	135	id0
I4MDvSHM9Vs/00000434.jpg	0	508	80	570	142	id0
I4MDvSHM9Vs/00000554.jpg	0	486	72	560	146	id0
I4MDvSHM9Vs/00000929.jpg	0	511	72	585	146	id0
I4MDvSHM9Vs/00000533.jpg	0	501	80	563	142	id0
I4MDvSHM9Vs/00000341.jpg	0	522	80	584	142	id0
I4MDvSHM9Vs/00000252.jpg	0	494	72	569	146	id0
I4MDvSHM9Vs/00000536.jpg	0	501	80	563	142	id0
I4MDvSHM9Vs/00000943.jpg	0	515	73	577	135	id0
I4MDvSHM9Vs/00000325.jpg	0	515	80	577	142	id0
I4MDvSHM9Vs/00000374.jpg	0	508	80	570	142	id0
I4MDvSHM9Vs/00000346.jpg	0	522	80	584	142	id0
I4MDvSHM9Vs/00000733.jpg	0	494	80	557	142	id0
I4MDvSHM9Vs/00000443.jpg	0	501	80	563	142	id0
I4MDvSHM9Vs/00000310.jpg	0	515	80	577	142	id0
I4MDvSHM9Vs/00000140.jpg	0	494	73	557	135	id0
I4MDvSHM9Vs/00000182.jpg	0	494	72	569	146	id0
I4MDvSHM9Vs/00000338.jpg	0	522	73	584	135	id0
I4MDvSHM9Vs/00000484.jpg	0	501	80	563	142	id0
I4MDvSHM9Vs/00000714.jpg	0	487	73	550	135	id0
I4MDvSHM9Vs/00000320.jpg	0	515	80	577	142	id0
I4MDvSHM9Vs/00000731.jpg	0	494	80	557	142	id0
I4MDvSHM9Vs/00000726.jpg	0	494	80	557	142	id0
I4MDvSHM9Vs/00000128.jpg	0	494	73	557	135	id0
I4MDvSHM9Vs/00000769.jpg	0	494	80	557	142	id0
I4MDvSHM9Vs/00000944.jpg	0	508	73	570	135	id0
I4MDvSHM9Vs/00000201.jpg	0	494	80	557	142	id0
I4MDvSHM9Vs/00000190.jpg	0	494	73	557	135	id0
I4MDvSHM9Vs/00000672.jpg	0	494	80	557	142	id0
I4MDvSHM9Vs/00000398.jpg	0	501	73	563	135	id0
I4MDvSHM9Vs/00000290.jpg	0	510	78	561	130	id0
I4MDvSHM9Vs/00000036.jpg	0	487	80	550	142	id0
I4MDvSHM9Vs/00000313.jpg	0	515	80	577	142	id0
I4MDvSHM9Vs/00000791.jpg	0	508	80	570	142	id0
I4MDvSHM9Vs/00000838.jpg	0	494	73	557	135	id0
I4MDvSHM9Vs/00000551.jpg	0	494	73	557	135	id0
I4MDvSHM9Vs/00000272.jpg	0	501	80	563	142	id0
I4MDvSHM9Vs/00000244.jpg	0	501	73	563	135	id0
I4MDvSHM9Vs/00000800.jpg	0	515	73	577	135	id0
I4MDvSHM9Vs/00000958.jpg	0	501	73	563	135	id0
I4MDvSHM9Vs/00000700.jpg	0	487	80	550	142	id0
I4MDvSHM9Vs/00000504.jpg	0	508	73	570	135	id0
I4MDvSHM9Vs/00000388.jpg	0	508	73	570	135	id0
I4MDvSHM9Vs/00000721.jpg	0	494	80	557	142	id0
I4MDvSHM9Vs/00000040.jpg	0	486	72	560	146	id0
I4MDvSHM9Vs/00000105.jpg	0	501	73	563	135	id0
I4MDvSHM9Vs/00000634.jpg	0	511	72	585	146	id0
I4MDvSHM9Vs/00000292.jpg	0	508	80	570	142	id0
I4MDvSHM9Vs/00000511.jpg	0	508	73	570	135	id0
I4MDvSHM9Vs/00000713.jpg	0	487	73	550	135	id0
I4MDvSHM9Vs/00000165.jpg	0	501	80	563	142	id0
I4MDvSHM9Vs/00000512.jpg	0	508	73	570	135	id0
I4MDvSHM9Vs/00000228.jpg	0	501	73	563	135	id0
I4MDvSHM9Vs/00000157.jpg	0	494	72	569	146	id0
I4MDvSHM9Vs/00000738.jpg	0	494	80	557	142	id0
I4MDvSHM9Vs/00000633.jpg	0	511	72	585	146	id0
I4MDvSHM9Vs/00000796.jpg	0	508	80	570	142	id0
I4MDvSHM9Vs/00000968.jpg	0	501	73	563	135	id0
I4MDvSHM9Vs/00000057.jpg	0	501	80	563	142	id0
I4MDvSHM9Vs/00000727.jpg	0	494	80	557	142	id0
I4MDvSHM9Vs/00000524.jpg	0	508	73	570	135	id0
I4MDvSHM9Vs/00000730.jpg	0	494	80	557	142	id0
I4MDvSHM9Vs/00000184.jpg	0	494	72	569	146	id0
I4MDvSHM9Vs/00000620.jpg	0	515	80	577	142	id0
I4MDvSHM9Vs/00000940.jpg	0	515	80	577	142	id0
I4MDvSHM9Vs/00000537.jpg	0	501	80	563	142	id0
I4MDvSHM9Vs/00000186.jpg	0	494	80	557	142	id0
I4MDvSHM9Vs/00000042.jpg	0	494	73	557	135	id0
I4MDvSHM9Vs/00000447.jpg	0	501	80	563	142	id0
I4MDvSHM9Vs/00000605.jpg	0	508	80	570	142	id0
I4MDvSHM9Vs/00000586.jpg	0	501	73	563	135	id0
I4MDvSHM9Vs/00000033.jpg	0	478	72	552	146	id0
I4MDvSHM9Vs/00000705.jpg	0	487	80	550	142	id0
I4MDvSHM9Vs/00000440.jpg	0	501	80	563	142	id0
I4MDvSHM9Vs/00000210.jpg	0	494	73	557	135	id0
I4MDvSHM9Vs/00000397.jpg	0	501	73	563	135	id0
I4MDvSHM9Vs/00000321.jpg	0	515	80	577	142	id0
I4MDvSHM9Vs/00000354.jpg	0	522	80	584	142	id0
I4MDvSHM9Vs/00000475.jpg	0	501	80	563	142	id0
I4MDvSHM9Vs/00000649.jpg	0	508	73	570	135	id0
I4MDvSHM9Vs/00000183.jpg	0	494	72	569	146	id0
I4MDvSHM9Vs/00000732.jpg	0	494	80	557	142	id0
I4MDvSHM9Vs/00000211.jpg	0	494	73	557	135	id0
I4MDvSHM9Vs/00000009.jpg	0	487	73	550	135	id0
I4MDvSHM9Vs/00000930.jpg	0	515	73	577	135	id0
I4MDvSHM9Vs/00000797.jpg	0	515	80	577	142	id0
I4MDvSHM9Vs/00000339.jpg	0	522	80	584	142	id0
I4MDvSHM9Vs/00000963.jpg	0	501	73	563	135	id0
I4MDvSHM9Vs/00000646.jpg	0	508	73	570	135	id0
I4MDvSHM9Vs/00000096.jpg	0	502	72	577	146	id0
I4MDvSHM9Vs/00000941.jpg	0	515	80	577	142	id0
I4MDvSHM9Vs/00000068.jpg	0	508	80	570	142	id0
I4MDvSHM9Vs/00000494.jpg	0	508	80	570	142	id0
I4MDvSHM9Vs/00000788.jpg	0	508	80	570	142	id0
I4MDvSHM9Vs/00000024.jpg	0	481	80	543	142	id0
I4MDvSHM9Vs/00000412.jpg	0	508	73	570	135	id0
I4MDvSHM9Vs/00000202.jpg	0	494	80	557	142	id0
I4MDvSHM9Vs/00000626.jpg	0	515	80	577	142	id0
I4MDvSHM9Vs/00000473.jpg	0	494	72	569	146	id0
I4MDvSHM9Vs/00000841.jpg	0	487	80	550	142	id0
I4MDvSHM9Vs/00000540.jpg	0	501	80	563	142	id0
I4MDvSHM9Vs/00000050.jpg	0	494	80	557	142	id0
I4MDvSHM9Vs/00000075.jpg	0	515	80	577	142	id0
I4MDvSHM9Vs/00000171.jpg	0	501	80	563	142	id0
I4MDvSHM9Vs/00000485.jpg	0	501	80	563	142	id0
I4MDvSHM9Vs/00000444.jpg	0	501	80	563	142	id0
I4MDvSHM9Vs/00000070.jpg	0	508	80	570	142	id0
I4MDvSHM9Vs/00000121.jpg	0	494	72	569	146	id0
I4MDvSHM9Vs/00000350.jpg	0	522	80	584	142	id0
I4MDvSHM9Vs/00000597.jpg	0	508	80	570	142	id0
I4MDvSHM9Vs/00000716.jpg	0	486	72	560	146	id0
I4MDvSHM9Vs/00000961.jpg	0	501	73	563	135	id0
I4MDvSHM9Vs/00000311.jpg	0	515	80	577	142	id0
I4MDvSHM9Vs/00000794.jpg	0	508	80	570	142	id0
I4MDvSHM9Vs/00000206.jpg	0	494	73	557	135	id0
I4MDvSHM9Vs/00000538.jpg	0	501	80	563	142	id0
I4MDvSHM9Vs/00000970.jpg	0	501	73	563	135	id0
I4MDvSHM9Vs/00000219.jpg	0	501	73	563	135	id0
I4MDvSHM9Vs/00000637.jpg	0	515	80	577	142	id0
I4MDvSHM9Vs/00000161.jpg	0	494	72	569	146	id0
I4MDvSHM9Vs/00000063.jpg	0	508	73	570	135	id0
I4MDvSHM9Vs/00000960.jpg	0	501	73	563	135	id0
I4MDvSHM9Vs/00000926.jpg	0	515	80	577	142	id0
I4MDvSHM9Vs/00000051.jpg	0	494	72	569	146	id0
I4MDvSHM9Vs/00000395.jpg	0	501	73	563	135	id0
I4MDvSHM9Vs/00000059.jpg	0	508	73	570	135	id0
I4MDvSHM9Vs/00000591.jpg	0	508	73	570	135	id0
I4MDvSHM9Vs/00000822.jpg	0	522	80	584	142	id0
I4MDvSHM9Vs/00000690.jpg	0	487	73	550	135	id0
I4MDvSHM9Vs/00000129.jpg	0	494	73	557	135	id0
I4MDvSHM9Vs/00000593.jpg	0	508	73	570	135	id0
I4MDvSHM9Vs/00000468.jpg	0	501	80	563	142	id0
I4MDvSHM9Vs/00000919.jpg	0	501	80	563	142	id0
I4MDvSHM9Vs/00000709.jpg	0	487	80	550	142	id0
I4MDvSHM9Vs/00000681.jpg	0	487	80	550	142	id0
I4MDvSHM9Vs/00000286.jpg	0	501	73	563	135	id0
I4MDvSHM9Vs/00000520.jpg	0	508	73	570	135	id0
I4MDvSHM9Vs/00000061.jpg	0	508	73	570	135	id0
I4MDvSHM9Vs/00000478.jpg	0	501	80	563	142	id0
I4MDvSHM9Vs/00000322.jpg	0	515	80	577	142	id0
I4MDvSHM9Vs/00000653.jpg	0	508	73	570	135	id0
I4MDvSHM9Vs/00000108.jpg	0	501	73	563	135	id0
I4MDvSHM9Vs/00000391.jpg	0	501	73	563	135	id0
I4MDvSHM9Vs/00000217.jpg	0	501	73	563	135	id0
I4MDvSHM9Vs/00000695.jpg	0	487	73	550	135	id0
I4MDvSHM9Vs/00000006.jpg	0	487	73	550	135	id0
I4MDvSHM9Vs/00000642.jpg	0	515	80	577	142	id0
I4MDvSHM9Vs/00000439.jpg	0	501	80	563	142	id0
I4MDvSHM9Vs/00000299.jpg	0	508	80	570	142	id0
I4MDvSHM9Vs/00000603.jpg	0	508	80	570	142	id0
I4MDvSHM9Vs/00000801.jpg	0	515	73	577	135	id0
I4MDvSHM9Vs/00000331.jpg	0	522	80	584	142	id0
I4MDvSHM9Vs/00000493.jpg	0	501	80	563	142	id0
I4MDvSHM9Vs/00000648.jpg	0	508	73	570	135	id0
I4MDvSHM9Vs/00000401.jpg	0	501	73	563	135	id0
I4MDvSHM9Vs/00000003.jpg	0	487	73	550	135	id0
I4MDvSHM9Vs/00000017.jpg	0	481	73	543	135	id0
I4MDvSHM9Vs/00000783.jpg	0	501	80	563	142	id0
I4MDvSHM9Vs/00000124.jpg	0	494	72	569	146	id0
I4MDvSHM9Vs/00000771.jpg	0	494	80	557	142	id0
I4MDvSHM9Vs/00000250.jpg	0	494	72	569	146	id0
I4MDvSHM9Vs/00000542.jpg	0	501	80	563	142	id0
I4MDvSHM9Vs/00000925.jpg	0	515	73	577	135	id0
I4MDvSHM9Vs/00000594.jpg	0	508	73	570	135	id0
I4MDvSHM9Vs/00000369.jpg	0	508	80	570	142	id0
I4MDvSHM9Vs/00000441.jpg	0	501	73	563	135	id0
I4MDvSHM9Vs/00000100.jpg	0	502	72	577	146	id0
I4MDvSHM9Vs/00000809.jpg	0	515	80	577	142	id0
I4MDvSHM9Vs/00000297.jpg	0	508	80	570	142	id0
I4MDvSHM9Vs/00000030.jpg	0	481	80	543	142	id0
I4MDvSHM9Vs/00000251.jpg	0	494	72	569	146	id0
I4MDvSHM9Vs/00000568.jpg	0	494	80	557	142	id0
I4MDvSHM9Vs/00000079.jpg	0	515	80	577	142	id0
I4MDvSHM9Vs/00000462.jpg	0	501	80	563	142	id0
I4MDvSHM9Vs/00000630.jpg	0	511	72	585	146	id0
I4MDvSHM9Vs/00000514.jpg	0	508	73	570	135	id0
I4MDvSHM9Vs/00000518.jpg	0	508	73	570	135	id0
I4MDvSHM9Vs/00000948.jpg	0	508	73	570	135	id0
I4MDvSHM9Vs/00000022.jpg	0	481	80	543	142	id0
I4MDvSHM9Vs/00000495.jpg	0	508	80	570	142	id0
I4MDvSHM9Vs/00000445.jpg	0	501	80	563	142	id0
I4MDvSHM9Vs/00000162.jpg	0	501	80	563	142	id0
I4MDvSHM9Vs/00000038.jpg	0	487	80	550	142	id0
I4MDvSHM9Vs/00000258.jpg	0	501	73	563	135	id0
I4MDvSHM9Vs/00000528.jpg	0	501	80	563	142	id0
I4MDvSHM9Vs/00000191.jpg	0	494	73	557	135	id0
I4MDvSHM9Vs/00000456.jpg	0	501	80	563	142	id0
I4MDvSHM9Vs/00000189.jpg	0	494	73	557	135	id0
I4MDvSHM9Vs/00000515.jpg	0	508	73	570	135	id0
I4MDvSHM9Vs/00000541.jpg	0	501	80	563	142	id0
I4MDvSHM9Vs/00000953.jpg	0	508	73	570	135	id0
I4MDvSHM9Vs/00000480.jpg	0	501	80	563	142	id0
I4MDvSHM9Vs/00000301.jpg	0	508	80	570	142	id0
I4MDvSHM9Vs/00000067.jpg	0	508	80	570	142	id0
I4MDvSHM9Vs/00000216.jpg	0	501	73	563	135	id0
I4MDvSHM9Vs/00000764.jpg	0	494	80	557	142	id0
I4MDvSHM9Vs/00000130.jpg	0	494	73	557	135	id0
I4MDvSHM9Vs/00000667.jpg	0	494	80	557	142	id0
I4MDvSHM9Vs/00000215.jpg	0	501	73	563	135	id0
I4MDvSHM9Vs/00000497.jpg	0	508	80	570	142	id0
I4MDvSHM9Vs/00000527.jpg	0	501	73	563	135	id0
I4MDvSHM9Vs/00000414.jpg	0	508	73	570	135	id0
I4MDvSHM9Vs/00000718.jpg	0	494	80	557	142	id0
I4MDvSHM9Vs/00000950.jpg	0	508	73	570	135	id0
I4MDvSHM9Vs/00000535.jpg	0	501	80	563	142	id0
I4MDvSHM9Vs/00000005.jpg	0	487	73	550	135	id0
I4MDvSHM9Vs/00000453.jpg	0	501	80	563	142	id0
I4MDvSHM9Vs/00000176.jpg	0	494	72	569	146	id0
I4MDvSHM9Vs/00000469.jpg	0	501	80	563	142	id0
I4MDvSHM9Vs/00000688.jpg	0	487	73	550	135	id0
I4MDvSHM9Vs/00000066.jpg	0	508	73	570	135	id0
I4MDvSHM9Vs/00000330.jpg	0	522	80	584	142	id0
I4MDvSHM9Vs/00000259.jpg	0	501	73	563	135	id0
I4MDvSHM9Vs/00000530.jpg	0	501	80	563	142	id0
I4MDvSHM9Vs/00000021.jpg	0	481	80	543	142	id0
I4MDvSHM9Vs/00000198.jpg	0	494	80	557	142	id0
I4MDvSHM9Vs/00000271.jpg	0	501	80	563	142	id0
I4MDvSHM9Vs/00000366.jpg	0	502	72	577	146	id0
I4MDvSHM9Vs/00000090.jpg	0	508	73	570	135	id0
I4MDvSHM9Vs/00000482.jpg	0	501	80	563	142	id0
I4MDvSHM9Vs/00000175.jpg	0	501	80	563	142	id0
I4MDvSHM9Vs/00000582.jpg	0	501	73	563	135	id0
I4MDvSHM9Vs/00000818.jpg	0	515	80	577	142	id0
I4MDvSHM9Vs/00000772.jpg	0	494	80	569	155	id0
I4MDvSHM9Vs/00000305.jpg	0	508	80	570	142	id0
I4MDvSHM9Vs/00000430.jpg	0	508	80	570	142	id0
I4MDvSHM9Vs/00000187.jpg	0	494	73	557	135	id0
I4MDvSHM9Vs/00000348.jpg	0	522	80	584	142	id0
I4MDvSHM9Vs/00000936.jpg	0	515	73	577	135	id0
I4MDvSHM9Vs/00000333.jpg	0	522	80	584	142	id0
I4MDvSHM9Vs/00000069.jpg	0	508	80	570	142	id0
I4MDvSHM9Vs/00000545.jpg	0	494	73	557	135	id0
I4MDvSHM9Vs/00000148.jpg	0	494	72	569	146	id0
I4MDvSHM9Vs/00000264.jpg	0	501	73	563	135	id0
I4MDvSHM9Vs/00000740.jpg	0	494	80	557	142	id0
I4MDvSHM9Vs/00000585.jpg	0	501	73	563	135	id0
I4MDvSHM9Vs/00000396.jpg	0	501	73	563	135	id0
I4MDvSHM9Vs/00000150.jpg	0	501	80	563	142	id0
I4MDvSHM9Vs/00000433.jpg	0	508	80	570	142	id0
I4MDvSHM9Vs/00000668.jpg	0	494	80	557	142	id0
I4MDvSHM9Vs/00000577.jpg	0	494	73	557	135	id0
I4MDvSHM9Vs/00000103.jpg	0	508	73	570	135	id0
I4MDvSHM9Vs/00000167.jpg	0	501	80	563	142	id0
I4MDvSHM9Vs/00000360.jpg	0	515	80	577	142	id0
I4MDvSHM9Vs/00000760.jpg	0	494	80	557	142	id0
I4MDvSHM9Vs/00000939.jpg	0	515	80	577	142	id0
I4MDvSHM9Vs/00000802.jpg	0	515	73	577	135	id0
I4MDvSHM9Vs/00000357.jpg	0	515	80	577	142	id0
I4MDvSHM9Vs/00000474.jpg	0	494	72	569	146	id0
I4MDvSHM9Vs/00000627.jpg	0	515	80	577	142	id0
I4MDvSHM9Vs/00000923.jpg	0	508	73	570	135	id0
I4MDvSHM9Vs/00000735.jpg	0	494	80	557	142	id0
I4MDvSHM9Vs/00000118.jpg	0	494	72	569	146	id0
I4MDvSHM9Vs/00000673.jpg	0	494	80	557	142	id0
I4MDvSHM9Vs/00000955.jpg	0	501	73	563	135	id0
I4MDvSHM9Vs/00000362.jpg	0	515	80	577	142	id0
I4MDvSHM9Vs/00000753.jpg	0	494	80	557	142	id0
I4MDvSHM9Vs/00000466.jpg	0	501	80	563	142	id0
I4MDvSHM9Vs/00000938.jpg	0	515	80	577	142	id0
I4MDvSHM9Vs/00000029.jpg	0	481	80	543	142	id0
I4MDvSHM9Vs/00000355.jpg	0	515	80	577	142	id0
I4MDvSHM9Vs/00000600.jpg	0	508	80	570	142	id0
I4MDvSHM9Vs/00000188.jpg	0	494	73	557	135	id0
I4MDvSHM9Vs/00000031.jpg	0	478	72	552	146	id0
I4MDvSHM9Vs/00000813.jpg	0	515	80	577	142	id0
I4MDvSHM9Vs/00000596.jpg	0	508	73	570	135	id0
I4MDvSHM9Vs/00000077.jpg	0	515	80	577	142	id0
I4MDvSHM9Vs/00000606.jpg	0	508	73	570	135	id0
I4MDvSHM9Vs/00000724.jpg	0	494	80	557	142	id0
I4MDvSHM9Vs/00000587.jpg	0	501	73	563	135	id0
I4MDvSHM9Vs/00000424.jpg	0	508	73	570	135	id0
I4MDvSHM9Vs/00000588.jpg	0	501	73	563	135	id0
I4MDvSHM9Vs/00000786.jpg	0	508	80	570	142	id0
I4MDvSHM9Vs/00000106.jpg	0	501	73	563	135	id0
I4MDvSHM9Vs/00000312.jpg	0	515	80	577	142	id0
I4MDvSHM9Vs/00000827.jpg	0	522	80	584	142	id0
I4MDvSHM9Vs/00000631.jpg	0	511	72	585	146	id0
I4MDvSHM9Vs/00000755.jpg	0	494	80	557	142	id0
I4MDvSHM9Vs/00000792.jpg	0	508	80	570	142	id0
I4MDvSHM9Vs/00000628.jpg	0	515	80	577	142	id0
I4MDvSHM9Vs/00000379.jpg	0	508	80	570	142	id0
I4MDvSHM9Vs/00000098.jpg	0	502	72	577	146	id0
I4MDvSHM9Vs/00000559.jpg	0	494	80	557	142	id0
I4MDvSHM9Vs/00000519.jpg	0	508	73	570	135	id0
I4MDvSHM9Vs/00000757.jpg	0	494	80	557	142	id0
I4MDvSHM9Vs/00000309.jpg	0	515	80	577	142	id0
I4MDvSHM9Vs/00000534.jpg	0	501	80	563	142	id0
I4MDvSHM9Vs/00000257.jpg	0	494	72	569	146	id0
I4MDvSHM9Vs/00000345.jpg	0	522	80	584	142	id0
I4MDvSHM9Vs/00000142.jpg	0	494	73	557	135	id0
I4MDvSHM9Vs/00000442.jpg	0	501	73	563	135	id0
I4MDvSHM9Vs/00000532.jpg	0	501	80	563	142	id0
I4MDvSHM9Vs/00000674.jpg	0	494	80	557	142	id0
I4MDvSHM9Vs/00000213.jpg	0	501	73	563	135	id0
I4MDvSHM9Vs/00000641.jpg	0	515	80	577	142	id0
I4MDvSHM9Vs/00000623.jpg	0	515	80	577	142	id0
I4MDvSHM9Vs/00000799.jpg	0	515	73	577	135	id0
I4MDvSHM9Vs/00000141.jpg	0	494	73	557	135	id0
I4MDvSHM9Vs/00000561.jpg	0	494	80	557	142	id0
I4MDvSHM9Vs/00000523.jpg	0	508	73	570	135	id0
I4MDvSHM9Vs/00000969.jpg	0	501	73	563	135	id0
I4MDvSHM9Vs/00000723.jpg	0	494	80	557	142	id0
I4MDvSHM9Vs/00000088.jpg	0	502	72	577	146	id0
I4MDvSHM9Vs/00000387.jpg	0	508	73	570	135	id0
I4MDvSHM9Vs/00000032.jpg	0	478	72	552	146	id0
I4MDvSHM9Vs/00000373.jpg	0	508	80	570	142	id0
I4MDvSHM9Vs/00000334.jpg	0	522	73	584	135	id0
I4MDvSHM9Vs/00000471.jpg	0	501	80	563	142	id0
I4MDvSHM9Vs/00000807.jpg	0	515	80	577	142	id0
I4MDvSHM9Vs/00000784.jpg	0	501	80	563	142	id0
I4MDvSHM9Vs/00000227.jpg	0	501	73	563	135	id0
I4MDvSHM9Vs/00000316.jpg	0	515	80	577	142	id0
I4MDvSHM9Vs/00000409.jpg	0	508	73	570	135	id0
I4MDvSHM9Vs/00000212.jpg	0	494	73	557	135	id0
I4MDvSHM9Vs/00000349.jpg	0	522	80	584	142	id0
I4MDvSHM9Vs/00000014.jpg	0	481	73	543	135	id0
I4MDvSHM9Vs/00000193.jpg	0	494	80	557	142	id0
I4MDvSHM9Vs/00000651.jpg	0	508	73	570	135	id0
I4MDvSHM9Vs/00000660.jpg	0	501	80	563	142	id0
I4MDvSHM9Vs/00000650.jpg	0	508	73	570	135	id0
I4MDvSHM9Vs/00000422.jpg	0	508	73	570	135	id0
I4MDvSHM9Vs/00000510.jpg	0	508	73	570	135	id0
I4MDvSHM9Vs/00000922.jpg	0	508	73	570	135	id0
I4MDvSHM9Vs/00000708.jpg	0	487	80	550	142	id0
I4MDvSHM9Vs/00000945.jpg	0	508	73	570	135	id0
I4MDvSHM9Vs/00000082.jpg	0	515	80	577	142	id0
I4MDvSHM9Vs/00000041.jpg	0	486	72	560	146	id0
I4MDvSHM9Vs/00000697.jpg	0	487	73	550	135	id0
I4MDvSHM9Vs/00000389.jpg	0	501	73	563	135	id0
I4MDvSHM9Vs/00000152.jpg	0	501	80	563	142	id0
I4MDvSHM9Vs/00000481.jpg	0	501	80	563	142	id0
I4MDvSHM9Vs/00000836.jpg	0	508	73	570	135	id0
I4MDvSHM9Vs/00000428.jpg	0	508	80	570	142	id0
I4MDvSHM9Vs/00000415.jpg	0	508	73	570	135	id0
I4MDvSHM9Vs/00000921.jpg	0	508	80	570	142	id0
I4MDvSHM9Vs/00000281.jpg	0	501	73	563	135	id0
I4MDvSHM9Vs/00000488.jpg	0	501	80	563	142	id0
I4MDvSHM9Vs/00000194.jpg	0	494	80	557	142	id0
I4MDvSHM9Vs/00000616.jpg	0	508	80	570	142	id0
I4MDvSHM9Vs/00000230.jpg	0	501	73	563	135	id0
I4MDvSHM9Vs/00000383.jpg	0	508	80	570	142	id0
I4MDvSHM9Vs/00000181.jpg	0	494	72	569	146	id0
I4MDvSHM9Vs/00000027.jpg	0	481	80	543	142	id0
I4MDvSHM9Vs/00000200.jpg	0	494	80	557	142	id0
I4MDvSHM9Vs/00000404.jpg	0	501	73	563	135	id0
I4MDvSHM9Vs/00000742.jpg	0	494	80	557	142	id0
I4MDvSHM9Vs/00000053.jpg	0	501	80	563	142	id0
I4MDvSHM9Vs/00000571.jpg	0	494	80	557	142	id0
I4MDvSHM9Vs/00000698.jpg	0	487	73	550	135	id0
I4MDvSHM9Vs/00000951.jpg	0	508	73	570	135	id0
I4MDvSHM9Vs/00000816.jpg	0	515	73	577	135	id0
I4MDvSHM9Vs/00000832.jpg	0	522	80	584	142	id0
I4MDvSHM9Vs/00000123.jpg	0	494	72	569	146	id0
I4MDvSHM9Vs/00000949.jpg	0	508	73	570	135	id0
I4MDvSHM9Vs/00000959.jpg	0	501	73	563	135	id0
I4MDvSHM9Vs/00000719.jpg	0	494	80	557	142	id0
I4MDvSHM9Vs/00000399.jpg	0	501	73	563	135	id0
I4MDvSHM9Vs/00000248.jpg	0	501	73	563	135	id0
I4MDvSHM9Vs/00000509.jpg	0	508	73	570	135	id0
I4MDvSHM9Vs/00000083.jpg	0	515	80	577	142	id0
I4MDvSHM9Vs/00000503.jpg	0	508	73	570	135	id0
I4MDvSHM9Vs/00000365.jpg	0	515	80	577	142	id0
I4MDvSHM9Vs/00000839.jpg	0	494	73	557	135	id0
I4MDvSHM9Vs/00000154.jpg	0	501	80	563	142	id0
I4MDvSHM9Vs/00000526.jpg	0	501	73	563	135	id0
I4MDvSHM9Vs/00000303.jpg	0	508	80	570	142	id0
I4MDvSHM9Vs/00000965.jpg	0	501	73	563	135	id0
I4MDvSHM9Vs/00000840.jpg	0	487	80	550	142	id0
I4MDvSHM9Vs/00000116.jpg	0	501	73	563	135	id0
I4MDvSHM9Vs/00000707.jpg	0	487	80	550	142	id0
I4MDvSHM9Vs/00000743.jpg	0	494	80	557	142	id0
I4MDvSHM9Vs/00000805.jpg	0	515	80	577	142	id0
I4MDvSHM9Vs/00000677.jpg	0	494	80	557	142	id0
I4MDvSHM9Vs/00000817.jpg	0	515	73	577	135	id0
I4MDvSHM9Vs/00000214.jpg	0	501	73	563	135	id0
I4MDvSHM9Vs/00000555.jpg	0	486	72	560	146	id0
I4MDvSHM9Vs/00000282.jpg	0	501	73	563	135	id0
I4MDvSHM9Vs/00000647.jpg	0	508	73	570	135	id0
I4MDvSHM9Vs/00000744.jpg	0	494	80	557	142	id0
I4MDvSHM9Vs/00000423.jpg	0	508	73	570	135	id0
I4MDvSHM9Vs/00000972.jpg	0	501	73	563	135	id0
I4MDvSHM9Vs/00000920.jpg	0	501	80	563	142	id0
I4MDvSHM9Vs/00000679.jpg	0	486	72	560	146	id0
I4MDvSHM9Vs/00000643.jpg	0	515	80	577	142	id0
I4MDvSHM9Vs/00000363.jpg	0	515	73	577	135	id0
I4MDvSHM9Vs/00000770.jpg	0	494	80	557	142	id0
I4MDvSHM9Vs/00000249.jpg	0	501	73	563	135	id0
I4MDvSHM9Vs/00000604.jpg	0	508	80	570	142	id0
I4MDvSHM9Vs/00000432.jpg	0	508	80	570	142	id0
I4MDvSHM9Vs/00000402.jpg	0	501	73	563	135	id0
I4MDvSHM9Vs/00000472.jpg	0	501	80	563	142	id0
I4MDvSHM9Vs/00000318.jpg	0	515	80	577	142	id0
I4MDvSHM9Vs/00000821.jpg	0	522	80	584	142	id0
I4MDvSHM9Vs/00000666.jpg	0	494	80	557	142	id0
I4MDvSHM9Vs/00000114.jpg	0	501	73	563	135	id0
I4MDvSHM9Vs/00000037.jpg	0	487	80	550	142	id0
I4MDvSHM9Vs/00000774.jpg	0	501	80	563	142	id0
I4MDvSHM9Vs/00000765.jpg	0	494	80	557	142	id0
I4MDvSHM9Vs/00000581.jpg	0	501	73	563	135	id0
I4MDvSHM9Vs/00000287.jpg	0	501	73	563	135	id0
I4MDvSHM9Vs/00000307.jpg	0	515	80	577	142	id0
I4MDvSHM9Vs/00000008.jpg	0	487	73	550	135	id0
I4MDvSHM9Vs/00000798.jpg	0	515	73	577	135	id0
I4MDvSHM9Vs/00000054.jpg	0	501	80	563	142	id0
I4MDvSHM9Vs/00000552.jpg	0	494	73	557	135	id0
I4MDvSHM9Vs/00000283.jpg	0	501	73	563	135	id0
I4MDvSHM9Vs/00000736.jpg	0	494	80	557	142	id0
I4MDvSHM9Vs/00000746.jpg	0	494	80	557	142	id0
I4MDvSHM9Vs/00000833.jpg	0	515	80	577	142	id0
I4MDvSHM9Vs/00000501.jpg	0	508	73	570	135	id0
I4MDvSHM9Vs/00000127.jpg	0	494	73	557	135	id0
I4MDvSHM9Vs/00000225.jpg	0	494	72	569	146	id0
I4MDvSHM9Vs/00000384.jpg	0	508	80	570	142	id0
I4MDvSHM9Vs/00000364.jpg	0	515	80	577	142	id0
I4MDvSHM9Vs/00000337.jpg	0	522	73	584	135	id0
I4MDvSHM9Vs/00000371.jpg	0	508	80	570	142	id0
I4MDvSHM9Vs/00000539.jpg	0	501	80	563	142	id0
I4MDvSHM9Vs/00000782.jpg	0	501	80	563	142	id0
I4MDvSHM9Vs/00000569.jpg	0	494	80	557	142	id0
I4MDvSHM9Vs/00000680.jpg	0	486	72	560	146	id0
I4MDvSHM9Vs/00000804.jpg	0	515	80	577	142	id0
I4MDvSHM9Vs/00000601.jpg	0	508	80	570	142	id0
I4MDvSHM9Vs/00000229.jpg	0	501	73	563	135	id0
I4MDvSHM9Vs/00000203.jpg	0	494	80	557	142	id0
I4MDvSHM9Vs/00000745.jpg	0	494	80	557	142	id0
I4MDvSHM9Vs/00000159.jpg	0	501	73	563	135	id0
I4MDvSHM9Vs/00000531.jpg	0	501	80	563	142	id0
I4MDvSHM9Vs/00000205.jpg	0	494	73	557	135	id0
I4MDvSHM9Vs/00000658.jpg	0	494	72	569	146	id0
I4MDvSHM9Vs/00000638.jpg	0	515	80	577	142	id0
I4MDvSHM9Vs/00000166.jpg	0	501	80	563	142	id0
I4MDvSHM9Vs/00000173.jpg	0	501	80	563	142	id0
I4MDvSHM9Vs/00000078.jpg	0	515	80	577	142	id0
I4MDvSHM9Vs/00000329.jpg	0	522	80	584	142	id0
I4MDvSHM9Vs/00000717.jpg	0	486	72	560	146	id0
I4MDvSHM9Vs/00000470.jpg	0	501	80	563	142	id0
I4MDvSHM9Vs/00000500.jpg	0	508	73	570	135	id0
I4MDvSHM9Vs/00000725.jpg	0	494	80	557	142	id0
I4MDvSHM9Vs/00000971.jpg	0	501	73	563	135	id0
I4MDvSHM9Vs/00000426.jpg	0	508	73	570	135	id0
I4MDvSHM9Vs/00000394.jpg	0	501	73	563	135	id0
I4MDvSHM9Vs/00000618.jpg	0	508	80	570	142	id0
I4MDvSHM9Vs/00000811.jpg	0	515	80	577	142	id0
I4MDvSHM9Vs/00000261.jpg	0	501	73	563	135	id0
I4MDvSHM9Vs/00000558.jpg	0	494	80	557	142	id0
I4MDvSHM9Vs/00000390.jpg	0	501	73	563	135	id0
I4MDvSHM9Vs/00000169.jpg	0	501	80	563	142	id0
I4MDvSHM9Vs/00000780.jpg	0	501	80	563	142	id0
I4MDvSHM9Vs/00000712.jpg	0	487	80	550	142	id0
I4MDvSHM9Vs/00000314.jpg	0	515	80	577	142	id0
I4MDvSHM9Vs/00000235.jpg	0	501	73	563	135	id0
I4MDvSHM9Vs/00000107.jpg	0	501	73	563	135	id0
I4MDvSHM9Vs/00000785.jpg	0	508	80	570	142	id0
I4MDvSHM9Vs/00000076.jpg	0	515	80	577	142	id0
I4MDvSHM9Vs/00000058.jpg	0	510	78	561	130	id0
I4MDvSHM9Vs/00000741.jpg	0	494	80	557	142	id0
I4MDvSHM9Vs/00000406.jpg	0	501	73	563	135	id0
I4MDvSHM9Vs/00000110.jpg	0	501	73	563	135	id0
I4MDvSHM9Vs/00000117.jpg	0	501	73	563	135	id0
I4MDvSHM9Vs/00000274.jpg	0	501	73	563	135	id0
I4MDvSHM9Vs/00000702.jpg	0	487	80	550	142	id0
I4MDvSHM9Vs/00000655.jpg	0	508	80	570	142	id0
I4MDvSHM9Vs/00000624.jpg	0	515	80	577	142	id0
I4MDvSHM9Vs/00000739.jpg	0	494	80	557	142	id0
I4MDvSHM9Vs/00000598.jpg	0	508	80	570	142	id0
I4MDvSHM9Vs/00000547.jpg	0	494	73	557	135	id0
I4MDvSHM9Vs/00000521.jpg	0	508	73	570	135	id0
I4MDvSHM9Vs/00000013.jpg	0	487	73	550	135	id0
I4MDvSHM9Vs/00000812.jpg	0	515	80	577	142	id0
I4MDvSHM9Vs/00000557.jpg	0	494	80	557	142	id0
I4MDvSHM9Vs/00000158.jpg	0	501	73	563	135	id0
I4MDvSHM9Vs/00000734.jpg	0	494	80	557	142	id0
I4MDvSHM9Vs/00000071.jpg	0	508	80	570	142	id0
I4MDvSHM9Vs/00000288.jpg	0	501	73	563	135	id0
I4MDvSHM9Vs/00000332.jpg	0	522	80	584	142	id0
I4MDvSHM9Vs/00000759.jpg	0	494	80	557	142	id0
I4MDvSHM9Vs/00000525.jpg	0	508	73	570	135	id0
I4MDvSHM9Vs/00000498.jpg	0	501	73	563	135	id0
I4MDvSHM9Vs/00000935.jpg	0	511	72	585	146	id0
I4MDvSHM9Vs/00000966.jpg	0	501	73	563	135	id0
I4MDvSHM9Vs/00000368.jpg	0	508	80	570	142	id0
I4MDvSHM9Vs/00000101.jpg	0	508	73	570	135	id0
I4MDvSHM9Vs/00000831.jpg	0	522	80	584	142	id0
I4MDvSHM9Vs/00000315.jpg	0	515	80	577	142	id0
I4MDvSHM9Vs/00000380.jpg	0	508	80	570	142	id0
I4MDvSHM9Vs/00000686.jpg	0	487	73	550	135	id0
I4MDvSHM9Vs/00000084.jpg	0	515	73	577	135	id0
I4MDvSHM9Vs/00000927.jpg	0	515	80	577	142	id0
I4MDvSHM9Vs/00000416.jpg	0	508	73	570	135	id0
I4MDvSHM9Vs/00000463.jpg	0	501	80	563	142	id0
I4MDvSHM9Vs/00000400.jpg	0	501	73	563	135	id0
I4MDvSHM9Vs/00000327.jpg	0	515	80	577	142	id0
I4MDvSHM9Vs/00000499.jpg	0	508	73	570	135	id0
I4MDvSHM9Vs/00000829.jpg	0	522	80	584	142	id0
I4MDvSHM9Vs/00000028.jpg	0	481	80	543	142	id0
I4MDvSHM9Vs/00000144.jpg	0	494	73	557	135	id0
I4MDvSHM9Vs/00000429.jpg	0	508	80	570	142	id0
I4MDvSHM9Vs/00000386.jpg	0	508	80	570	142	id0
I4MDvSHM9Vs/00000220.jpg	0	501	73	563	135	id0
I4MDvSHM9Vs/00000614.jpg	0	508	80	570	142	id0
I4MDvSHM9Vs/00000254.jpg	0	494	72	569	146	id0
I4MDvSHM9Vs/00000437.jpg	0	501	80	563	142	id0
I4MDvSHM9Vs/00000436.jpg	0	508	80	570	142	id0
I4MDvSHM9Vs/00000240.jpg	0	501	73	563	135	id0
I4MDvSHM9Vs/00000125.jpg	0	494	73	557	135	id0
I4MDvSHM9Vs/00000446.jpg	0	501	80	563	142	id0
I4MDvSHM9Vs/00000567.jpg	0	494	80	557	142	id0
I4MDvSHM9Vs/00000149.jpg	0	494	72	569	146	id0
I4MDvSHM9Vs/00000942.jpg	0	515	73	577	135	id0
I4MDvSHM9Vs/00000255.jpg	0	494	72	569	146	id0
I4MDvSHM9Vs/00000265.jpg	0	501	73	563	135	id0
I4MDvSHM9Vs/00000828.jpg	0	522	80	584	142	id0
I4MDvSHM9Vs/00000459.jpg	0	501	80	563	142	id0
I4MDvSHM9Vs/00000092.jpg	0	508	73	570	135	id0
I4MDvSHM9Vs/00000308.jpg	0	515	80	577	142	id0
I4MDvSHM9Vs/00000145.jpg	0	501	73	563	135	id0
I4MDvSHM9Vs/00000403.jpg	0	501	73	563	135	id0
I4MDvSHM9Vs/00000508.jpg	0	508	73	570	135	id0
I4MDvSHM9Vs/00000621.jpg	0	515	80	577	142	id0
I4MDvSHM9Vs/00000300.jpg	0	508	80	570	142	id0
I4MDvSHM9Vs/00000319.jpg	0	515	80	577	142	id0
I4MDvSHM9Vs/00000435.jpg	0	508	80	570	142	id0
I4MDvSHM9Vs/00000073.jpg	0	515	80	577	142	id0
I4MDvSHM9Vs/00000565.jpg	0	494	80	557	142	id0
I4MDvSHM9Vs/00000218.jpg	0	494	72	569	146	id0
I4MDvSHM9Vs/00000703.jpg	0	487	80	550	142	id0
I4MDvSHM9Vs/00000671.jpg	0	494	80	557	142	id0
I4MDvSHM9Vs/00000806.jpg	0	515	80	577	142	id0
I4MDvSHM9Vs/00000178.jpg	0	494	72	569	146	id0
I4MDvSHM9Vs/00000438.jpg	0	501	80	563	142	id0
I4MDvSHM9Vs/00000094.jpg	0	502	72	577	146	id0
I4MDvSHM9Vs/00000789.jpg	0	508	80	570	142	id0
I4MDvSHM9Vs/00000278.jpg	0	501	73	563	135	id0
I4MDvSHM9Vs/00000275.jpg	0	501	80	563	142	id0
I4MDvSHM9Vs/00000683.jpg	0	487	73	550	135	id0
I4MDvSHM9Vs/00000236.jpg	0	501	73	563	135	id0
I4MDvSHM9Vs/00000361.jpg	0	515	80	577	142	id0
I4MDvSHM9Vs/00000276.jpg	0	501	80	563	142	id0
I4MDvSHM9Vs/00000277.jpg	0	501	73	563	135	id0
I4MDvSHM9Vs/00000080.jpg	0	515	80	577	142	id0
I4MDvSHM9Vs/00000502.jpg	0	508	73	570	135	id0
I4MDvSHM9Vs/00000209.jpg	0	494	73	557	135	id0
I4MDvSHM9Vs/00000576.jpg	0	494	73	557	135	id0
I4MDvSHM9Vs/00000420.jpg	0	508	73	570	135	id0
I4MDvSHM9Vs/00000967.jpg	0	501	73	563	135	id0
I4MDvSHM9Vs/00000737.jpg	0	494	80	557	142	id0
I4MDvSHM9Vs/00000407.jpg	0	508	73	570	135	id0
I4MDvSHM9Vs/00000047.jpg	0	494	80	557	142	id0
I4MDvSHM9Vs/00000425.jpg	0	508	73	570	135	id0
I4MDvSHM9Vs/00000247.jpg	0	501	73	563	135	id0
I4MDvSHM9Vs/00000952.jpg	0	508	73	570	135	id0
I4MDvSHM9Vs/00000696.jpg	0	487	73	550	135	id0
I4MDvSHM9Vs/00000095.jpg	0	502	72	577	146	id0
I4MDvSHM9Vs/00000279.jpg	0	501	73	563	135	id0
I4MDvSHM9Vs/00000091.jpg	0	502	72	577	146	id0
I4MDvSHM9Vs/00000592.jpg	0	508	73	570	135	id0
I4MDvSHM9Vs/00000563.jpg	0	494	80	557	142	id0
I4MDvSHM9Vs/00000924.jpg	0	515	73	577	135	id0
I4MDvSHM9Vs/00000704.jpg	0	487	80	550	142	id0
I4MDvSHM9Vs/00000245.jpg	0	501	73	563	135	id0
I4MDvSHM9Vs/00000370.jpg	0	508	80	570	142	id0
I4MDvSHM9Vs/00000657.jpg	0	501	73	563	135	id0
I4MDvSHM9Vs/00000405.jpg	0	501	73	563	135	id0
I4MDvSHM9Vs/00000639.jpg	0	515	80	577	142	id0
I4MDvSHM9Vs/00000773.jpg	0	501	80	563	142	id0
I4MDvSHM9Vs/00000578.jpg	0	494	73	557	135	id0
I4MDvSHM9Vs/00000608.jpg	0	508	73	570	135	id0
I4MDvSHM9Vs/00000947.jpg	0	508	73	570	135	id0
I4MDvSHM9Vs/00000168.jpg	0	501	80	563	142	id0
I4MDvSHM9Vs/00000233.jpg	0	501	73	563	135	id0
I4MDvSHM9Vs/00000280.jpg	0	501	73	563	135	id0
I4MDvSHM9Vs/00000607.jpg	0	508	73	570	135	id0
