iw7MXsIbw64/00000143.jpg	0	494	80	557	142	id0
iw7MXsIbw64/00000197.jpg	0	444	96	519	171	id0
iw7MXsIbw64/00000204.jpg	0	436	113	511	188	id0
iw7MXsIbw64/00000195.jpg	0	453	96	527	171	id0
iw7MXsIbw64/00000180.jpg	0	486	80	560	155	id0
iw7MXsIbw64/00000097.jpg	0	481	90	533	141	id0
iw7MXsIbw64/00000035.jpg	0	535	113	578	156	id0
iw7MXsIbw64/00000122.jpg	0	481	87	543	149	id0
iw7MXsIbw64/00000120.jpg	0	481	87	543	149	id0
iw7MXsIbw64/00000020.jpg	0	556	101	607	153	id0
iw7MXsIbw64/00000074.jpg	0	515	107	567	159	id0
iw7MXsIbw64/00000242.jpg	0	444	105	519	179	id0
iw7MXsIbw64/00000010.jpg	0	579	95	631	147	id0
iw7MXsIbw64/00000085.jpg	0	492	95	544	147	id0
iw7MXsIbw64/00000241.jpg	0	434	96	524	186	id0
iw7MXsIbw64/00000179.jpg	0	494	87	557	149	id0
iw7MXsIbw64/00000111.jpg	0	481	90	533	141	id0
iw7MXsIbw64/00000099.jpg	0	481	90	533	141	id0
iw7MXsIbw64/00000153.jpg	0	515	94	577	156	id0
iw7MXsIbw64/00000119.jpg	0	481	87	543	149	id0
iw7MXsIbw64/00000034.jpg	0	535	113	578	156	id0
iw7MXsIbw64/00000221.jpg	0	469	88	544	163	id0
iw7MXsIbw64/00000081.jpg	0	504	101	556	153	id0
iw7MXsIbw64/00000246.jpg	0	444	96	534	186	id0
iw7MXsIbw64/00000156.jpg	0	515	94	577	156	id0
iw7MXsIbw64/00000102.jpg	0	481	90	533	141	id0
iw7MXsIbw64/00000199.jpg	0	444	105	519	179	id0
iw7MXsIbw64/00000136.jpg	0	487	87	550	149	id0
iw7MXsIbw64/00000208.jpg	0	444	113	519	188	id0
iw7MXsIbw64/00000026.jpg	0	538	107	590	159	id0
iw7MXsIbw64/00000019.jpg	0	564	103	607	146	id0
iw7MXsIbw64/00000224.jpg	0	461	88	536	163	id0
iw7MXsIbw64/00000052.jpg	0	527	101	579	153	id0
iw7MXsIbw64/00000049.jpg	0	527	95	579	147	id0
iw7MXsIbw64/00000007.jpg	0	584	95	636	147	id0
iw7MXsIbw64/00000134.jpg	0	481	87	543	149	id0
iw7MXsIbw64/00000253.jpg	0	461	105	536	179	id0
iw7MXsIbw64/00000093.jpg	0	481	90	533	141	id0
iw7MXsIbw64/00000160.jpg	0	515	101	577	163	id0
iw7MXsIbw64/00000155.jpg	0	515	94	577	156	id0
iw7MXsIbw64/00000192.jpg	0	461	88	536	163	id0
iw7MXsIbw64/00000001.jpg	0	602	98	645	142	id0
iw7MXsIbw64/00000256.jpg	0	461	105	536	179	id0
iw7MXsIbw64/00000109.jpg	0	481	90	533	141	id0
iw7MXsIbw64/00000131.jpg	0	481	94	543	156	id0
iw7MXsIbw64/00000231.jpg	0	434	76	524	166	id0
iw7MXsIbw64/00000170.jpg	0	502	96	577	171	id0
iw7MXsIbw64/00000065.jpg	0	521	107	573	159	id0
iw7MXsIbw64/00000016.jpg	0	567	101	619	153	id0
iw7MXsIbw64/00000112.jpg	0	481	87	543	149	id0
iw7MXsIbw64/00000113.jpg	0	487	90	538	141	id0
iw7MXsIbw64/00000238.jpg	0	434	86	524	176	id0
iw7MXsIbw64/00000056.jpg	0	527	107	579	159	id0
iw7MXsIbw64/00000260.jpg	0	469	105	544	179	id0
iw7MXsIbw64/00000164.jpg	0	515	101	577	163	id0
iw7MXsIbw64/00000048.jpg	0	527	95	579	147	id0
iw7MXsIbw64/00000137.jpg	0	487	87	550	149	id0
iw7MXsIbw64/00000104.jpg	0	481	90	533	141	id0
iw7MXsIbw64/00000015.jpg	0	573	103	616	146	id0
iw7MXsIbw64/00000237.jpg	0	434	86	524	176	id0
iw7MXsIbw64/00000012.jpg	0	578	103	621	146	id0
iw7MXsIbw64/00000089.jpg	0	487	95	538	147	id0
iw7MXsIbw64/00000044.jpg	0	521	95	573	147	id0
iw7MXsIbw64/00000133.jpg	0	481	94	543	156	id0
iw7MXsIbw64/00000087.jpg	0	487	95	538	147	id0
iw7MXsIbw64/00000147.jpg	0	501	80	563	142	id0
iw7MXsIbw64/00000151.jpg	0	508	87	570	149	id0
iw7MXsIbw64/00000226.jpg	0	453	88	527	163	id0
iw7MXsIbw64/00000239.jpg	0	434	96	524	186	id0
iw7MXsIbw64/00000011.jpg	0	579	95	631	147	id0
iw7MXsIbw64/00000064.jpg	0	521	107	573	159	id0
iw7MXsIbw64/00000072.jpg	0	515	107	567	159	id0
iw7MXsIbw64/00000263.jpg	0	464	106	554	196	id0
iw7MXsIbw64/00000232.jpg	0	444	96	519	171	id0
iw7MXsIbw64/00000185.jpg	0	478	80	552	155	id0
iw7MXsIbw64/00000062.jpg	0	527	107	579	159	id0
iw7MXsIbw64/00000045.jpg	0	530	103	573	146	id0
iw7MXsIbw64/00000172.jpg	0	501	101	563	163	id0
iw7MXsIbw64/00000196.jpg	0	444	96	519	171	id0
iw7MXsIbw64/00000039.jpg	0	527	107	579	159	id0
iw7MXsIbw64/00000126.jpg	0	481	87	543	149	id0
iw7MXsIbw64/00000234.jpg	0	444	96	519	171	id0
iw7MXsIbw64/00000086.jpg	0	492	95	544	147	id0
iw7MXsIbw64/00000002.jpg	0	596	95	648	147	id0
iw7MXsIbw64/00000135.jpg	0	487	87	550	149	id0
iw7MXsIbw64/00000163.jpg	0	515	101	577	163	id0
iw7MXsIbw64/00000243.jpg	0	444	105	519	179	id0
iw7MXsIbw64/00000046.jpg	0	527	95	579	147	id0
iw7MXsIbw64/00000023.jpg	0	544	107	596	159	id0
iw7MXsIbw64/00000222.jpg	0	469	88	544	163	id0
iw7MXsIbw64/00000043.jpg	0	521	101	573	153	id0
iw7MXsIbw64/00000139.jpg	0	487	87	550	149	id0
iw7MXsIbw64/00000060.jpg	0	527	107	579	159	id0
iw7MXsIbw64/00000025.jpg	0	538	107	590	159	id0
iw7MXsIbw64/00000262.jpg	0	464	96	554	186	id0
iw7MXsIbw64/00000177.jpg	0	494	87	557	149	id0
iw7MXsIbw64/00000174.jpg	0	494	96	569	171	id0
iw7MXsIbw64/00000018.jpg	0	561	101	613	153	id0
iw7MXsIbw64/00000055.jpg	0	527	107	579	159	id0
iw7MXsIbw64/00000004.jpg	0	590	95	642	147	id0
iw7MXsIbw64/00000223.jpg	0	469	88	544	163	id0
iw7MXsIbw64/00000115.jpg	0	481	87	543	149	id0
iw7MXsIbw64/00000207.jpg	0	444	113	519	188	id0
iw7MXsIbw64/00000146.jpg	0	501	80	563	142	id0
iw7MXsIbw64/00000138.jpg	0	487	87	550	149	id0
iw7MXsIbw64/00000132.jpg	0	481	94	543	156	id0
iw7MXsIbw64/00000252.jpg	0	453	105	527	179	id0
iw7MXsIbw64/00000140.jpg	0	487	87	550	149	id0
iw7MXsIbw64/00000182.jpg	0	486	80	560	155	id0
iw7MXsIbw64/00000128.jpg	0	481	94	543	156	id0
iw7MXsIbw64/00000201.jpg	0	436	105	511	179	id0
iw7MXsIbw64/00000190.jpg	0	469	88	544	163	id0
iw7MXsIbw64/00000036.jpg	0	527	107	579	159	id0
iw7MXsIbw64/00000244.jpg	0	444	105	519	179	id0
iw7MXsIbw64/00000040.jpg	0	527	107	579	159	id0
iw7MXsIbw64/00000105.jpg	0	481	90	533	141	id0
iw7MXsIbw64/00000165.jpg	0	515	101	577	163	id0
iw7MXsIbw64/00000228.jpg	0	444	76	534	166	id0
iw7MXsIbw64/00000157.jpg	0	515	94	577	156	id0
iw7MXsIbw64/00000057.jpg	0	527	107	579	159	id0
iw7MXsIbw64/00000184.jpg	0	486	80	560	155	id0
iw7MXsIbw64/00000186.jpg	0	478	80	552	155	id0
iw7MXsIbw64/00000042.jpg	0	521	107	573	159	id0
iw7MXsIbw64/00000033.jpg	0	535	113	578	156	id0
iw7MXsIbw64/00000210.jpg	0	453	113	527	188	id0
iw7MXsIbw64/00000183.jpg	0	486	80	560	155	id0
iw7MXsIbw64/00000211.jpg	0	453	105	527	179	id0
iw7MXsIbw64/00000009.jpg	0	588	98	631	142	id0
iw7MXsIbw64/00000096.jpg	0	481	90	533	141	id0
iw7MXsIbw64/00000068.jpg	0	521	107	573	159	id0
iw7MXsIbw64/00000024.jpg	0	538	107	590	159	id0
iw7MXsIbw64/00000202.jpg	0	436	105	511	179	id0
iw7MXsIbw64/00000050.jpg	0	527	95	579	147	id0
iw7MXsIbw64/00000075.jpg	0	515	107	567	159	id0
iw7MXsIbw64/00000171.jpg	0	501	101	563	163	id0
iw7MXsIbw64/00000070.jpg	0	521	107	573	159	id0
iw7MXsIbw64/00000121.jpg	0	481	87	543	149	id0
iw7MXsIbw64/00000206.jpg	0	444	113	519	188	id0
iw7MXsIbw64/00000219.jpg	0	478	88	552	163	id0
iw7MXsIbw64/00000161.jpg	0	515	101	577	163	id0
iw7MXsIbw64/00000063.jpg	0	521	107	573	159	id0
iw7MXsIbw64/00000051.jpg	0	527	95	579	147	id0
iw7MXsIbw64/00000059.jpg	0	527	107	579	159	id0
iw7MXsIbw64/00000129.jpg	0	481	94	543	156	id0
iw7MXsIbw64/00000061.jpg	0	527	107	579	159	id0
iw7MXsIbw64/00000108.jpg	0	481	90	533	141	id0
iw7MXsIbw64/00000217.jpg	0	469	88	544	163	id0
iw7MXsIbw64/00000006.jpg	0	584	95	636	147	id0
iw7MXsIbw64/00000003.jpg	0	597	98	640	142	id0
iw7MXsIbw64/00000017.jpg	0	568	103	612	146	id0
iw7MXsIbw64/00000124.jpg	0	481	87	543	149	id0
iw7MXsIbw64/00000250.jpg	0	453	105	527	179	id0
iw7MXsIbw64/00000100.jpg	0	481	90	533	141	id0
iw7MXsIbw64/00000030.jpg	0	533	107	584	159	id0
iw7MXsIbw64/00000251.jpg	0	453	105	527	179	id0
iw7MXsIbw64/00000079.jpg	0	504	101	556	153	id0
iw7MXsIbw64/00000022.jpg	0	544	101	596	153	id0
iw7MXsIbw64/00000162.jpg	0	515	101	577	163	id0
iw7MXsIbw64/00000038.jpg	0	527	107	579	159	id0
iw7MXsIbw64/00000258.jpg	0	469	105	544	179	id0
iw7MXsIbw64/00000191.jpg	0	461	88	536	163	id0
iw7MXsIbw64/00000189.jpg	0	469	88	544	163	id0
iw7MXsIbw64/00000067.jpg	0	521	107	573	159	id0
iw7MXsIbw64/00000216.jpg	0	469	88	544	163	id0
iw7MXsIbw64/00000130.jpg	0	481	94	543	156	id0
iw7MXsIbw64/00000215.jpg	0	469	88	544	163	id0
iw7MXsIbw64/00000005.jpg	0	590	95	642	147	id0
iw7MXsIbw64/00000176.jpg	0	494	94	557	156	id0
iw7MXsIbw64/00000066.jpg	0	521	107	573	159	id0
iw7MXsIbw64/00000259.jpg	0	469	105	544	179	id0
iw7MXsIbw64/00000021.jpg	0	554	108	597	151	id0
iw7MXsIbw64/00000198.jpg	0	444	96	519	171	id0
iw7MXsIbw64/00000090.jpg	0	487	95	538	147	id0
iw7MXsIbw64/00000175.jpg	0	494	94	557	156	id0
iw7MXsIbw64/00000187.jpg	0	478	80	552	155	id0
iw7MXsIbw64/00000069.jpg	0	521	107	573	159	id0
iw7MXsIbw64/00000148.jpg	0	508	87	570	149	id0
iw7MXsIbw64/00000264.jpg	0	464	106	554	196	id0
iw7MXsIbw64/00000150.jpg	0	508	87	570	149	id0
iw7MXsIbw64/00000103.jpg	0	481	90	533	141	id0
iw7MXsIbw64/00000167.jpg	0	515	108	577	170	id0
iw7MXsIbw64/00000118.jpg	0	481	87	543	149	id0
iw7MXsIbw64/00000029.jpg	0	533	107	584	159	id0
iw7MXsIbw64/00000188.jpg	0	469	80	544	155	id0
iw7MXsIbw64/00000031.jpg	0	533	107	584	159	id0
iw7MXsIbw64/00000077.jpg	0	510	101	561	153	id0
iw7MXsIbw64/00000106.jpg	0	481	90	533	141	id0
iw7MXsIbw64/00000098.jpg	0	481	90	533	141	id0
iw7MXsIbw64/00000257.jpg	0	454	106	544	196	id0
iw7MXsIbw64/00000142.jpg	0	494	87	557	149	id0
iw7MXsIbw64/00000213.jpg	0	469	96	544	171	id0
iw7MXsIbw64/00000141.jpg	0	487	87	550	149	id0
iw7MXsIbw64/00000088.jpg	0	487	95	538	147	id0
iw7MXsIbw64/00000032.jpg	0	535	113	578	156	id0
iw7MXsIbw64/00000227.jpg	0	453	88	527	163	id0
iw7MXsIbw64/00000212.jpg	0	461	105	536	179	id0
iw7MXsIbw64/00000014.jpg	0	573	103	616	146	id0
iw7MXsIbw64/00000193.jpg	0	453	88	527	163	id0
iw7MXsIbw64/00000082.jpg	0	494	94	557	156	id0
iw7MXsIbw64/00000041.jpg	0	521	107	573	159	id0
iw7MXsIbw64/00000152.jpg	0	508	87	570	149	id0
iw7MXsIbw64/00000194.jpg	0	453	88	527	163	id0
iw7MXsIbw64/00000230.jpg	0	434	76	524	166	id0
iw7MXsIbw64/00000181.jpg	0	486	80	560	155	id0
iw7MXsIbw64/00000027.jpg	0	533	107	584	159	id0
iw7MXsIbw64/00000200.jpg	0	436	105	511	179	id0
iw7MXsIbw64/00000053.jpg	0	527	101	579	153	id0
iw7MXsIbw64/00000123.jpg	0	481	87	543	149	id0
iw7MXsIbw64/00000248.jpg	0	444	96	534	186	id0
iw7MXsIbw64/00000083.jpg	0	498	101	550	153	id0
iw7MXsIbw64/00000154.jpg	0	515	94	577	156	id0
iw7MXsIbw64/00000116.jpg	0	481	87	543	149	id0
iw7MXsIbw64/00000214.jpg	0	469	96	544	171	id0
iw7MXsIbw64/00000249.jpg	0	444	96	534	186	id0
iw7MXsIbw64/00000114.jpg	0	487	90	538	141	id0
iw7MXsIbw64/00000037.jpg	0	527	107	579	159	id0
iw7MXsIbw64/00000008.jpg	0	588	98	631	142	id0
iw7MXsIbw64/00000054.jpg	0	527	107	579	159	id0
iw7MXsIbw64/00000127.jpg	0	481	87	543	149	id0
iw7MXsIbw64/00000225.jpg	0	461	88	536	163	id0
iw7MXsIbw64/00000229.jpg	0	444	88	519	163	id0
iw7MXsIbw64/00000203.jpg	0	436	105	511	179	id0
iw7MXsIbw64/00000159.jpg	0	511	88	585	163	id0
iw7MXsIbw64/00000205.jpg	0	444	113	519	188	id0
iw7MXsIbw64/00000166.jpg	0	515	101	577	163	id0
iw7MXsIbw64/00000173.jpg	0	494	96	569	171	id0
iw7MXsIbw64/00000078.jpg	0	510	101	561	153	id0
iw7MXsIbw64/00000261.jpg	0	469	105	544	179	id0
iw7MXsIbw64/00000169.jpg	0	502	96	577	171	id0
iw7MXsIbw64/00000235.jpg	0	434	86	524	176	id0
iw7MXsIbw64/00000107.jpg	0	481	90	533	141	id0
iw7MXsIbw64/00000076.jpg	0	508	101	570	163	id0
iw7MXsIbw64/00000058.jpg	0	527	107	579	159	id0
iw7MXsIbw64/00000110.jpg	0	481	90	533	141	id0
iw7MXsIbw64/00000117.jpg	0	481	87	543	149	id0
iw7MXsIbw64/00000013.jpg	0	578	103	621	146	id0
iw7MXsIbw64/00000158.jpg	0	515	94	577	156	id0
iw7MXsIbw64/00000071.jpg	0	521	107	573	159	id0
iw7MXsIbw64/00000101.jpg	0	481	90	533	141	id0
iw7MXsIbw64/00000084.jpg	0	498	95	550	147	id0
iw7MXsIbw64/00000028.jpg	0	533	107	584	159	id0
iw7MXsIbw64/00000144.jpg	0	501	80	563	142	id0
iw7MXsIbw64/00000220.jpg	0	469	88	544	163	id0
iw7MXsIbw64/00000254.jpg	0	461	105	536	179	id0
iw7MXsIbw64/00000240.jpg	0	434	96	524	186	id0
iw7MXsIbw64/00000125.jpg	0	481	87	543	149	id0
iw7MXsIbw64/00000149.jpg	0	508	87	570	149	id0
iw7MXsIbw64/00000255.jpg	0	461	105	536	179	id0
iw7MXsIbw64/00000092.jpg	0	481	90	533	141	id0
iw7MXsIbw64/00000145.jpg	0	501	80	563	142	id0
iw7MXsIbw64/00000073.jpg	0	515	107	567	159	id0
iw7MXsIbw64/00000218.jpg	0	478	88	552	163	id0
iw7MXsIbw64/00000178.jpg	0	494	87	557	149	id0
iw7MXsIbw64/00000094.jpg	0	481	90	533	141	id0
iw7MXsIbw64/00000236.jpg	0	434	86	524	176	id0
iw7MXsIbw64/00000080.jpg	0	504	101	556	153	id0
iw7MXsIbw64/00000209.jpg	0	453	113	527	188	id0
iw7MXsIbw64/00000047.jpg	0	527	95	579	147	id0
iw7MXsIbw64/00000247.jpg	0	444	96	534	186	id0
iw7MXsIbw64/00000095.jpg	0	481	90	533	141	id0
iw7MXsIbw64/00000091.jpg	0	481	87	543	149	id0
iw7MXsIbw64/00000245.jpg	0	444	105	519	179	id0
iw7MXsIbw64/00000168.jpg	0	502	96	577	171	id0
iw7MXsIbw64/00000233.jpg	0	444	96	519	171	id0
