MjYRYG-2xQc/00000284.jpg	0	419	105	494	179	id0
MjYRYG-2xQc/00000197.jpg	0	439	115	501	177	id0
MjYRYG-2xQc/00000204.jpg	0	428	113	502	188	id0
MjYRYG-2xQc/00000195.jpg	0	446	108	508	170	id0
MjYRYG-2xQc/00000342.jpg	0	477	102	513	138	id0
MjYRYG-2xQc/00000336.jpg	0	395	138	469	213	id0
MjYRYG-2xQc/00000270.jpg	0	386	121	461	196	id0
MjYRYG-2xQc/00000317.jpg	0	403	130	478	204	id0
MjYRYG-2xQc/00000298.jpg	0	403	121	478	196	id0
MjYRYG-2xQc/00000242.jpg	0	384	115	446	177	id0
MjYRYG-2xQc/00000241.jpg	0	384	115	446	177	id0
MjYRYG-2xQc/00000273.jpg	0	395	113	469	188	id0
MjYRYG-2xQc/00000291.jpg	0	411	113	486	188	id0
MjYRYG-2xQc/00000295.jpg	0	411	122	474	184	id0
MjYRYG-2xQc/00000221.jpg	0	411	101	474	163	id0
MjYRYG-2xQc/00000246.jpg	0	384	115	446	177	id0
MjYRYG-2xQc/00000199.jpg	0	439	115	501	177	id0
MjYRYG-2xQc/00000208.jpg	0	432	115	494	177	id0
MjYRYG-2xQc/00000224.jpg	0	403	96	478	171	id0
MjYRYG-2xQc/00000253.jpg	0	384	129	446	191	id0
MjYRYG-2xQc/00000266.jpg	0	386	130	461	204	id0
MjYRYG-2xQc/00000192.jpg	0	446	108	508	170	id0
MjYRYG-2xQc/00000256.jpg	0	386	130	461	204	id0
MjYRYG-2xQc/00000328.jpg	0	395	138	469	213	id0
MjYRYG-2xQc/00000231.jpg	0	395	96	469	171	id0
MjYRYG-2xQc/00000238.jpg	0	378	105	453	179	id0
MjYRYG-2xQc/00000260.jpg	0	391	129	453	191	id0
MjYRYG-2xQc/00000293.jpg	0	411	113	486	188	id0
MjYRYG-2xQc/00000323.jpg	0	403	138	478	213	id0
MjYRYG-2xQc/00000268.jpg	0	386	130	461	204	id0
MjYRYG-2xQc/00000237.jpg	0	391	108	453	170	id0
MjYRYG-2xQc/00000226.jpg	0	403	96	478	171	id0
MjYRYG-2xQc/00000335.jpg	0	395	138	469	213	id0
MjYRYG-2xQc/00000306.jpg	0	403	121	478	196	id0
MjYRYG-2xQc/00000239.jpg	0	378	105	453	179	id0
MjYRYG-2xQc/00000263.jpg	0	386	130	461	204	id0
MjYRYG-2xQc/00000232.jpg	0	398	108	460	170	id0
MjYRYG-2xQc/00000185.jpg	0	453	101	515	163	id0
MjYRYG-2xQc/00000296.jpg	0	411	122	474	184	id0
MjYRYG-2xQc/00000269.jpg	0	386	130	461	204	id0
MjYRYG-2xQc/00000196.jpg	0	436	105	511	179	id0
MjYRYG-2xQc/00000304.jpg	0	403	121	478	196	id0
MjYRYG-2xQc/00000289.jpg	0	411	113	486	188	id0
MjYRYG-2xQc/00000353.jpg	0	477	106	513	142	id0
MjYRYG-2xQc/00000234.jpg	0	386	96	461	171	id0
MjYRYG-2xQc/00000324.jpg	0	394	136	484	226	id0
MjYRYG-2xQc/00000302.jpg	0	403	121	478	196	id0
MjYRYG-2xQc/00000243.jpg	0	384	115	446	177	id0
MjYRYG-2xQc/00000222.jpg	0	411	101	474	163	id0
MjYRYG-2xQc/00000326.jpg	0	394	136	484	226	id0
MjYRYG-2xQc/00000262.jpg	0	386	130	461	204	id0
MjYRYG-2xQc/00000294.jpg	0	411	121	486	196	id0
MjYRYG-2xQc/00000223.jpg	0	403	96	478	171	id0
MjYRYG-2xQc/00000207.jpg	0	432	115	494	177	id0
MjYRYG-2xQc/00000285.jpg	0	419	105	494	179	id0
MjYRYG-2xQc/00000267.jpg	0	386	130	461	204	id0
MjYRYG-2xQc/00000252.jpg	0	384	129	446	191	id0
MjYRYG-2xQc/00000325.jpg	0	394	136	484	226	id0
MjYRYG-2xQc/00000310.jpg	0	403	130	478	204	id0
MjYRYG-2xQc/00000182.jpg	0	453	101	515	163	id0
MjYRYG-2xQc/00000338.jpg	0	477	102	513	138	id0
MjYRYG-2xQc/00000320.jpg	0	403	130	478	204	id0
MjYRYG-2xQc/00000201.jpg	0	439	115	501	177	id0
MjYRYG-2xQc/00000190.jpg	0	446	108	508	170	id0
MjYRYG-2xQc/00000290.jpg	0	411	113	486	188	id0
MjYRYG-2xQc/00000313.jpg	0	403	130	478	204	id0
MjYRYG-2xQc/00000272.jpg	0	395	121	469	196	id0
MjYRYG-2xQc/00000244.jpg	0	384	115	446	177	id0
MjYRYG-2xQc/00000292.jpg	0	411	113	486	188	id0
MjYRYG-2xQc/00000228.jpg	0	405	101	467	163	id0
MjYRYG-2xQc/00000184.jpg	0	453	101	515	163	id0
MjYRYG-2xQc/00000186.jpg	0	444	96	519	171	id0
MjYRYG-2xQc/00000210.jpg	0	432	115	494	177	id0
MjYRYG-2xQc/00000321.jpg	0	403	130	478	204	id0
MjYRYG-2xQc/00000183.jpg	0	453	101	515	163	id0
MjYRYG-2xQc/00000211.jpg	0	419	105	494	179	id0
MjYRYG-2xQc/00000202.jpg	0	428	113	502	188	id0
MjYRYG-2xQc/00000311.jpg	0	403	130	478	204	id0
MjYRYG-2xQc/00000206.jpg	0	428	113	502	188	id0
MjYRYG-2xQc/00000219.jpg	0	411	101	474	163	id0
MjYRYG-2xQc/00000286.jpg	0	419	105	494	179	id0
MjYRYG-2xQc/00000322.jpg	0	394	126	484	216	id0
MjYRYG-2xQc/00000217.jpg	0	418	108	481	170	id0
MjYRYG-2xQc/00000299.jpg	0	403	121	478	196	id0
MjYRYG-2xQc/00000331.jpg	0	395	138	469	213	id0
MjYRYG-2xQc/00000250.jpg	0	384	122	446	184	id0
MjYRYG-2xQc/00000297.jpg	0	403	121	478	196	id0
MjYRYG-2xQc/00000251.jpg	0	384	122	446	184	id0
MjYRYG-2xQc/00000258.jpg	0	386	130	461	204	id0
MjYRYG-2xQc/00000191.jpg	0	446	108	508	170	id0
MjYRYG-2xQc/00000189.jpg	0	446	108	508	170	id0
MjYRYG-2xQc/00000301.jpg	0	403	121	478	196	id0
MjYRYG-2xQc/00000216.jpg	0	418	108	481	170	id0
MjYRYG-2xQc/00000215.jpg	0	419	105	494	179	id0
MjYRYG-2xQc/00000330.jpg	0	395	138	469	213	id0
MjYRYG-2xQc/00000259.jpg	0	386	130	461	204	id0
MjYRYG-2xQc/00000198.jpg	0	439	115	501	177	id0
MjYRYG-2xQc/00000271.jpg	0	398	129	460	191	id0
MjYRYG-2xQc/00000305.jpg	0	403	121	478	196	id0
MjYRYG-2xQc/00000187.jpg	0	444	96	519	171	id0
MjYRYG-2xQc/00000333.jpg	0	395	138	469	213	id0
MjYRYG-2xQc/00000264.jpg	0	386	130	461	204	id0
MjYRYG-2xQc/00000188.jpg	0	444	96	519	171	id0
MjYRYG-2xQc/00000312.jpg	0	403	130	478	204	id0
MjYRYG-2xQc/00000309.jpg	0	403	130	478	204	id0
MjYRYG-2xQc/00000257.jpg	0	386	130	461	204	id0
MjYRYG-2xQc/00000213.jpg	0	419	105	494	179	id0
MjYRYG-2xQc/00000334.jpg	0	395	138	469	213	id0
MjYRYG-2xQc/00000227.jpg	0	403	96	478	171	id0
MjYRYG-2xQc/00000316.jpg	0	403	130	478	204	id0
MjYRYG-2xQc/00000212.jpg	0	419	105	494	179	id0
MjYRYG-2xQc/00000193.jpg	0	446	108	508	170	id0
MjYRYG-2xQc/00000281.jpg	0	411	105	486	179	id0
MjYRYG-2xQc/00000194.jpg	0	446	108	508	170	id0
MjYRYG-2xQc/00000230.jpg	0	395	96	469	171	id0
MjYRYG-2xQc/00000181.jpg	0	453	101	515	163	id0
MjYRYG-2xQc/00000200.jpg	0	439	115	501	177	id0
MjYRYG-2xQc/00000248.jpg	0	384	115	446	177	id0
MjYRYG-2xQc/00000303.jpg	0	403	121	478	196	id0
MjYRYG-2xQc/00000214.jpg	0	425	108	487	170	id0
MjYRYG-2xQc/00000282.jpg	0	419	105	494	179	id0
MjYRYG-2xQc/00000249.jpg	0	384	115	446	177	id0
MjYRYG-2xQc/00000318.jpg	0	403	130	478	204	id0
MjYRYG-2xQc/00000287.jpg	0	411	113	486	188	id0
MjYRYG-2xQc/00000307.jpg	0	403	130	478	204	id0
MjYRYG-2xQc/00000283.jpg	0	419	105	494	179	id0
MjYRYG-2xQc/00000225.jpg	0	403	96	478	171	id0
MjYRYG-2xQc/00000337.jpg	0	477	102	513	138	id0
MjYRYG-2xQc/00000229.jpg	0	405	101	467	163	id0
MjYRYG-2xQc/00000203.jpg	0	428	113	502	188	id0
MjYRYG-2xQc/00000205.jpg	0	428	113	502	188	id0
MjYRYG-2xQc/00000329.jpg	0	395	138	469	213	id0
MjYRYG-2xQc/00000261.jpg	0	391	129	453	191	id0
MjYRYG-2xQc/00000314.jpg	0	403	130	478	204	id0
MjYRYG-2xQc/00000235.jpg	0	391	108	453	170	id0
MjYRYG-2xQc/00000274.jpg	0	405	115	467	177	id0
MjYRYG-2xQc/00000288.jpg	0	411	113	486	188	id0
MjYRYG-2xQc/00000332.jpg	0	395	138	469	213	id0
MjYRYG-2xQc/00000315.jpg	0	403	130	478	204	id0
MjYRYG-2xQc/00000327.jpg	0	394	136	484	226	id0
MjYRYG-2xQc/00000220.jpg	0	411	101	474	163	id0
MjYRYG-2xQc/00000254.jpg	0	378	121	453	196	id0
MjYRYG-2xQc/00000240.jpg	0	378	105	453	179	id0
MjYRYG-2xQc/00000255.jpg	0	378	121	453	196	id0
MjYRYG-2xQc/00000265.jpg	0	386	130	461	204	id0
MjYRYG-2xQc/00000308.jpg	0	403	130	478	204	id0
MjYRYG-2xQc/00000300.jpg	0	403	121	478	196	id0
MjYRYG-2xQc/00000319.jpg	0	403	130	478	204	id0
MjYRYG-2xQc/00000218.jpg	0	411	96	486	171	id0
MjYRYG-2xQc/00000278.jpg	0	411	105	486	179	id0
MjYRYG-2xQc/00000275.jpg	0	403	113	478	188	id0
MjYRYG-2xQc/00000236.jpg	0	391	108	453	170	id0
MjYRYG-2xQc/00000276.jpg	0	403	105	478	179	id0
MjYRYG-2xQc/00000277.jpg	0	403	105	478	179	id0
MjYRYG-2xQc/00000209.jpg	0	432	115	494	177	id0
MjYRYG-2xQc/00000247.jpg	0	384	115	446	177	id0
MjYRYG-2xQc/00000279.jpg	0	411	105	486	179	id0
MjYRYG-2xQc/00000245.jpg	0	384	115	446	177	id0
MjYRYG-2xQc/00000233.jpg	0	398	108	460	170	id0
MjYRYG-2xQc/00000280.jpg	0	411	105	486	179	id0
MjYRYG-2xQc/00000450.jpg	0	107	66	170	129	id1
MjYRYG-2xQc/00000201.jpg	1	429	118	472	161	id2
MjYRYG-2xQc/00000200.jpg	1	429	118	472	161	id2
