MjYRYG-2xQc/00000283.jpg	0	419	105	494	179	423,132 423,140 424,149 426,158 429,166 434,173 440,179 448,183 457,185 465,182 473,177 478,169 482,161 484,152 486,144 486,135 485,126 430,118 433,114 438,112 443,112 447,114 459,113 464,110 468,109 473,110 477,113 453,123 453,130 453,136 454,143 449,148 451,149 454,150 457,149 460,147 436,129 439,128 442,127 446,128 442,129 439,130 462,126 465,125 469,125 472,125 469,127 465,127 444,161 447,157 450,155 454,156 457,154 461,156 464,160 461,164 458,166 455,167 451,167 448,165 446,161 451,159 454,159 457,158 462,160 457,161 454,161 451,161
MjYRYG-2xQc/00000253.jpg	0	384	129	446	191	393,151 394,159 396,167 398,176 401,184 406,191 411,197 417,202 425,203 432,200 439,194 444,186 448,177 450,167 451,158 451,148 449,139 395,144 397,140 401,138 406,138 410,139 419,136 424,132 428,129 434,129 438,132 416,144 416,151 417,157 417,164 414,169 416,170 419,170 421,168 424,167 401,150 403,147 406,146 410,148 407,149 403,150 424,144 427,141 430,140 434,141 431,143 428,144 413,182 415,179 417,177 419,177 422,176 426,176 430,178 427,183 424,187 421,188 419,188 416,186 414,182 418,180 420,180 422,179 428,178 423,182 420,182 418,183
MjYRYG-2xQc/00000312.jpg	0	403	130	478	204	412,150 412,159 413,169 415,178 418,187 423,196 429,203 436,209 444,211 453,209 460,203 466,195 471,186 474,177 476,167 477,157 476,147 419,143 422,138 427,137 433,138 438,140 448,139 453,136 458,135 464,136 468,139 443,147 443,154 443,162 443,169 437,173 440,175 443,175 446,174 449,173 425,150 428,148 431,148 435,150 431,151 428,151 452,149 455,147 459,147 462,148 459,150 455,150 433,186 436,183 440,181 443,181 446,181 450,182 454,185 451,191 447,194 443,195 440,194 436,191 436,186 440,185 443,185 446,184 451,186 446,188 443,188 440,188
MjYRYG-2xQc/00000271.jpg	0	398	129	460	191	402,148 403,157 405,166 407,174 410,182 415,190 420,196 427,202 434,203 442,200 449,194 454,186 459,177 462,167 462,157 462,148 462,138 405,142 407,137 411,135 416,135 421,136 431,134 435,130 440,128 446,128 450,131 427,142 427,149 427,156 427,163 424,167 426,168 429,169 432,167 434,165 411,147 414,144 417,144 421,145 418,147 414,148 435,142 438,139 442,138 445,140 442,142 439,142 421,180 423,178 426,176 429,176 432,174 436,175 440,177 437,183 433,186 431,187 428,187 424,185 423,180 427,179 430,178 432,178 438,177 433,180 430,181 427,181
MjYRYG-2xQc/00000190.jpg	0	446	108	508	170	452,124 452,132 453,141 453,149 456,157 459,164 464,170 471,175 478,177 486,176 493,172 499,166 503,158 506,151 508,142 509,134 509,126 459,116 462,112 467,111 471,112 475,114 484,115 489,112 493,112 498,113 501,117 479,121 479,127 479,133 478,139 473,142 475,144 478,145 481,144 483,143 463,123 466,121 469,121 472,123 469,124 465,124 487,124 490,122 493,122 496,124 493,125 490,125 470,155 472,152 475,151 478,151 480,151 484,152 487,156 484,159 480,161 478,162 475,161 472,159 471,155 475,154 477,154 480,154 485,156 480,156 478,156 475,156
MjYRYG-2xQc/00000338.jpg	0	477	102	513	138	485,119 485,122 486,126 487,130 489,133 492,136 494,139 497,141 500,141 503,141 506,138 509,135 511,132 513,129 513,124 513,120 512,116 487,113 488,112 489,113 491,114 492,115 498,115 500,114 502,113 504,113 506,114 496,119 496,121 496,124 496,127 493,128 495,128 497,129 498,128 500,128 489,118 490,117 491,117 493,119 492,119 490,119 500,118 501,117 503,117 505,118 503,118 502,119 493,133 494,131 496,130 497,131 499,130 501,131 503,132 502,134 500,136 498,136 497,136 495,134 494,132 496,132 498,132 499,132 502,132 499,134 498,134 496,133
MjYRYG-2xQc/00000222.jpg	0	411	101	474	163	415,124 415,131 416,139 417,147 420,155 424,162 430,168 437,172 445,173 453,171 461,166 467,159 471,151 473,142 473,134 473,125 472,117 420,114 422,109 427,107 431,107 436,109 445,107 449,104 454,102 460,104 463,108 440,116 440,121 441,127 441,132 437,138 439,138 442,139 445,138 447,136 425,121 427,119 430,118 434,119 431,121 428,121 449,117 452,115 455,115 458,116 455,117 452,118 434,151 436,147 439,145 442,145 445,144 449,145 453,149 450,154 446,156 443,157 440,157 436,155 435,151 439,148 442,148 445,147 451,149 445,151 443,152 440,152
MjYRYG-2xQc/00000229.jpg	0	405	101	467	163	412,125 412,133 413,141 414,149 417,157 421,164 426,171 432,176 440,177 448,175 455,169 461,162 465,154 468,146 469,137 469,128 468,119 415,115 417,111 421,109 426,109 430,110 439,108 443,105 448,103 453,104 457,107 434,117 434,122 434,128 434,133 431,139 433,140 436,140 439,139 441,137 420,122 422,120 425,119 428,120 425,122 422,122 443,118 446,116 449,115 453,117 450,118 447,118 429,154 430,148 433,146 436,146 439,145 444,147 448,152 445,158 441,161 438,162 434,162 431,159 430,154 433,150 436,149 439,149 446,152 440,156 437,156 434,156
MjYRYG-2xQc/00000450.jpg	0	107	66	170	129	111,87 112,94 113,101 116,108 120,114 124,120 129,124 136,127 142,128 147,125 152,121 156,116 159,110 162,104 163,97 164,90 163,84 118,85 122,83 126,82 131,82 136,83 145,81 148,78 152,77 156,76 159,77 140,88 141,92 141,96 141,101 136,104 138,105 141,105 144,104 146,103 123,89 126,88 130,87 133,89 130,90 126,91 147,87 149,84 153,84 156,84 154,87 150,87 132,115 135,112 139,111 141,111 143,110 147,110 150,111 147,115 144,118 142,119 140,119 136,118 134,114 139,112 142,112 144,112 148,112 144,115 142,115 140,116
MjYRYG-2xQc/00000189.jpg	0	446	108	508	170	453,123 452,131 453,140 454,148 456,156 459,164 464,170 471,175 478,177 486,176 493,172 499,166 503,158 506,151 508,143 509,135 509,126 459,116 462,112 467,111 471,112 475,114 485,114 489,112 494,112 499,114 502,118 480,121 479,127 479,133 479,139 474,142 476,143 478,144 481,144 484,143 464,122 466,121 470,121 472,123 469,123 466,123 487,123 490,121 493,122 496,124 493,124 490,124 469,154 472,151 475,150 478,151 480,150 484,152 487,155 484,160 480,162 478,162 475,161 472,159 471,154 475,154 478,154 480,154 485,155 480,157 478,157 475,156
MjYRYG-2xQc/00000256.jpg	0	386	130	461	204	394,153 395,161 398,169 400,177 403,184 407,192 412,198 419,204 426,204 433,202 440,196 446,188 450,178 452,169 452,159 452,150 451,140 397,146 399,142 403,140 408,140 412,141 421,138 425,134 430,131 435,131 440,134 417,146 418,153 418,159 419,166 415,171 418,172 421,172 423,170 426,168 402,152 404,149 408,148 411,150 408,151 405,152 426,146 429,143 432,142 436,143 433,145 430,145 414,185 416,182 419,180 422,180 424,178 428,179 432,181 429,185 426,188 423,189 420,189 417,188 416,184 420,183 422,183 424,182 430,181 425,183 422,184 420,185
MjYRYG-2xQc/00000276.jpg	0	403	105	478	179	414,134 414,143 415,151 417,160 420,168 424,176 430,182 437,188 445,189 454,186 462,180 468,173 472,164 475,155 476,146 475,137 475,128 419,124 421,120 426,118 431,118 435,120 445,117 450,114 455,113 460,114 464,118 440,126 440,133 440,139 440,146 436,151 438,152 441,152 444,151 447,149 424,132 426,129 429,128 433,130 430,131 426,132 449,128 452,125 456,124 459,126 456,127 453,128 434,165 436,161 439,158 441,159 444,158 449,159 453,163 450,167 446,170 443,171 440,171 437,169 436,165 439,162 442,162 444,161 451,163 445,165 442,165 440,165
MjYRYG-2xQc/00000315.jpg	0	403	130	478	204	411,151 411,160 412,169 414,179 417,188 421,196 427,204 435,210 443,213 452,210 460,204 466,196 471,187 474,177 475,168 476,158 475,148 418,143 421,139 426,138 432,139 437,141 447,140 452,137 457,135 463,136 467,140 441,148 441,155 441,163 441,170 436,174 439,175 442,176 445,175 448,173 423,151 426,149 430,149 434,151 430,152 426,152 450,150 454,147 458,147 461,149 458,151 454,151 432,186 435,183 439,182 442,182 445,181 449,183 453,186 450,192 446,195 442,196 439,196 435,192 434,187 439,186 442,186 445,185 451,187 445,189 442,190 439,189
MjYRYG-2xQc/00000191.jpg	0	446	108	508	170	452,123 451,131 452,140 453,148 454,156 458,164 463,170 470,176 477,178 485,177 492,172 498,166 503,159 505,151 507,143 508,135 509,126 459,116 462,112 467,111 471,112 475,115 484,115 488,113 493,112 498,114 501,117 479,122 479,128 479,133 478,139 473,143 475,144 478,145 481,145 483,144 463,123 466,121 469,121 472,123 469,124 466,124 487,124 490,122 493,122 496,124 493,125 490,125 469,155 472,152 475,151 477,152 480,151 483,153 486,156 483,160 480,161 477,162 475,161 472,159 471,155 475,154 477,155 480,155 484,156 480,156 477,156 475,156
MjYRYG-2xQc/00000235.jpg	0	391	108	453	170	400,130 400,138 402,145 403,153 405,160 408,168 413,174 419,179 427,179 435,177 443,172 449,165 454,157 456,149 457,140 457,131 456,122 402,121 404,117 408,115 412,115 416,116 425,114 429,111 434,108 440,109 444,112 421,122 421,128 421,134 421,139 418,144 420,145 422,146 425,144 428,143 407,128 409,126 412,125 415,126 413,128 409,128 430,123 433,121 436,120 439,121 437,123 433,123 417,158 418,154 420,151 422,152 425,150 429,152 433,155 430,160 427,163 424,164 421,164 419,162 419,158 421,156 423,155 425,155 431,156 426,157 423,158 421,158
MjYRYG-2xQc/00000226.jpg	0	403	96	478	171	414,125 414,132 415,140 417,148 419,156 423,163 429,169 436,174 443,175 451,173 459,167 464,160 469,152 471,143 472,135 471,126 471,117 418,115 420,110 424,108 429,108 433,109 443,107 447,104 452,102 457,103 460,107 438,116 438,121 438,127 438,132 435,138 437,139 440,139 442,138 445,136 423,122 425,119 428,118 432,120 429,121 426,122 447,117 449,115 453,114 456,116 453,117 450,117 432,152 434,147 437,145 440,145 443,144 447,146 451,150 448,155 444,158 441,159 438,159 434,157 434,152 437,148 440,148 443,148 449,150 443,154 440,155 437,155
MjYRYG-2xQc/00000221.jpg	0	411	101	474	163	416,124 416,132 417,140 418,148 421,155 425,162 431,168 438,173 445,174 454,172 461,167 467,160 471,152 474,143 474,135 474,126 473,118 421,114 423,110 427,108 432,108 437,109 446,107 450,104 455,103 460,104 464,108 441,116 441,121 441,127 441,133 438,138 440,139 443,139 445,138 448,137 426,121 428,119 431,118 435,120 432,121 429,121 450,118 452,115 456,115 459,116 456,118 453,118 435,152 437,148 440,145 443,145 445,144 450,146 453,150 451,154 447,157 444,158 441,157 438,156 437,151 440,149 443,148 446,148 452,150 446,152 444,152 441,152
MjYRYG-2xQc/00000230.jpg	0	395	96	469	171	410,127 410,135 412,143 413,151 415,159 419,166 424,172 430,177 438,178 445,176 453,170 458,164 463,156 465,148 466,139 466,130 466,121 414,117 415,112 419,111 423,110 427,112 437,109 441,106 446,105 451,105 454,109 432,118 432,124 432,129 432,135 429,140 431,141 433,142 436,140 439,139 418,124 420,122 423,121 426,122 423,124 420,124 441,120 444,117 447,117 450,118 447,119 444,120 426,155 427,150 430,147 433,148 436,146 441,148 445,153 442,158 438,161 435,162 432,162 428,160 428,155 431,151 434,151 436,150 443,153 437,156 434,157 431,157
MjYRYG-2xQc/00000199.jpg	0	439	115	501	177	444,132 444,140 444,148 446,157 448,165 452,173 456,180 462,187 469,190 477,188 484,183 490,177 495,169 498,161 500,152 501,143 502,134 450,125 453,123 458,122 462,124 466,126 475,126 480,124 485,123 490,124 494,127 470,133 470,139 470,145 469,151 464,154 466,156 469,157 472,156 475,155 455,134 457,133 461,133 464,134 460,135 457,135 478,135 481,133 485,134 488,135 485,136 481,136 459,165 462,163 466,163 468,164 471,163 476,164 479,166 476,172 471,175 468,175 465,174 462,171 461,165 466,166 468,167 471,166 478,167 471,169 469,170 466,169
MjYRYG-2xQc/00000231.jpg	0	395	96	469	171	408,126 408,134 409,141 411,149 413,157 416,165 421,172 427,176 435,177 443,175 451,170 457,164 462,156 464,148 465,139 465,130 465,121 411,117 413,113 416,111 421,111 425,112 434,110 439,107 444,105 449,107 453,110 429,119 429,125 429,130 429,136 426,141 428,142 431,143 433,141 436,140 415,125 417,122 420,121 424,123 421,124 418,125 438,120 441,118 445,117 448,119 445,120 442,121 424,155 425,151 428,148 431,148 434,147 438,149 442,153 439,158 435,161 432,162 429,162 426,160 426,155 429,152 431,151 434,151 440,153 435,156 432,157 429,157
MjYRYG-2xQc/00000319.jpg	0	403	130	478	204	410,152 410,161 411,171 413,180 416,189 421,198 427,205 434,212 442,213 451,211 459,205 465,196 470,187 473,178 474,168 474,158 474,148 416,144 419,140 424,139 429,139 434,141 445,140 450,137 455,136 460,136 464,139 439,150 439,156 440,163 440,170 434,174 437,176 440,177 443,175 446,174 422,154 425,153 428,152 432,153 428,155 425,155 448,152 452,151 455,150 459,151 456,153 452,153 430,187 433,184 437,182 440,182 443,181 448,183 452,186 449,193 444,196 441,197 437,197 433,193 432,187 437,185 440,185 443,185 450,187 444,190 441,191 437,191
MjYRYG-2xQc/00000277.jpg	0	403	105	478	179	416,133 416,142 417,150 419,159 422,167 426,175 432,182 440,187 448,188 457,186 464,180 470,172 474,164 477,155 478,146 478,136 477,126 421,123 424,118 428,117 433,117 437,118 448,116 452,113 457,111 463,113 466,116 442,125 443,131 443,138 443,144 439,150 441,150 444,151 447,150 450,148 426,131 428,128 432,127 435,129 432,130 429,131 452,127 455,123 458,123 462,125 459,127 455,127 436,164 438,159 442,157 444,157 448,156 452,158 456,162 453,167 449,170 446,171 443,171 439,169 438,164 442,161 445,160 448,160 454,162 448,165 445,165 442,165
MjYRYG-2xQc/00000232.jpg	0	398	108	460	170	406,128 406,135 408,143 409,151 411,159 414,166 418,172 425,177 433,177 441,175 449,170 455,164 460,156 462,148 463,139 463,130 462,122 409,119 410,114 414,113 418,112 422,113 432,111 436,108 441,106 446,107 450,111 427,120 427,126 427,131 426,137 424,142 426,143 428,143 431,142 433,140 413,126 415,123 418,123 422,124 419,125 416,126 436,121 439,119 442,118 445,120 443,121 439,121 422,156 423,151 426,148 428,149 431,147 435,149 439,153 436,158 433,161 430,162 427,162 424,160 424,156 426,153 429,152 431,151 437,153 432,155 429,156 427,156
MjYRYG-2xQc/00000269.jpg	0	386	130	461	204	400,155 401,163 403,172 406,180 409,188 413,195 419,202 425,208 432,209 440,206 447,199 453,191 457,182 460,172 460,162 460,153 459,143 403,149 405,144 409,143 413,143 418,144 428,141 433,137 437,135 443,135 447,137 424,149 424,156 424,163 424,171 421,174 424,175 426,176 429,174 431,172 408,154 411,152 414,151 417,152 415,153 411,154 433,149 436,146 439,145 442,146 440,148 437,148 421,188 422,185 424,183 427,183 429,181 433,182 437,184 435,190 431,193 429,195 426,195 423,192 423,187 425,186 427,186 430,185 435,185 430,187 428,188 425,188
MjYRYG-2xQc/00000252.jpg	0	384	129	446	191	393,149 393,157 396,165 398,173 401,181 405,189 410,195 417,200 424,201 431,198 438,192 444,184 447,175 450,165 450,156 450,146 449,137 395,143 396,138 401,136 405,136 410,137 419,134 423,131 428,128 433,128 438,130 415,142 415,149 416,156 416,162 413,167 415,168 418,168 421,166 423,165 400,148 402,146 405,145 409,146 406,147 403,148 424,142 427,139 430,139 433,139 431,141 428,142 413,181 414,177 416,175 418,175 421,174 424,175 428,177 426,183 422,186 420,187 417,187 415,185 415,180 417,179 419,178 421,177 426,178 421,180 419,181 417,181
MjYRYG-2xQc/00000324.jpg	0	394	136	484	226	405,164 405,173 407,183 410,192 414,201 419,210 425,217 432,223 441,225 449,222 456,215 461,206 465,196 468,187 469,176 469,166 469,156 411,158 414,153 419,152 424,152 429,154 440,152 445,148 450,146 456,146 460,150 435,161 436,168 436,175 436,182 431,187 434,188 437,189 440,187 444,185 417,165 420,162 424,162 428,164 424,165 420,166 444,161 448,158 452,157 455,159 452,161 448,161 427,199 430,196 434,194 438,194 441,193 446,194 450,197 447,204 443,208 439,209 435,209 431,206 430,200 435,198 438,198 441,197 447,198 442,202 438,203 435,203
MjYRYG-2xQc/00000243.jpg	0	384	115	446	177	391,137 391,145 393,153 395,160 397,168 401,175 407,181 413,185 421,186 429,183 436,177 441,171 445,163 448,154 448,146 448,137 448,127 394,129 395,124 399,122 404,121 409,122 418,119 422,116 427,114 433,114 436,118 414,128 414,134 414,140 414,146 411,151 413,151 416,152 419,150 421,149 399,135 401,132 405,131 408,132 405,134 402,135 422,129 425,126 429,125 432,126 429,128 426,128 409,164 411,160 414,158 416,158 419,157 423,157 427,160 424,166 421,169 418,170 415,170 412,169 411,164 414,161 417,161 419,160 425,161 420,164 417,165 414,166
MjYRYG-2xQc/00000342.jpg	0	477	102	513	138	484,119 484,122 485,127 486,131 488,134 490,137 493,140 496,141 499,142 503,141 506,139 509,136 512,133 514,130 515,126 515,121 514,117 485,113 487,112 489,112 491,113 492,114 498,114 501,113 503,113 505,113 508,114 496,118 496,121 495,124 495,126 492,127 494,128 496,129 498,128 500,128 488,118 490,117 491,117 493,118 491,119 490,118 500,118 502,117 504,117 505,118 504,119 502,119 492,132 493,131 495,130 497,131 499,131 501,131 504,132 502,135 499,136 497,136 496,136 493,135 493,132 496,132 497,132 499,132 503,132 499,134 497,134 495,134
MjYRYG-2xQc/00000184.jpg	0	453	101	515	163	456,119 456,127 456,134 456,142 458,150 462,157 467,164 473,169 480,172 488,171 495,166 501,161 506,154 509,146 510,138 511,130 512,122 463,110 466,107 470,106 475,108 479,110 488,110 492,108 497,107 501,109 504,113 483,116 482,122 482,128 482,134 477,137 479,138 481,140 484,139 486,138 467,118 469,116 472,116 475,118 472,119 469,119 490,119 493,117 496,118 499,120 496,120 493,120 471,148 474,146 478,145 480,146 483,145 487,147 490,150 487,155 483,157 480,157 477,156 474,153 473,148 478,148 480,149 483,149 488,150 483,152 480,152 477,151
MjYRYG-2xQc/00000288.jpg	0	411	113	486	188	418,135 418,144 419,153 421,163 425,171 429,179 436,186 444,191 452,192 461,190 468,184 474,177 478,168 480,159 481,150 482,141 481,132 427,123 430,119 435,118 440,118 445,121 456,120 461,117 466,116 471,117 474,121 451,129 451,136 451,142 451,149 446,154 448,155 451,156 454,155 456,154 433,133 436,132 439,131 443,133 439,134 436,134 459,132 462,130 466,130 469,131 466,133 462,133 441,167 444,164 448,162 451,162 454,161 458,163 461,167 458,171 454,174 451,174 448,174 444,172 443,167 448,166 451,166 454,166 459,167 454,168 451,169 448,168
MjYRYG-2xQc/00000197.jpg	0	439	115	501	177	446,128 446,137 446,145 448,153 450,162 453,170 457,177 463,184 470,186 478,186 486,181 491,174 497,167 500,158 502,149 503,141 504,132 452,123 455,119 460,119 465,120 469,122 478,123 483,121 488,120 493,121 496,125 473,130 472,136 472,142 471,148 466,151 468,153 471,154 474,153 477,152 457,131 460,131 463,131 466,132 463,133 460,133 480,133 484,133 487,133 490,134 487,135 484,134 461,161 464,160 468,160 470,161 473,160 478,161 481,163 477,169 473,171 470,171 467,171 464,167 463,162 468,163 470,163 473,163 480,164 473,166 470,166 468,165
MjYRYG-2xQc/00000310.jpg	0	403	130	478	204	413,149 412,158 413,168 415,178 419,187 424,195 430,203 437,209 445,211 454,208 461,202 467,194 472,185 475,176 477,166 477,156 477,147 419,142 423,138 428,137 434,138 439,140 449,139 454,136 459,134 464,135 468,139 444,147 444,154 444,161 444,169 438,173 441,174 444,175 447,174 450,172 425,150 428,148 432,148 435,150 432,151 428,151 453,149 456,146 460,146 463,148 460,149 456,149 434,185 437,182 441,181 444,181 447,180 451,182 454,185 451,190 448,193 444,194 441,194 437,191 436,185 441,185 444,185 447,184 452,185 447,187 444,187 441,187
MjYRYG-2xQc/00000285.jpg	0	419	105	494	179	423,133 423,142 424,150 426,159 429,167 434,175 440,181 448,185 456,187 464,185 472,179 477,172 481,163 483,155 484,146 485,137 484,129 430,119 433,115 438,113 443,114 448,116 460,115 464,112 469,111 473,112 477,115 454,125 454,131 454,138 454,144 449,150 452,151 455,152 458,151 460,149 436,130 439,128 442,127 446,129 442,130 439,131 462,128 465,126 469,125 472,127 469,128 466,129 445,163 448,159 452,157 455,157 457,156 461,158 464,162 462,166 458,168 455,169 452,169 448,167 447,162 452,161 455,161 458,160 462,162 458,163 455,164 452,164
MjYRYG-2xQc/00000284.jpg	0	419	105	494	179	423,132 423,141 424,150 426,158 429,166 434,174 440,180 448,184 456,186 465,183 472,178 478,170 482,162 484,153 485,144 485,136 484,127 431,119 433,114 438,112 443,113 448,115 460,114 464,111 469,109 474,111 477,115 454,124 454,131 454,137 454,143 449,149 452,150 455,151 458,149 460,148 436,129 439,127 442,127 446,128 443,129 439,130 462,127 465,125 469,125 472,126 469,128 466,128 445,162 448,158 451,156 455,156 458,155 461,157 465,160 462,164 459,167 455,167 452,167 448,166 447,162 452,160 455,160 458,159 462,160 458,161 455,162 452,162
MjYRYG-2xQc/00000195.jpg	0	446	108	508	170	449,126 448,134 448,143 449,151 452,159 456,167 461,174 467,180 474,183 482,182 489,177 495,170 500,163 503,155 505,146 506,138 506,129 456,119 459,116 464,115 468,116 472,118 482,119 486,117 491,116 496,118 499,121 476,126 476,132 476,138 475,144 470,148 472,149 475,150 478,150 480,149 461,128 464,127 467,127 469,128 466,129 463,129 484,129 487,128 491,129 494,130 490,131 487,131 466,160 469,157 472,156 474,157 477,156 481,158 484,161 480,166 477,168 474,168 471,167 468,165 468,160 472,159 474,160 477,160 482,161 477,162 474,162 472,162
MjYRYG-2xQc/00000206.jpg	0	428	113	502	188	438,133 437,142 438,150 440,159 443,167 447,175 452,182 458,188 465,191 472,189 480,184 486,177 491,169 494,160 496,151 497,142 497,133 444,127 447,124 451,123 456,124 460,126 470,125 475,123 480,121 485,123 488,127 465,133 465,139 464,146 464,153 459,156 462,157 464,158 467,158 470,156 449,135 452,133 455,133 458,135 455,136 452,136 473,135 477,132 480,132 483,134 480,135 477,135 455,167 458,165 462,164 464,164 468,164 471,165 475,168 472,173 468,175 465,176 462,175 458,172 457,167 462,167 464,167 468,167 473,168 468,170 465,170 462,170
MjYRYG-2xQc/00000224.jpg	0	403	96	478	171	413,125 414,132 415,140 416,148 419,156 423,162 429,168 436,173 444,174 453,172 460,166 466,159 470,151 472,142 472,134 472,125 471,117 419,114 421,110 425,108 430,108 434,109 444,107 448,104 453,102 458,103 461,107 439,116 439,121 440,127 440,133 436,138 438,139 441,139 443,138 446,136 424,121 426,119 429,118 432,120 429,121 426,122 448,117 451,115 454,114 457,116 454,117 451,117 433,152 435,147 438,145 441,145 444,144 448,145 452,149 449,154 445,156 442,157 439,157 436,155 435,151 438,148 441,148 444,148 449,149 445,151 442,152 439,152
MjYRYG-2xQc/00000200.jpg	0	439	115	501	177	443,132 443,141 443,149 445,157 447,166 451,173 455,181 461,187 469,190 476,189 483,183 489,177 495,169 498,161 500,152 501,143 501,134 449,127 452,123 456,123 461,124 465,127 475,126 479,124 485,123 490,124 493,128 470,133 469,140 469,146 468,153 463,155 466,157 469,158 472,157 475,156 454,134 456,133 460,133 463,135 459,135 456,135 478,135 481,133 484,134 487,135 484,136 481,136 459,165 462,164 466,164 469,164 471,164 475,164 480,166 475,172 471,175 468,175 465,175 462,171 460,166 466,167 468,167 471,167 478,166 471,170 468,170 466,169
MjYRYG-2xQc/00000200.jpg	1	429	118	472	161	437,131 437,135 437,140 438,144 438,148 440,153 441,156 442,160 445,161 450,161 456,160 462,158 467,155 472,151 474,145 476,139 476,133 435,125 437,125 440,127 441,129 443,130 450,130 453,129 458,128 462,127 466,129 446,134 445,137 443,140 442,144 441,146 442,147 443,147 445,147 447,147 437,133 439,132 441,132 443,134 441,135 438,135 453,135 455,133 458,133 461,134 458,136 455,136 441,153 442,152 443,152 444,152 445,152 448,153 451,154 448,155 445,155 444,155 443,154 442,153 442,153 443,154 444,154 445,154 450,154 445,152 444,152 443,151
MjYRYG-2xQc/00000205.jpg	0	428	113	502	188	439,133 438,141 439,150 440,159 443,167 447,175 452,182 459,189 466,191 474,189 481,184 487,177 492,169 495,160 496,151 497,142 497,133 445,128 448,124 452,124 457,125 461,127 471,126 476,124 481,123 486,124 489,128 466,133 466,140 465,147 465,153 460,156 462,158 465,159 468,158 471,156 450,135 452,133 456,133 459,135 455,136 452,136 474,135 477,133 481,133 484,135 481,136 477,136 456,167 459,165 462,164 465,165 468,164 472,165 475,168 472,172 469,175 465,176 462,175 459,172 458,168 462,167 465,167 468,167 473,168 468,170 465,170 462,170
MjYRYG-2xQc/00000309.jpg	0	403	130	478	204	413,149 413,158 414,167 415,177 418,186 423,194 429,201 437,207 445,209 454,207 461,201 467,193 472,185 475,176 476,166 477,157 476,147 420,141 423,137 428,136 434,137 438,139 449,138 454,135 459,134 465,135 468,138 444,147 444,154 444,161 444,168 438,172 441,174 444,175 447,173 450,172 425,149 428,147 432,147 435,149 432,150 428,150 452,148 456,146 459,146 463,148 460,149 456,149 434,184 437,182 441,180 443,181 447,180 451,181 454,184 451,189 448,192 444,193 441,192 437,190 436,185 441,184 444,184 447,183 452,184 447,186 444,186 441,186
MjYRYG-2xQc/00000306.jpg	0	403	121	478	196	412,145 412,154 413,164 415,173 417,183 422,191 428,199 435,205 444,207 453,205 461,199 467,191 472,182 474,173 476,164 477,154 476,145 419,137 422,133 427,133 432,134 436,136 447,135 452,133 457,131 463,132 467,136 442,144 442,151 442,158 442,165 437,169 439,171 442,172 445,171 448,169 424,147 427,144 430,144 434,147 430,147 427,148 451,146 454,144 458,144 461,146 458,147 454,147 432,181 435,178 439,177 442,177 445,177 449,178 452,182 449,187 445,190 442,190 439,190 435,187 434,182 439,181 442,181 445,181 450,182 445,184 442,184 439,184
MjYRYG-2xQc/00000280.jpg	0	411	105	486	179	420,132 420,140 421,149 423,158 426,166 431,173 437,180 445,184 454,185 462,183 470,177 475,170 479,162 482,153 483,144 483,135 482,126 427,121 430,117 434,115 439,115 444,117 454,115 459,112 464,111 469,112 473,116 449,124 449,130 449,136 449,143 445,148 447,149 450,150 453,148 456,147 432,129 435,126 438,126 442,128 439,129 435,129 458,126 461,123 465,123 468,125 465,126 461,126 442,162 444,157 447,156 450,156 453,155 457,156 461,160 458,164 454,167 451,168 448,168 445,165 444,161 447,159 450,159 453,159 459,160 454,162 451,163 448,163
MjYRYG-2xQc/00000185.jpg	0	453	101	515	163	455,120 455,128 455,136 456,144 458,152 461,159 466,165 472,170 480,173 487,172 495,167 501,162 505,154 508,147 510,139 511,131 511,123 462,112 465,109 470,108 474,109 478,111 487,111 492,109 497,108 501,110 504,114 482,118 482,123 481,129 481,135 476,138 478,140 481,140 484,140 486,139 466,119 469,117 472,117 475,120 472,120 469,120 490,120 493,118 496,119 499,121 496,122 493,121 472,150 475,148 478,146 480,147 483,147 486,148 489,152 486,156 483,158 480,158 477,157 474,155 474,150 478,150 480,150 483,150 487,152 483,153 480,153 478,152
MjYRYG-2xQc/00000188.jpg	0	444	96	519	171	453,122 453,130 453,138 454,147 456,154 459,162 464,168 471,174 479,176 487,175 494,170 500,164 504,156 507,149 509,141 509,133 509,124 460,114 463,111 468,110 472,111 477,113 486,113 490,111 495,110 499,112 502,116 481,119 480,125 480,131 480,137 475,141 477,142 479,143 482,143 484,141 465,121 467,120 470,120 473,121 470,122 467,122 488,122 491,121 495,121 497,123 494,124 491,123 471,154 473,151 476,150 478,150 480,150 484,152 486,156 484,159 481,161 478,161 476,161 473,158 473,154 476,153 478,154 480,154 484,155 481,155 479,155 476,155
MjYRYG-2xQc/00000214.jpg	0	425	108	487	170	427,126 427,134 428,142 429,151 432,159 436,167 441,174 448,179 456,181 464,180 471,174 477,167 482,159 485,150 486,141 486,132 486,123 433,119 437,116 441,115 446,116 450,118 460,117 464,114 469,112 473,112 477,116 455,125 455,130 455,136 455,143 450,147 452,148 455,148 458,147 461,146 438,128 441,128 444,127 448,128 444,129 441,129 463,127 466,126 469,126 473,126 470,128 466,128 446,158 449,155 452,154 455,154 458,153 462,155 465,158 462,163 459,166 455,167 452,167 449,164 448,159 452,157 455,157 458,157 463,158 458,161 455,161 452,161
MjYRYG-2xQc/00000182.jpg	0	453	101	515	163	457,117 456,125 457,133 457,140 459,148 462,155 467,162 474,167 481,170 489,169 497,165 503,159 507,152 510,145 511,137 512,129 513,121 464,110 467,106 472,105 476,106 480,109 489,109 493,107 498,106 503,108 506,112 484,115 484,121 483,126 483,132 478,136 480,137 483,138 485,138 488,137 468,116 471,115 474,115 477,117 474,117 470,117 491,118 494,116 498,116 500,118 498,119 494,119 473,147 476,145 480,144 482,144 484,144 487,146 491,149 487,153 484,154 481,155 479,154 476,151 475,147 480,147 482,148 484,148 489,149 484,149 482,149 479,149
MjYRYG-2xQc/00000270.jpg	0	386	121	461	196	401,153 402,162 404,170 406,179 410,187 414,194 419,200 425,206 433,206 440,204 447,197 453,189 457,179 460,170 460,160 460,151 459,141 404,146 406,142 410,140 414,140 419,141 429,138 433,134 438,132 444,132 448,135 425,146 425,153 425,160 425,168 422,172 425,173 427,173 430,172 433,170 409,152 412,149 415,148 419,150 416,151 412,152 434,146 437,143 440,143 443,144 441,146 437,146 422,185 423,182 426,180 428,180 431,179 435,180 439,182 436,187 432,191 430,192 427,192 424,190 424,185 426,183 429,183 431,182 437,182 432,185 429,186 426,186
MjYRYG-2xQc/00000314.jpg	0	403	130	478	204	411,150 411,160 412,169 414,179 417,188 422,196 428,204 436,210 444,212 453,210 460,203 466,195 471,186 474,177 476,167 476,157 475,148 418,143 421,139 426,138 432,139 437,141 447,140 452,137 458,135 463,136 467,140 442,148 442,155 442,162 442,169 436,173 439,175 442,176 446,175 449,173 424,151 426,149 430,148 434,151 430,152 426,152 451,150 454,147 458,147 461,149 458,150 455,150 432,186 435,183 439,182 442,182 445,181 449,183 453,186 450,192 446,195 443,195 439,195 435,192 434,187 439,185 442,186 445,185 451,186 446,189 442,189 439,189
MjYRYG-2xQc/00000262.jpg	0	386	130	461	204	397,155 399,163 401,171 403,179 406,187 411,194 416,200 422,205 430,205 437,202 444,196 450,188 454,178 456,169 457,160 456,150 455,141 400,147 401,143 405,141 410,141 415,142 424,139 429,135 434,132 439,133 443,136 420,147 421,154 421,161 421,168 418,172 420,173 423,173 426,172 429,170 405,153 408,150 411,149 415,151 412,152 408,153 429,147 432,144 435,143 439,144 436,146 433,147 417,185 419,182 421,181 424,181 427,179 430,179 435,181 432,186 429,189 426,191 423,191 420,189 419,185 422,184 424,183 427,182 432,182 428,184 425,185 422,186
MjYRYG-2xQc/00000316.jpg	0	403	130	478	204	411,150 411,160 412,169 414,179 416,188 421,196 427,204 434,210 442,212 451,210 459,204 466,196 471,187 473,177 475,167 475,158 475,148 417,143 421,139 426,138 431,139 436,141 446,140 451,137 456,136 462,136 466,140 441,149 441,156 441,163 441,170 436,174 438,175 441,176 444,175 447,173 423,152 426,149 429,149 433,151 429,152 426,152 450,150 453,148 457,148 460,149 457,151 454,151 431,186 434,184 438,182 441,183 444,181 448,183 452,186 449,192 445,195 441,196 438,196 434,192 434,187 438,186 441,186 444,185 450,186 444,189 441,190 438,189
MjYRYG-2xQc/00000254.jpg	0	378	121	453	196	393,152 394,160 396,168 398,177 402,184 406,192 411,198 417,203 424,204 431,202 438,195 444,187 448,178 451,168 452,159 452,149 450,139 396,145 398,141 401,139 406,139 411,140 420,137 424,133 429,131 435,131 439,134 416,145 417,152 417,159 417,166 414,170 416,171 419,172 422,170 425,168 401,151 403,149 407,148 411,149 407,150 404,151 425,145 428,142 431,142 434,142 432,144 429,145 413,183 415,181 418,179 420,179 422,178 426,178 430,179 427,185 424,188 421,189 419,190 416,188 414,183 418,182 420,182 423,181 429,180 423,183 420,184 418,184
MjYRYG-2xQc/00000301.jpg	0	403	121	478	196	411,147 411,156 411,165 414,174 417,183 421,191 428,198 435,204 443,205 451,203 459,197 465,190 470,181 472,172 474,162 474,153 473,144 418,136 421,133 425,132 430,133 435,135 446,134 450,131 455,129 461,130 465,133 440,142 440,149 440,156 440,163 435,168 438,169 441,170 444,169 447,167 423,146 425,144 429,144 432,146 429,147 425,147 449,145 452,142 456,142 459,144 456,145 453,145 431,181 434,177 437,176 440,176 444,175 448,176 452,180 448,185 445,187 441,188 438,188 434,185 433,181 437,179 441,179 444,179 449,180 444,182 441,183 438,182
MjYRYG-2xQc/00000211.jpg	0	419	105	494	179	433,130 432,138 433,147 435,155 437,163 442,171 447,178 453,184 460,186 468,184 475,178 481,172 486,164 489,156 491,147 492,138 492,129 439,123 442,119 446,118 451,119 456,122 465,120 470,118 475,116 480,117 483,121 460,128 460,134 460,140 460,147 455,150 457,152 460,153 463,152 466,150 444,130 446,128 450,128 453,130 450,131 446,131 468,129 472,127 475,127 478,129 475,130 472,130 451,162 453,159 457,158 459,158 463,157 467,159 470,162 467,167 463,170 460,171 457,170 453,168 452,162 457,161 460,161 463,161 468,162 463,165 460,166 457,165
MjYRYG-2xQc/00000263.jpg	0	386	130	461	204	397,154 399,162 401,170 403,178 406,186 411,194 416,200 423,205 430,206 438,203 445,196 451,188 455,178 457,169 457,160 457,150 456,141 400,147 402,143 406,141 410,141 415,142 425,139 429,135 434,133 439,133 443,135 421,147 421,154 421,161 422,169 419,172 421,174 424,174 427,172 429,170 406,153 408,150 411,149 415,151 412,152 409,153 430,147 432,144 436,143 439,144 437,146 433,147 418,186 419,183 422,181 424,181 427,180 431,180 435,182 432,187 429,190 426,192 423,192 420,190 420,185 422,184 425,184 427,183 432,182 428,185 425,186 423,186
MjYRYG-2xQc/00000201.jpg	0	439	115	501	177	442,133 441,141 442,149 444,158 446,166 449,174 454,181 460,187 468,190 476,189 483,183 489,177 494,169 497,161 499,152 500,143 500,134 448,128 451,124 455,124 460,125 464,127 473,127 478,125 483,123 488,125 492,129 468,134 468,140 468,147 468,153 463,156 465,158 468,159 471,158 474,157 453,135 455,133 459,133 462,136 458,136 455,136 477,136 480,134 483,134 486,136 483,137 480,137 459,167 462,165 465,164 468,165 470,164 474,165 478,168 474,172 470,175 467,175 464,174 461,171 460,167 465,167 468,167 470,167 476,168 470,170 468,170 465,169
MjYRYG-2xQc/00000201.jpg	1	429	118	472	161	440,129 438,133 438,138 439,142 439,147 441,151 442,155 443,160 445,162 450,162 456,160 463,159 469,156 474,152 476,146 477,140 478,133 438,122 440,123 442,124 443,126 444,127 449,129 453,128 457,127 462,127 466,130 446,133 444,136 442,139 441,142 440,145 441,146 442,146 444,146 447,147 439,130 441,129 443,130 444,132 442,132 440,132 453,134 455,132 458,133 461,134 458,135 455,135 441,151 441,151 442,150 443,151 444,151 447,152 451,154 447,155 444,155 443,155 442,154 442,152 442,151 442,152 443,153 444,153 450,154 444,152 443,152 442,151
MjYRYG-2xQc/00000330.jpg	0	395	138	469	213	405,159 405,169 406,179 408,188 412,197 417,206 423,214 430,221 438,222 446,220 454,213 460,205 465,195 468,185 470,175 470,164 470,153 410,151 413,147 418,146 424,146 429,148 440,146 444,143 450,141 456,141 460,145 434,156 435,163 435,170 435,178 430,183 432,184 435,184 439,183 442,182 417,160 419,157 423,157 427,159 424,160 420,161 444,157 447,154 451,154 454,155 451,157 448,157 426,195 428,192 432,190 435,191 439,190 443,191 447,195 444,202 440,205 436,206 432,206 428,202 428,196 433,194 435,194 439,194 445,195 439,199 436,200 432,199
MjYRYG-2xQc/00000264.jpg	0	386	130	461	204	398,155 400,163 402,171 404,179 407,187 411,195 417,201 423,206 431,206 438,204 445,197 451,189 455,180 457,171 458,162 457,152 456,143 401,148 403,144 407,142 412,142 416,143 425,140 430,136 435,134 440,134 444,137 422,148 422,155 422,162 423,169 419,173 421,174 424,175 427,173 430,171 407,154 409,151 412,150 416,152 413,153 409,154 431,148 433,145 437,145 440,146 437,148 434,148 418,186 419,183 422,181 424,181 427,180 431,181 435,182 433,188 429,191 426,192 423,192 420,190 420,186 422,185 425,184 428,183 433,183 428,185 425,186 423,187
MjYRYG-2xQc/00000198.jpg	0	439	115	501	177	446,130 445,138 445,147 447,155 449,163 453,172 457,179 463,186 470,189 478,188 485,182 491,175 496,168 500,159 501,150 502,142 503,133 451,124 454,121 459,121 464,122 468,125 476,124 481,122 487,121 492,123 495,127 472,132 471,138 471,144 470,150 465,153 467,154 470,156 473,155 476,154 456,133 459,132 462,132 465,133 462,134 459,134 479,134 483,134 486,134 489,135 486,136 483,136 460,162 463,162 467,161 470,162 473,162 477,163 481,164 477,171 473,174 469,174 467,173 463,170 461,163 467,165 470,165 472,165 479,165 472,168 470,169 467,168
MjYRYG-2xQc/00000257.jpg	0	386	130	461	204	395,153 396,162 398,170 400,178 404,186 408,193 414,199 420,205 427,206 435,203 441,197 447,189 451,179 453,169 454,160 453,150 452,140 397,146 399,142 403,140 407,140 412,141 422,138 426,134 432,131 437,132 441,135 418,146 418,153 419,159 419,166 416,171 418,172 421,172 424,171 427,169 403,152 405,149 408,148 412,150 409,151 406,152 427,146 429,143 433,142 436,143 434,145 430,146 415,185 417,182 420,180 423,180 425,179 429,179 433,180 430,185 427,188 424,189 421,189 418,188 416,185 420,183 423,183 426,182 432,181 426,184 423,185 421,185
MjYRYG-2xQc/00000302.jpg	0	403	121	478	196	411,145 410,155 411,164 413,173 416,183 421,191 427,198 434,204 442,206 451,204 459,197 465,190 470,181 472,171 474,162 474,152 474,143 417,136 420,133 425,132 430,134 435,136 445,134 450,132 455,130 460,130 464,134 440,143 440,150 440,157 440,163 435,168 437,169 440,170 443,169 446,167 422,146 425,144 428,144 432,146 428,147 425,147 449,145 452,142 456,142 459,144 456,145 452,145 431,181 434,177 437,176 440,176 443,175 447,177 451,180 448,185 444,188 441,189 438,188 434,186 433,181 438,179 440,179 443,179 449,180 444,182 441,183 438,182
MjYRYG-2xQc/00000295.jpg	0	411	122	474	184	413,142 412,151 413,160 415,170 419,178 424,187 430,194 437,199 445,201 454,199 461,193 467,186 471,177 474,168 476,159 476,149 476,140 421,131 424,127 429,125 434,126 439,128 450,127 454,125 459,124 464,125 468,129 444,137 444,143 444,150 445,157 439,162 442,163 445,164 448,163 450,161 426,140 429,138 433,138 436,140 433,141 429,141 452,139 456,136 459,136 462,138 460,140 456,140 434,175 437,171 442,169 445,169 448,168 452,170 455,174 452,180 448,183 445,184 441,184 437,181 436,175 442,173 445,173 448,172 453,175 448,178 445,178 442,178
MjYRYG-2xQc/00000313.jpg	0	403	130	478	204	411,150 411,159 412,169 415,178 418,187 422,196 428,203 436,210 444,212 453,209 460,203 467,195 471,185 474,176 476,166 477,157 476,147 418,143 422,139 427,137 432,138 437,140 448,139 452,137 458,135 463,136 467,139 442,148 442,155 442,162 442,169 437,173 440,175 443,176 446,175 449,173 424,151 427,148 431,148 434,150 431,151 427,152 451,150 455,147 458,147 462,149 459,150 455,150 433,186 435,183 439,181 442,182 445,181 450,182 453,185 450,191 446,194 443,195 439,195 436,192 435,186 439,185 442,185 445,185 451,186 446,188 442,189 439,188
MjYRYG-2xQc/00000335.jpg	0	395	138	469	213	407,158 407,167 408,176 410,186 412,196 416,204 421,212 427,219 435,222 443,220 451,214 458,207 464,197 468,188 470,178 471,167 472,156 411,148 413,145 418,144 422,146 426,148 438,147 443,144 449,142 455,143 459,147 432,156 432,163 431,170 431,178 426,182 428,183 431,185 435,184 438,182 416,158 419,156 422,156 426,158 422,159 419,159 442,158 445,155 449,155 453,157 450,158 446,159 423,194 425,191 429,190 432,191 435,190 440,192 445,196 441,202 436,205 432,205 429,205 425,201 425,195 429,194 432,194 435,194 443,196 436,199 432,199 429,198
MjYRYG-2xQc/00000228.jpg	0	405	101	467	163	413,125 413,132 414,141 415,149 418,156 422,164 427,170 433,175 441,176 449,174 456,169 462,162 466,154 469,146 470,137 470,128 470,119 417,114 419,110 423,108 427,108 431,109 441,107 445,104 450,103 455,104 459,107 436,116 436,122 436,127 436,133 432,138 435,139 437,139 440,138 442,137 421,122 423,119 427,118 430,120 427,121 424,122 445,118 448,115 451,114 454,116 451,117 448,118 430,154 431,148 434,145 437,145 440,144 445,146 449,151 446,157 442,161 439,162 436,161 432,159 432,153 435,149 438,149 441,148 447,151 441,155 438,156 435,156
MjYRYG-2xQc/00000259.jpg	0	386	130	461	204	396,154 397,163 400,171 402,179 405,186 410,194 415,200 422,206 429,206 436,204 443,197 449,188 453,179 455,169 455,160 455,150 453,140 398,146 400,142 404,140 409,140 413,141 423,138 427,134 432,132 438,132 442,135 419,146 419,153 420,160 420,167 417,171 419,172 422,173 425,171 427,169 404,152 406,149 410,149 413,150 410,151 407,152 428,146 430,143 434,142 437,143 435,145 431,146 416,185 418,182 421,180 423,180 426,179 430,179 435,181 432,187 428,191 425,192 422,192 419,190 418,185 421,183 424,183 427,182 433,182 427,185 425,186 422,186
MjYRYG-2xQc/00000225.jpg	0	403	96	478	171	414,125 414,132 415,140 417,148 419,156 424,163 429,168 436,173 444,174 453,172 460,166 465,159 469,151 471,143 472,134 471,126 471,117 419,114 421,110 425,108 429,108 434,109 443,107 448,104 452,102 457,103 461,106 439,116 439,121 439,127 439,133 435,138 438,139 440,139 443,138 445,136 423,122 426,119 429,118 432,120 429,121 426,122 447,117 450,115 453,114 456,116 454,117 450,118 433,152 434,147 437,145 440,145 443,144 447,145 451,149 448,154 445,157 441,158 438,158 435,156 434,152 438,148 440,148 443,148 449,150 444,152 441,153 438,153
MjYRYG-2xQc/00000293.jpg	0	411	113	486	188	415,141 415,150 416,159 418,168 421,176 425,184 431,191 439,196 447,198 456,196 463,190 469,182 473,173 475,164 477,155 477,146 477,137 422,128 425,124 430,123 435,124 440,126 451,125 456,122 461,121 466,122 469,125 445,134 445,141 446,148 446,154 440,159 443,161 446,161 449,160 452,159 428,138 430,136 434,136 438,138 434,139 430,139 454,137 457,134 461,134 464,136 461,137 457,138 436,173 439,169 442,167 445,167 448,166 452,168 456,172 453,177 449,180 446,180 442,180 439,177 438,173 442,171 445,171 448,170 453,172 449,174 446,175 442,175
MjYRYG-2xQc/00000287.jpg	0	411	113	486	188	420,134 420,143 421,152 423,161 426,169 431,177 437,184 445,189 453,191 461,188 469,183 475,175 479,167 481,158 482,149 483,140 482,131 428,122 431,118 436,116 441,117 446,119 458,118 463,115 468,114 473,115 476,119 452,128 452,134 452,141 452,148 447,153 450,154 452,155 455,154 458,152 434,132 437,130 440,130 444,131 440,133 437,133 460,130 464,128 467,128 470,130 468,131 464,131 442,166 446,162 449,160 452,161 455,160 459,161 462,165 459,169 455,171 452,172 449,172 446,169 444,165 449,164 452,164 455,164 460,165 455,166 452,166 449,166
MjYRYG-2xQc/00000186.jpg	0	444	96	519	171	455,121 454,129 454,136 455,145 457,152 461,159 466,165 472,170 479,173 487,172 494,168 501,162 505,155 508,147 510,139 511,131 511,123 462,112 465,109 469,108 473,109 477,112 487,112 491,110 496,109 501,111 504,114 481,118 481,124 481,130 480,136 475,139 478,141 480,142 482,141 485,140 465,120 468,118 471,118 474,120 471,121 468,121 489,121 492,119 496,119 498,121 496,122 492,122 471,151 474,149 477,148 479,148 482,148 485,150 488,153 485,156 482,158 479,158 476,157 473,155 473,151 477,151 479,151 482,151 487,153 482,152 479,153 477,152
MjYRYG-2xQc/00000300.jpg	0	403	121	478	196	410,146 410,156 411,165 414,174 417,183 422,191 428,198 435,203 443,205 452,202 459,196 465,189 470,180 472,171 473,161 474,152 473,142 417,137 421,133 425,131 431,132 436,134 446,133 451,130 456,128 461,129 465,133 441,142 441,149 441,156 441,162 436,167 438,169 441,169 444,168 447,166 423,146 426,144 429,143 433,145 429,146 426,147 449,144 453,141 456,141 460,143 457,144 453,144 432,180 435,177 438,175 441,176 445,174 449,175 452,179 449,184 446,186 442,187 439,187 435,185 434,180 438,178 442,178 445,178 450,179 445,181 442,182 438,182
MjYRYG-2xQc/00000250.jpg	0	384	122	446	184	392,144 393,152 395,160 397,168 400,176 404,183 409,190 415,194 423,195 430,192 437,186 443,178 447,169 449,160 450,151 450,141 448,132 394,136 396,131 399,129 404,129 408,130 417,127 421,123 426,121 432,121 436,123 414,136 414,142 414,148 415,155 412,160 414,160 417,161 419,159 421,158 400,143 402,140 405,139 408,140 406,142 402,143 422,136 425,134 428,133 432,134 429,136 426,137 412,174 413,170 415,168 417,168 419,166 423,168 427,170 424,176 421,179 419,180 416,180 414,179 414,174 416,172 417,171 420,170 425,171 420,173 418,174 416,174
MjYRYG-2xQc/00000304.jpg	0	403	121	478	196	412,145 412,154 412,163 414,173 416,182 421,190 426,198 434,204 442,206 451,204 459,198 466,190 471,181 473,172 475,163 475,153 475,144 418,137 421,133 426,132 431,133 436,135 446,135 451,132 456,130 462,131 466,135 440,143 440,150 440,157 440,164 435,168 437,169 440,170 443,169 446,168 423,146 425,144 429,144 432,146 429,147 425,147 449,145 453,143 456,143 460,145 457,146 453,146 430,180 433,177 437,176 440,176 443,175 447,177 451,180 448,185 444,188 440,189 437,188 433,185 432,180 437,179 440,180 443,179 449,181 444,182 440,183 437,183
MjYRYG-2xQc/00000240.jpg	0	378	105	453	179	393,135 393,143 395,151 397,159 399,166 403,173 408,179 415,184 423,184 431,181 438,176 443,169 448,161 450,152 450,144 450,135 449,126 396,127 397,122 401,120 406,119 410,120 419,117 423,114 428,112 433,112 437,116 415,126 415,132 415,138 415,144 413,149 415,150 417,150 420,149 423,147 401,133 403,130 406,129 409,130 407,132 404,133 424,127 427,124 430,124 433,125 431,126 427,127 411,163 413,158 415,156 418,156 420,155 425,156 429,160 426,165 422,168 419,169 417,170 413,167 413,162 416,160 418,159 421,159 426,160 422,163 419,164 416,164
MjYRYG-2xQc/00000337.jpg	0	477	102	513	138	486,119 486,122 487,126 488,130 490,133 492,136 494,138 497,141 500,141 503,141 506,139 509,136 511,133 513,129 514,125 513,121 512,116 488,114 489,113 491,114 492,114 493,116 498,115 500,114 502,113 504,113 506,114 497,119 496,121 496,124 496,126 494,128 495,128 497,129 499,128 500,128 490,118 491,117 492,118 494,119 492,119 491,119 500,118 502,117 503,117 505,118 504,118 502,119 494,132 495,131 496,130 498,131 499,130 502,131 504,132 502,134 500,136 498,136 497,136 495,135 494,132 497,132 498,132 499,132 503,132 499,134 498,134 497,134
MjYRYG-2xQc/00000317.jpg	0	403	130	478	204	410,151 410,160 411,170 413,179 416,188 421,197 427,204 435,211 443,213 452,211 459,204 466,196 471,186 473,177 475,167 475,157 474,148 417,144 420,140 425,139 430,140 435,141 446,140 451,137 456,136 462,136 465,140 440,149 440,156 441,163 441,170 436,174 438,176 441,177 444,176 447,174 422,152 425,150 429,149 433,152 429,153 425,153 449,151 453,148 456,148 460,150 457,151 453,151 431,186 434,184 438,182 441,183 444,182 449,183 453,186 449,192 445,195 441,196 438,195 434,192 433,187 438,186 441,186 444,186 451,187 445,189 441,190 438,189
MjYRYG-2xQc/00000331.jpg	0	395	138	469	213	405,159 405,168 406,178 408,188 411,197 416,206 422,214 428,221 437,223 445,220 454,213 460,205 465,195 469,185 470,175 471,164 470,153 410,149 413,145 418,143 423,145 428,147 439,145 444,141 450,139 455,140 460,143 433,155 433,162 433,169 433,177 428,182 431,183 434,184 437,183 441,181 416,158 419,156 422,156 426,158 423,159 419,159 443,156 446,153 450,153 454,155 451,156 447,157 424,195 427,191 430,189 434,190 438,189 442,191 447,195 443,202 439,205 434,206 431,206 427,202 426,195 431,194 434,194 438,193 445,195 438,199 434,199 431,199
MjYRYG-2xQc/00000323.jpg	0	403	138	478	213	405,162 406,171 407,180 410,189 413,198 418,206 424,214 432,220 440,222 448,219 456,213 462,204 466,195 469,185 470,175 471,165 470,154 411,154 414,150 419,148 425,149 429,151 441,149 445,145 450,143 456,143 460,146 435,158 436,165 436,172 436,179 431,184 434,185 437,186 440,184 444,182 417,162 420,159 424,159 428,161 424,162 420,162 445,159 448,156 452,155 455,156 452,158 448,159 427,196 430,192 434,191 437,191 441,190 445,191 450,194 446,201 442,204 438,205 435,205 430,202 429,196 434,195 438,194 441,194 448,194 441,199 438,200 434,200
MjYRYG-2xQc/00000268.jpg	0	386	130	461	204	400,156 401,165 403,173 405,181 408,189 413,197 419,203 425,209 432,209 440,207 447,199 452,191 457,182 459,173 460,163 459,153 458,144 402,149 404,145 409,144 413,144 418,145 427,142 431,138 436,136 441,135 446,138 423,150 423,157 424,164 424,171 421,175 423,176 426,177 429,175 431,173 408,155 410,153 413,152 417,153 414,155 411,156 432,150 435,147 438,146 442,147 439,149 436,150 420,189 421,186 424,184 426,184 429,182 432,183 436,185 434,191 431,195 428,196 425,196 422,194 422,189 424,187 427,187 429,186 434,186 430,188 427,189 425,190
MjYRYG-2xQc/00000286.jpg	0	419	105	494	179	421,133 421,142 422,151 425,160 428,169 433,176 439,183 447,188 455,189 463,187 471,181 476,174 480,165 482,156 484,147 484,138 483,129 430,120 433,116 438,114 443,115 447,117 459,116 463,113 468,112 473,114 476,117 453,126 453,133 453,139 454,146 449,151 451,152 454,153 457,152 460,150 436,131 438,129 442,128 445,130 442,131 438,131 461,129 465,127 468,126 471,128 468,130 465,130 444,164 447,161 450,159 454,159 456,158 460,160 463,164 461,168 457,170 454,171 451,171 447,168 446,164 451,162 454,162 456,162 461,164 457,165 454,165 451,165
MjYRYG-2xQc/00000203.jpg	0	428	113	502	188	440,133 440,142 440,151 442,159 445,168 449,175 454,182 460,188 467,191 475,189 482,184 488,177 493,169 496,161 498,152 498,143 498,134 447,128 450,125 454,124 459,125 463,128 472,127 477,124 482,123 487,124 490,128 467,134 467,140 467,147 467,154 461,156 464,158 466,159 470,158 472,157 451,135 454,133 457,133 460,136 457,136 454,136 475,136 479,134 482,134 485,136 482,137 479,137 457,168 460,165 464,164 466,165 469,164 473,165 476,169 473,173 470,175 466,176 463,175 460,172 459,168 464,168 466,168 469,167 474,169 469,170 466,170 464,170
MjYRYG-2xQc/00000274.jpg	0	405	115	467	177	409,137 410,146 411,154 413,163 416,171 420,179 426,186 433,191 441,192 449,189 457,182 463,175 467,166 470,157 471,148 471,138 470,129 413,129 416,124 420,122 425,122 430,124 439,121 444,118 449,116 455,117 459,121 435,130 435,137 435,143 435,150 431,155 434,156 437,156 440,155 442,153 419,135 421,133 425,132 428,134 425,135 422,136 444,131 447,128 450,127 454,129 451,131 447,131 429,169 431,165 434,163 437,163 439,162 444,163 448,166 445,171 441,174 438,175 435,175 432,173 431,168 435,166 437,166 440,165 445,166 440,168 438,169 435,169
MjYRYG-2xQc/00000204.jpg	0	428	113	502	188	439,133 439,142 440,151 441,159 444,167 448,175 453,182 459,189 466,191 474,189 481,184 487,177 492,169 495,161 497,152 497,143 497,134 446,128 449,124 453,124 458,125 462,128 471,127 476,124 481,123 486,124 490,128 467,134 466,140 466,147 466,153 461,156 463,158 466,159 469,158 472,157 451,135 453,133 457,133 459,135 456,136 453,136 475,136 478,134 481,134 484,135 481,136 478,136 456,167 459,165 463,164 466,165 469,164 472,165 475,168 472,173 469,175 466,176 462,175 459,172 458,168 463,167 466,168 469,167 473,168 469,170 466,170 463,170
MjYRYG-2xQc/00000299.jpg	0	403	121	478	196	411,145 411,154 412,163 414,173 417,182 422,190 429,197 436,202 444,204 453,202 460,196 466,188 471,179 473,169 474,160 475,150 474,141 418,135 422,131 426,130 432,131 437,133 447,132 451,129 456,128 462,128 466,132 441,141 441,148 442,155 442,161 436,166 439,167 442,168 445,167 448,165 424,145 427,143 430,143 434,144 430,145 427,146 450,143 453,141 457,140 460,142 457,143 454,143 432,179 435,176 439,174 442,174 446,173 450,175 453,178 450,183 446,186 443,187 439,186 436,184 434,179 439,177 442,177 446,177 451,178 446,180 443,181 439,181
MjYRYG-2xQc/00000329.jpg	0	395	138	469	213	404,161 404,170 406,180 409,190 412,199 417,208 423,215 430,222 439,223 447,221 454,214 460,205 465,196 468,186 469,176 470,165 469,155 411,154 414,150 419,148 424,149 430,151 440,148 445,145 451,143 456,143 461,147 435,158 435,165 436,172 436,179 430,184 433,185 436,186 440,184 443,182 417,161 420,159 424,158 427,161 424,162 420,162 444,158 448,155 451,154 455,156 452,158 448,158 427,197 429,193 433,191 436,192 440,191 445,192 448,196 445,203 441,207 437,207 434,207 430,204 429,197 433,195 437,195 440,195 446,196 440,200 437,201 433,201
MjYRYG-2xQc/00000334.jpg	0	395	138	469	213	407,158 407,167 408,177 409,186 411,195 415,204 420,212 426,219 434,222 442,220 451,215 458,207 463,198 467,188 469,178 470,167 471,156 410,148 412,144 417,143 422,145 426,147 438,146 443,143 449,141 455,142 459,146 432,155 432,163 431,170 430,177 426,181 428,183 431,184 435,183 438,181 415,157 418,155 422,155 425,158 422,158 418,159 442,157 445,154 449,154 453,156 449,158 445,158 423,194 425,191 428,189 431,190 435,189 440,191 444,196 441,203 436,206 432,206 428,205 425,201 425,195 428,193 431,193 435,193 442,196 435,200 432,200 428,199
MjYRYG-2xQc/00000353.jpg	0	477	106	513	142	487,122 486,125 487,128 488,132 490,135 491,138 494,140 496,142 499,142 501,142 505,140 507,138 510,135 512,131 513,128 513,124 512,119 488,116 490,116 491,116 493,116 494,117 498,116 500,115 502,114 504,114 506,115 496,120 496,122 496,124 496,127 494,129 495,129 497,129 498,129 499,128 490,120 491,119 493,119 494,120 493,121 491,121 500,120 501,118 503,118 504,119 503,120 502,120 493,134 494,133 496,132 497,132 498,132 500,132 502,133 501,136 499,137 498,137 496,137 495,136 494,134 496,133 497,133 498,133 502,134 499,134 497,135 496,135
MjYRYG-2xQc/00000193.jpg	0	446	108	508	170	451,125 450,133 451,141 452,150 454,158 457,165 462,172 469,178 476,180 484,179 491,174 497,168 502,161 505,153 507,145 508,136 508,128 458,117 461,113 466,112 470,114 474,116 484,116 488,114 493,113 498,115 501,119 478,123 478,129 478,135 477,141 472,144 474,146 477,147 480,146 482,145 462,124 465,122 468,122 471,125 468,125 465,125 486,125 489,123 493,124 495,126 492,126 489,126 467,156 470,153 474,152 476,153 479,153 483,154 486,158 482,162 479,164 476,164 473,163 470,160 469,156 474,156 476,156 479,156 484,158 479,159 476,159 474,158
MjYRYG-2xQc/00000275.jpg	0	403	113	478	188	412,136 412,145 413,153 415,161 418,170 422,177 428,184 434,189 443,190 451,188 459,182 465,175 469,166 471,157 472,148 472,139 471,129 416,127 418,122 423,120 427,120 432,122 442,120 447,116 452,114 457,115 461,119 437,128 437,135 437,141 437,148 434,153 436,154 439,154 442,153 444,151 421,134 423,131 427,130 430,132 427,133 424,134 447,130 449,126 453,126 456,128 454,129 450,130 432,166 434,163 437,160 439,160 442,160 446,161 450,164 447,169 443,172 440,173 438,173 435,170 434,166 437,164 440,164 442,163 448,164 443,166 440,167 437,167
MjYRYG-2xQc/00000294.jpg	0	411	121	486	196	413,142 414,152 415,161 417,170 420,178 425,186 431,192 438,198 447,199 455,197 463,191 469,184 473,175 475,166 476,157 476,148 476,139 421,131 424,126 429,125 435,126 440,128 451,127 455,124 460,122 466,123 469,128 445,136 445,142 445,149 445,156 440,161 442,162 445,163 448,162 451,160 427,140 430,138 433,137 437,139 433,140 430,141 453,138 457,136 460,136 463,137 461,139 457,139 435,174 438,170 442,168 445,169 448,168 452,169 455,174 452,179 449,182 445,182 442,182 438,179 438,174 442,172 445,172 448,172 453,174 448,176 445,177 442,176
MjYRYG-2xQc/00000248.jpg	0	384	115	446	177	391,139 392,147 394,155 396,163 399,170 403,178 408,183 414,188 422,188 430,185 437,179 443,172 447,164 449,155 450,146 449,137 448,128 394,131 395,127 399,124 404,124 408,125 417,122 421,118 426,116 431,116 436,119 413,131 414,137 414,143 414,149 412,154 414,155 416,155 419,153 421,152 399,138 401,137 404,136 408,136 405,138 402,139 422,132 425,130 428,130 431,130 429,132 425,132 411,168 412,164 414,162 416,162 419,160 422,161 427,163 424,168 421,171 418,172 416,172 413,171 412,167 415,165 417,165 419,164 424,164 420,165 417,166 415,166
MjYRYG-2xQc/00000297.jpg	0	403	121	478	196	412,144 412,154 413,163 415,172 418,181 423,189 430,196 437,202 445,203 454,201 461,195 467,187 471,178 473,169 475,160 475,150 475,141 419,133 423,129 428,128 433,128 438,131 449,130 453,127 458,125 463,126 467,130 443,139 443,145 444,152 444,159 438,164 441,165 444,166 447,165 450,163 425,143 428,140 432,140 435,142 432,143 428,143 452,141 455,139 458,138 462,140 459,142 455,142 434,178 437,174 441,172 444,172 447,171 451,173 454,177 452,182 448,185 444,186 441,186 437,183 436,178 441,176 444,176 447,175 452,177 448,180 444,181 441,180
MjYRYG-2xQc/00000326.jpg	0	394	136	484	226	404,165 404,174 406,184 409,193 413,202 418,211 425,218 432,225 440,226 448,223 455,216 461,207 465,197 468,187 469,177 469,166 469,155 411,157 414,153 419,152 425,153 429,154 440,152 445,148 450,145 455,145 459,149 435,161 436,168 436,175 436,182 431,187 434,188 437,189 441,188 444,185 417,165 420,162 424,162 428,164 424,165 420,166 444,161 447,158 451,157 455,158 452,160 448,161 428,201 430,196 433,194 437,195 441,194 445,194 449,198 446,206 443,209 439,211 434,210 431,207 430,201 434,198 437,198 441,197 447,199 442,204 438,205 434,204
MjYRYG-2xQc/00000247.jpg	0	384	115	446	177	391,138 392,146 394,154 396,161 398,169 402,176 407,182 413,186 421,186 430,183 437,178 443,171 447,163 449,154 450,145 449,136 448,127 394,130 395,126 399,123 404,123 408,124 417,121 421,117 426,115 432,115 436,118 413,130 414,136 414,142 414,148 411,153 413,154 416,154 419,153 421,151 399,138 401,137 404,136 408,135 405,137 402,138 422,131 425,130 428,129 432,129 429,131 425,132 410,166 412,163 414,161 416,161 418,159 422,160 427,162 424,166 421,169 418,170 415,170 413,169 412,165 415,164 417,163 419,163 425,162 420,163 417,164 415,165
MjYRYG-2xQc/00000336.jpg	0	395	138	469	213	407,159 407,168 408,177 410,187 412,196 416,205 421,212 427,219 435,221 443,219 452,214 459,206 464,198 468,188 470,178 471,167 472,157 411,149 413,146 418,145 422,146 427,148 438,147 444,144 449,142 455,143 460,147 432,156 432,163 432,171 431,178 426,182 429,184 432,185 436,184 439,182 416,158 419,156 422,156 426,159 422,159 419,159 442,158 446,155 450,155 453,157 450,159 446,159 423,194 425,191 429,190 432,191 436,190 440,192 445,195 441,201 436,204 432,205 429,204 425,200 425,195 429,194 432,194 436,194 443,196 436,198 432,199 429,198
MjYRYG-2xQc/00000327.jpg	0	394	136	484	226	404,164 404,173 406,183 409,192 413,201 418,209 424,217 432,224 440,225 448,223 455,215 461,206 465,196 468,187 470,176 470,166 469,155 411,157 414,153 419,151 425,152 430,154 441,151 445,147 450,145 456,145 460,148 436,160 436,167 436,174 437,182 432,186 434,188 438,188 441,187 444,185 417,164 420,161 424,161 428,163 424,164 420,165 444,160 447,157 451,156 455,158 452,160 448,161 427,199 430,195 434,194 437,194 440,193 445,194 449,197 446,205 442,208 438,209 435,209 431,206 429,199 434,198 438,198 441,197 447,198 441,203 438,204 434,203
MjYRYG-2xQc/00000320.jpg	0	403	130	478	204	409,152 409,161 410,171 412,180 415,189 420,198 426,206 433,212 442,214 450,212 458,205 465,197 470,187 472,177 474,167 474,157 473,147 416,144 418,141 423,139 428,140 433,142 444,140 449,137 454,135 460,136 464,140 438,149 438,156 439,163 439,170 433,175 436,176 439,177 443,176 446,174 421,154 424,152 428,152 431,153 428,154 424,154 447,152 451,150 454,150 458,151 454,152 451,152 429,188 432,184 436,183 440,183 443,182 448,183 452,187 448,194 444,197 440,198 436,197 432,194 431,188 436,186 440,186 443,186 450,187 444,191 440,192 436,192
MjYRYG-2xQc/00000245.jpg	0	384	115	446	177	391,138 392,146 393,154 395,161 398,169 401,176 407,181 413,186 421,186 429,183 436,177 442,171 446,163 448,154 449,146 448,137 447,128 394,130 395,125 399,123 404,122 408,123 418,120 422,116 427,114 432,115 436,118 413,129 414,135 414,140 414,146 411,152 413,152 416,153 419,151 421,149 399,136 401,133 404,132 408,133 405,135 402,136 422,129 425,126 428,126 432,127 429,128 426,129 409,165 411,161 413,159 416,159 419,157 423,158 427,161 424,166 421,169 418,170 415,171 411,169 411,165 414,162 417,162 419,161 425,162 420,164 417,165 414,166
MjYRYG-2xQc/00000246.jpg	0	384	115	446	177	391,138 392,146 393,154 395,161 398,169 402,176 407,182 413,186 421,186 429,184 436,178 442,171 446,163 449,155 449,145 449,136 448,127 394,130 395,125 399,123 404,123 408,124 417,121 421,117 426,115 432,115 436,118 413,130 414,136 414,142 414,147 411,153 413,154 416,154 419,152 421,151 399,137 401,136 404,135 408,135 405,137 402,138 422,131 425,129 428,129 431,129 429,130 425,131 409,166 411,162 414,160 416,160 418,159 422,160 427,162 424,166 420,169 418,170 415,170 412,169 411,165 414,164 417,163 419,162 425,162 419,164 417,165 415,165
MjYRYG-2xQc/00000187.jpg	0	444	96	519	171	454,122 454,130 454,138 455,146 457,154 460,161 466,167 472,172 480,174 487,173 495,169 500,163 505,156 507,148 509,140 510,132 510,124 461,114 464,110 468,110 473,111 477,113 486,113 490,111 495,110 500,112 503,115 481,119 481,125 480,131 480,137 475,140 478,142 480,143 482,142 485,141 465,121 467,119 471,119 473,121 470,122 467,122 489,122 492,120 495,121 498,123 495,123 492,123 471,153 474,150 477,149 479,150 482,149 485,151 488,154 485,158 482,159 479,159 476,159 474,156 473,153 477,152 479,153 481,152 486,154 482,153 479,154 477,153
MjYRYG-2xQc/00000278.jpg	0	411	105	486	179	418,133 418,141 418,150 420,158 423,167 428,175 434,182 441,187 450,188 459,186 467,179 473,171 477,162 479,153 480,144 480,135 479,125 423,122 426,118 430,116 435,116 440,117 450,116 455,113 460,111 465,112 469,116 445,124 445,131 445,137 445,143 441,149 444,150 447,150 450,149 452,147 428,130 431,127 434,126 438,128 434,129 431,130 454,126 457,123 461,123 464,125 461,126 458,126 438,164 441,159 444,156 447,156 450,155 454,157 458,161 455,167 451,170 448,171 445,171 441,169 440,163 445,160 447,160 450,159 456,162 450,165 448,166 445,166
MjYRYG-2xQc/00000289.jpg	0	411	113	486	188	418,137 418,146 419,155 421,164 424,173 428,180 435,187 442,192 451,193 459,191 467,186 473,178 477,169 479,161 480,152 480,143 480,134 426,125 429,121 434,119 439,120 444,122 455,122 459,119 464,117 469,118 473,122 449,131 449,138 449,144 449,151 444,156 447,157 450,158 453,157 455,155 432,135 434,133 438,133 441,134 438,135 434,136 458,134 461,131 465,131 468,133 465,134 461,134 440,169 442,165 446,163 449,163 452,162 456,164 459,168 456,173 453,175 449,176 446,176 443,173 442,169 446,167 449,167 452,167 457,168 452,169 449,170 446,170
MjYRYG-2xQc/00000265.jpg	0	386	130	461	204	398,155 400,164 402,172 404,180 407,188 411,195 417,201 424,206 431,207 438,204 445,198 451,190 455,181 458,172 458,163 458,153 457,143 401,149 403,144 407,142 412,143 416,144 426,140 430,137 435,134 440,134 445,137 422,149 422,156 422,163 423,170 419,174 421,175 424,175 427,174 430,171 406,154 409,151 412,150 416,152 413,153 409,154 431,148 433,145 437,145 440,146 437,148 434,148 418,186 419,184 422,182 424,182 427,180 431,181 435,183 433,189 429,192 426,193 424,193 421,191 420,186 422,185 425,184 427,184 433,183 428,186 426,187 423,187
MjYRYG-2xQc/00000290.jpg	0	411	113	486	188	416,138 417,147 417,156 419,165 422,174 427,181 433,188 441,193 449,195 458,193 465,187 471,179 475,170 477,161 478,153 479,144 479,135 424,126 428,122 432,120 438,121 442,123 454,123 458,120 463,118 468,120 472,124 448,132 448,139 448,145 448,152 443,157 446,158 448,159 451,158 454,157 430,136 433,134 437,134 440,135 437,137 433,137 456,135 460,133 463,132 466,134 464,136 460,136 439,170 442,166 445,164 448,164 451,164 455,165 458,170 455,174 451,177 448,177 445,177 442,174 441,170 445,168 448,168 451,168 456,170 451,171 448,171 445,171
MjYRYG-2xQc/00000333.jpg	0	395	138	469	213	406,157 406,167 407,176 409,186 411,196 415,205 420,213 426,220 434,223 443,221 451,215 458,207 463,197 467,187 469,177 470,166 471,156 410,148 413,144 417,143 422,144 426,147 438,145 443,142 448,140 454,141 459,145 432,155 431,162 431,169 430,176 426,181 428,182 431,183 434,182 438,181 415,157 418,155 422,155 425,157 421,158 418,158 441,156 445,154 449,154 453,155 449,157 445,157 423,194 425,190 428,189 431,189 435,189 440,191 444,196 441,203 435,206 432,207 428,206 425,202 425,195 428,193 431,193 435,193 442,196 435,200 432,200 428,199
MjYRYG-2xQc/00000292.jpg	0	411	113	486	188	414,140 415,149 416,158 418,167 421,176 425,184 432,190 440,195 448,197 457,195 464,189 470,181 474,172 476,163 477,154 477,145 477,136 423,127 426,123 431,122 436,123 440,124 452,124 457,122 461,120 466,121 470,125 446,134 446,140 446,147 446,154 441,159 444,160 447,161 450,159 453,158 428,137 431,135 435,135 438,137 435,138 431,138 455,136 458,134 461,133 465,135 462,137 458,137 437,171 440,168 444,166 447,166 449,165 453,167 456,171 454,176 450,178 447,179 444,179 440,176 439,171 444,170 447,170 450,169 454,171 450,173 447,173 444,173
MjYRYG-2xQc/00000196.jpg	0	436	105	511	179	448,126 447,134 447,143 449,151 451,159 454,168 459,175 465,182 473,185 481,183 489,178 495,171 500,163 503,155 505,147 505,138 505,130 455,120 458,117 462,117 466,118 470,120 480,121 484,119 489,118 494,119 497,122 474,128 474,134 473,140 473,146 468,149 470,151 473,152 475,151 478,150 459,130 462,130 465,130 467,130 464,132 461,132 483,132 486,131 489,132 492,132 489,134 486,133 465,162 467,159 470,158 472,159 474,158 478,160 481,164 478,168 475,170 472,170 469,169 466,166 467,162 469,161 472,162 474,162 479,163 475,164 472,164 470,163
MjYRYG-2xQc/00000233.jpg	0	398	108	460	170	404,128 405,136 406,144 408,151 409,159 412,166 417,172 423,177 431,177 439,175 447,170 454,164 458,156 460,147 461,138 461,129 460,121 407,119 408,115 412,113 416,113 420,114 429,112 434,109 439,107 444,108 448,111 425,121 425,126 424,132 424,138 421,143 423,143 426,144 429,143 431,141 411,127 413,124 416,123 419,124 416,126 414,126 434,122 437,119 440,118 443,120 440,121 437,121 419,156 421,152 424,150 426,150 429,149 433,150 437,153 434,158 431,161 428,162 425,162 422,160 421,156 424,153 427,153 429,152 436,154 430,156 427,157 424,157
MjYRYG-2xQc/00000298.jpg	0	403	121	478	196	412,145 412,155 413,164 415,173 418,182 423,190 429,197 436,202 444,204 453,202 460,196 466,188 471,179 473,170 474,161 475,151 474,142 419,135 422,130 427,129 432,130 437,132 448,131 453,128 458,126 463,127 467,131 442,140 442,146 442,153 442,160 437,165 440,166 443,167 446,166 449,164 425,144 427,142 431,141 434,143 431,144 427,145 451,142 454,140 458,139 461,141 458,143 454,143 433,178 436,175 440,173 443,173 446,172 450,174 454,178 451,183 447,186 443,186 440,186 436,183 435,178 440,177 443,177 446,176 452,178 447,180 443,181 440,181
MjYRYG-2xQc/00000261.jpg	0	391	129	453	191	397,154 398,162 400,170 403,178 406,186 410,193 415,200 421,205 429,205 437,202 444,196 449,188 454,179 456,170 456,160 456,151 455,141 400,147 401,142 405,140 410,140 414,142 424,138 428,134 433,132 439,132 443,135 420,147 420,154 421,161 421,168 418,172 420,173 423,173 426,172 428,170 405,153 407,150 411,149 415,151 411,152 408,153 428,147 431,144 435,143 438,144 436,146 432,147 414,182 417,181 420,180 423,180 426,179 431,178 436,177 432,184 428,188 425,190 422,190 418,188 415,183 421,183 424,183 426,182 434,178 427,184 424,185 422,185
MjYRYG-2xQc/00000242.jpg	0	384	115	446	177	391,137 392,145 394,152 396,160 398,168 402,175 407,180 414,185 422,185 429,183 436,177 442,170 446,162 448,154 449,145 448,136 448,127 395,128 396,123 400,121 405,121 409,121 418,119 422,115 427,113 432,114 436,117 414,127 414,133 415,139 415,145 412,150 414,151 417,151 419,150 422,148 400,134 402,132 405,131 409,132 406,133 402,134 423,128 426,125 429,125 432,126 430,127 426,128 410,164 412,160 415,157 417,157 420,156 424,157 428,160 425,165 422,168 419,170 416,170 413,168 412,164 415,161 418,160 420,160 426,161 421,163 418,164 415,165
MjYRYG-2xQc/00000279.jpg	0	411	105	486	179	419,132 419,141 420,149 422,158 425,166 429,174 435,181 443,186 452,187 460,185 468,179 474,171 478,162 480,153 481,144 481,135 480,126 425,122 428,117 432,115 438,115 442,117 452,115 457,112 462,110 467,112 471,116 448,124 448,130 448,136 448,143 443,148 446,149 449,150 452,149 454,147 431,129 433,126 437,126 440,128 437,129 433,129 456,126 459,123 463,122 466,124 463,126 460,126 440,163 442,158 446,156 449,156 452,155 456,157 460,161 457,166 453,169 449,170 446,170 443,167 442,162 446,159 449,159 452,159 458,161 452,164 449,165 446,165
MjYRYG-2xQc/00000194.jpg	0	446	108	508	170	451,126 450,134 451,142 452,150 454,159 457,166 462,173 468,179 475,182 483,181 490,176 496,170 501,162 504,154 506,146 507,137 507,129 457,118 460,114 464,113 469,115 473,117 482,117 487,115 492,115 497,116 500,120 477,124 477,130 477,137 476,143 471,146 474,147 476,149 479,148 482,147 461,125 464,124 467,124 470,126 467,127 464,126 485,127 488,125 492,126 494,127 491,128 488,128 466,156 469,155 473,154 475,155 478,155 483,156 486,158 482,164 478,166 475,166 472,165 469,162 467,157 473,157 475,158 478,158 485,158 478,161 475,161 472,160
MjYRYG-2xQc/00000216.jpg	0	418	108	481	170	423,127 423,135 424,143 426,151 428,159 432,167 438,173 445,178 453,180 461,178 468,172 473,165 478,157 480,149 482,140 482,132 481,124 429,118 432,114 436,113 441,114 445,115 455,114 459,111 463,110 468,110 472,114 450,122 450,128 450,134 450,140 446,144 448,145 451,146 453,145 456,143 434,127 437,126 440,125 443,126 440,127 437,128 458,124 461,123 464,123 467,124 464,125 461,125 442,157 444,154 448,152 451,152 454,151 458,153 461,156 458,161 454,164 451,165 448,164 445,162 444,157 448,155 451,155 454,155 459,156 454,159 451,160 448,159
MjYRYG-2xQc/00000307.jpg	0	403	130	478	204	413,147 413,156 414,165 415,174 418,183 422,192 428,199 435,205 444,207 453,205 461,199 467,192 472,183 475,174 477,165 477,155 477,146 419,139 423,135 428,134 433,135 438,138 448,137 453,134 458,132 464,133 468,137 443,145 443,152 443,159 442,166 438,170 440,171 443,172 446,171 448,170 425,147 428,145 431,145 435,147 431,148 428,149 452,147 455,144 459,144 462,146 459,147 455,148 433,182 436,179 439,178 442,178 445,177 449,179 453,183 449,187 446,190 442,190 439,190 436,187 435,182 439,182 442,182 445,182 450,183 445,184 442,184 439,184
MjYRYG-2xQc/00000322.jpg	0	394	126	484	216	407,158 407,168 409,177 411,187 415,195 420,203 426,211 433,217 441,218 449,216 457,209 463,201 467,192 470,182 471,172 471,162 471,151 413,150 416,146 421,144 426,145 431,147 442,144 447,141 452,139 457,139 461,142 437,154 437,161 437,168 437,175 432,180 434,181 438,182 441,180 444,178 419,158 421,156 425,156 429,157 425,158 422,159 446,155 449,152 453,152 456,153 453,155 450,155 428,193 430,189 434,187 438,188 441,186 446,187 450,191 447,198 443,201 439,202 435,202 431,198 430,193 434,191 438,191 441,190 448,191 442,195 438,196 435,196
MjYRYG-2xQc/00000251.jpg	0	384	122	446	184	392,148 393,156 395,164 398,172 400,180 404,187 410,193 416,197 423,197 431,194 438,189 443,181 448,172 450,163 451,154 451,145 449,135 394,140 396,135 400,133 404,133 409,134 418,131 423,127 428,125 433,125 437,127 414,140 415,146 415,152 415,159 413,164 415,165 417,165 420,163 422,162 400,146 402,144 405,143 409,144 406,145 403,146 423,140 426,137 429,136 433,137 430,139 427,140 411,178 413,174 416,172 418,172 420,170 424,171 429,173 426,178 422,181 420,183 417,183 414,182 413,177 416,175 418,174 421,174 427,173 421,177 419,178 417,178
MjYRYG-2xQc/00000255.jpg	0	378	121	453	196	394,151 395,159 397,167 399,176 402,184 406,191 412,198 418,203 425,204 432,201 439,195 445,187 449,178 452,168 453,159 453,149 452,139 397,145 399,141 402,139 407,139 411,140 421,137 425,133 430,131 435,131 440,133 417,145 417,152 417,159 418,166 414,170 416,172 419,172 422,170 425,168 402,151 404,149 407,148 411,149 408,150 405,151 426,145 429,142 432,142 435,142 433,144 429,145 413,184 415,181 417,180 420,180 422,178 426,179 430,180 428,185 424,188 421,189 419,189 416,188 415,184 418,183 420,183 423,182 429,180 423,183 421,184 418,184
MjYRYG-2xQc/00000241.jpg	0	384	115	446	177	392,136 393,144 394,152 396,159 398,167 402,174 408,180 414,184 422,185 430,182 437,177 443,170 446,162 449,153 449,144 449,135 449,126 395,128 396,123 400,121 405,120 410,121 419,118 423,115 428,113 433,113 437,117 415,127 415,133 415,139 415,145 412,150 414,151 417,151 420,149 422,148 400,134 402,131 405,130 409,131 406,132 403,133 423,128 426,125 429,124 433,125 430,127 427,127 410,163 412,159 415,156 417,156 420,155 424,156 428,160 426,165 422,169 419,170 416,170 413,168 412,163 415,160 418,160 420,159 426,160 421,163 418,164 415,165
MjYRYG-2xQc/00000236.jpg	0	391	108	453	170	398,131 398,139 400,147 402,154 403,162 406,169 411,175 418,180 425,180 433,178 441,173 447,166 451,159 454,150 455,142 455,133 454,124 400,123 402,118 406,116 410,116 414,117 423,115 427,111 432,109 438,110 442,114 419,123 419,129 419,135 419,141 416,146 418,146 421,147 424,145 426,144 405,129 407,127 410,126 414,127 411,128 408,129 428,124 431,121 434,121 437,122 435,123 431,124 415,159 416,155 419,153 421,153 423,152 427,153 432,156 429,161 425,164 422,165 420,165 417,163 417,159 419,157 422,156 424,156 429,157 424,159 422,159 419,160
MjYRYG-2xQc/00000273.jpg	0	395	113	469	188	407,141 408,149 409,158 411,166 414,174 418,182 424,188 431,194 438,195 446,192 453,186 459,179 464,170 466,161 467,152 467,142 466,132 411,132 413,128 418,126 423,126 427,127 437,124 441,121 446,119 452,120 456,123 432,133 433,140 433,147 433,154 429,159 431,159 434,160 437,159 440,157 416,138 419,136 422,135 426,137 423,138 419,139 441,134 444,131 448,130 451,132 448,133 445,134 427,172 429,168 432,166 434,166 437,165 441,166 445,169 442,175 439,178 435,179 433,178 429,176 429,172 432,170 435,170 437,169 443,169 438,172 435,173 432,173
MjYRYG-2xQc/00000219.jpg	0	411	101	474	163	417,125 417,132 418,141 419,149 422,156 427,164 432,170 439,175 447,176 455,174 463,169 468,162 473,154 475,146 476,137 476,128 475,120 423,115 426,111 430,109 435,110 439,111 448,109 452,106 457,105 462,106 466,109 443,118 444,124 444,129 444,135 440,140 442,141 445,141 448,140 450,139 428,123 431,121 434,120 437,121 434,122 431,123 452,119 455,117 458,117 461,118 458,120 455,120 437,154 439,149 442,147 445,147 448,146 452,148 455,152 453,156 449,159 446,160 443,160 440,158 439,153 443,151 445,150 448,150 454,152 449,154 446,155 443,155
MjYRYG-2xQc/00000281.jpg	0	411	105	486	179	421,130 421,138 421,147 423,156 426,164 431,172 438,178 445,183 454,184 463,182 471,176 477,169 481,160 483,151 484,142 484,134 483,125 428,120 431,116 435,114 441,114 445,116 456,115 460,112 465,111 470,112 474,115 451,124 451,131 451,136 451,143 446,148 449,149 452,150 455,148 458,147 434,129 437,128 440,128 443,128 440,130 437,130 460,127 463,126 466,125 469,126 466,127 463,128 443,161 445,157 449,155 451,156 455,155 459,156 462,160 459,164 456,166 453,167 449,167 446,165 445,161 449,159 452,159 455,158 460,160 455,161 452,161 449,161
MjYRYG-2xQc/00000260.jpg	0	391	129	453	191	396,153 398,161 400,169 402,177 405,185 409,193 415,199 421,205 428,205 436,202 443,196 449,188 453,179 455,169 456,160 455,150 454,141 399,146 401,142 405,140 410,140 414,141 423,138 428,135 433,132 438,132 443,135 419,147 420,153 420,160 421,167 417,171 420,172 423,173 426,171 428,169 404,152 407,149 410,148 414,150 411,151 407,152 428,147 431,143 434,142 438,143 435,145 432,146 413,181 416,180 420,179 423,179 426,178 431,177 437,176 432,184 428,188 425,189 422,189 417,187 414,181 421,181 424,181 427,180 435,177 427,184 424,185 421,185
MjYRYG-2xQc/00000210.jpg	0	432	115	494	177	434,131 434,139 434,148 436,156 438,164 442,172 448,179 454,185 462,188 470,186 477,180 483,173 488,165 491,156 493,147 493,138 493,129 440,124 443,121 447,119 452,121 457,123 466,122 471,119 476,118 481,119 485,122 461,129 461,136 461,142 461,148 456,152 458,153 461,154 464,153 467,152 445,131 448,129 451,129 454,131 451,132 448,132 469,131 473,128 476,128 479,130 476,131 473,131 451,163 454,160 458,159 461,160 464,159 468,160 472,163 469,169 464,172 461,173 458,172 454,169 453,163 458,162 461,162 464,162 470,164 464,167 461,168 458,167
MjYRYG-2xQc/00000321.jpg	0	403	130	478	204	408,154 408,164 409,173 412,183 415,192 420,200 426,208 434,214 442,215 451,213 458,206 464,197 469,188 472,178 473,168 473,158 472,148 414,146 417,142 422,140 427,141 432,143 443,141 448,138 453,136 459,136 463,140 438,151 438,158 438,165 438,172 433,176 436,178 439,178 442,177 445,175 420,155 423,153 426,153 430,154 426,155 423,156 447,152 450,150 454,150 457,151 454,152 451,153 429,189 432,186 436,184 439,184 443,183 447,184 451,188 448,195 444,198 440,199 436,199 432,196 431,190 436,187 439,187 443,187 449,188 443,192 440,193 436,193
MjYRYG-2xQc/00000217.jpg	0	418	108	481	170	421,126 421,134 422,142 423,150 426,158 430,166 436,172 443,177 451,179 459,177 466,171 472,164 476,156 479,147 480,139 480,130 479,121 427,117 429,113 434,112 439,112 443,114 452,113 456,110 461,108 466,109 470,112 447,121 447,127 448,133 448,139 443,143 446,144 448,145 451,143 454,142 432,126 434,124 437,124 441,124 438,126 435,126 456,123 459,121 462,121 465,122 462,123 459,123 440,156 442,152 446,150 449,150 451,150 455,151 459,155 456,160 452,162 449,163 446,163 443,161 441,155 446,153 449,153 452,153 457,155 452,157 449,158 446,158
MjYRYG-2xQc/00000209.jpg	0	432	115	494	177	435,133 435,141 436,150 437,158 440,166 444,174 449,181 456,187 463,189 471,188 478,182 484,175 488,167 491,159 493,150 494,141 494,132 441,125 444,122 449,121 453,122 457,124 468,123 472,121 477,119 482,120 486,124 462,130 462,136 462,143 462,150 457,153 460,154 463,155 466,154 468,153 446,133 449,130 452,130 455,132 452,133 449,133 471,132 474,130 477,129 480,131 477,133 474,133 453,165 456,162 460,160 463,161 466,160 470,162 474,165 470,171 466,174 463,174 460,174 456,171 454,165 460,164 463,164 466,164 472,165 466,169 463,169 460,169
MjYRYG-2xQc/00000181.jpg	0	453	101	515	163	458,117 457,125 457,133 458,141 460,149 463,156 468,162 475,167 482,169 490,168 497,164 503,159 508,152 510,144 512,136 513,129 514,121 464,110 467,106 472,105 476,106 481,108 490,109 494,106 499,106 504,108 506,112 485,115 484,120 484,126 483,132 479,136 481,137 483,138 486,137 488,136 469,116 471,115 474,115 477,117 474,117 471,117 492,118 495,116 498,116 501,118 498,119 495,118 474,146 477,144 480,143 482,144 485,144 488,145 491,149 488,152 485,153 482,153 480,153 477,150 476,147 480,147 482,147 484,147 489,149 485,148 482,148 480,148
MjYRYG-2xQc/00000332.jpg	0	395	138	469	213	406,158 406,167 407,177 408,187 411,197 415,206 421,214 427,221 435,223 444,221 452,215 458,206 464,197 468,187 470,176 471,165 471,154 410,148 413,144 417,143 422,144 426,146 439,144 444,141 449,139 455,141 460,144 432,154 432,161 432,169 431,176 426,180 429,182 432,183 436,182 439,180 415,157 418,155 422,155 425,157 422,158 418,158 442,156 446,153 450,153 453,154 450,156 446,157 423,194 425,190 429,189 432,189 436,189 441,191 445,195 441,203 436,206 432,207 429,206 425,202 425,195 429,192 432,193 436,192 443,196 436,200 432,200 429,200
MjYRYG-2xQc/00000318.jpg	0	403	130	478	204	410,151 409,160 410,170 412,180 415,189 420,197 426,205 434,211 442,213 451,211 459,204 465,196 470,187 473,177 475,167 475,157 474,147 417,143 420,140 425,139 430,140 435,142 445,140 450,137 455,135 461,136 465,140 440,150 440,156 440,163 440,170 434,175 437,176 440,177 444,176 447,174 422,153 426,152 429,151 433,153 429,154 426,154 449,152 452,150 456,150 459,151 456,152 452,152 430,187 433,184 437,183 441,183 444,182 448,184 453,186 449,193 445,196 441,196 437,196 433,193 432,187 437,186 441,186 444,186 451,187 444,190 441,191 438,190
MjYRYG-2xQc/00000267.jpg	0	386	130	461	204	399,156 400,165 403,173 405,181 408,189 413,196 418,203 425,208 432,209 440,206 447,199 452,191 456,181 459,172 459,163 459,153 458,144 402,149 404,145 408,143 413,143 417,145 427,142 431,138 436,135 441,135 446,138 423,150 423,157 424,164 424,171 421,175 423,176 426,176 428,175 431,173 408,155 410,152 413,152 417,153 414,155 411,155 432,150 435,147 438,146 441,147 439,149 436,150 420,188 421,185 424,183 426,183 429,182 433,183 436,184 434,190 431,194 428,195 425,195 422,193 422,188 424,187 427,186 430,185 434,185 430,187 427,188 425,189
MjYRYG-2xQc/00000258.jpg	0	386	130	461	204	396,154 397,162 400,170 402,179 405,186 410,194 415,200 421,206 428,207 436,204 442,197 448,189 451,179 453,170 454,160 454,151 452,141 398,146 400,142 404,140 408,140 413,141 422,138 427,134 432,131 437,132 441,135 419,146 419,153 419,160 420,167 417,171 419,172 422,173 425,171 427,169 404,152 406,149 409,149 413,150 410,152 407,152 427,146 430,143 434,142 437,144 434,146 431,146 416,185 417,182 420,180 423,180 426,179 430,179 435,181 432,187 428,190 425,192 422,192 419,190 417,185 421,183 424,183 427,182 433,182 427,185 425,186 422,187
MjYRYG-2xQc/00000325.jpg	0	394	136	484	226	403,164 404,174 406,183 409,193 413,202 418,210 424,218 432,225 440,227 448,224 455,216 461,207 465,197 468,187 469,177 469,166 469,155 410,159 414,155 419,153 424,154 429,155 440,152 444,149 449,147 455,147 459,150 435,162 435,169 436,176 436,183 431,188 434,189 437,190 440,188 443,186 417,166 419,163 423,162 427,164 424,165 420,166 444,162 447,158 451,158 455,159 452,161 448,162 427,201 430,197 434,195 437,195 441,194 445,195 449,199 447,206 442,210 439,211 435,211 431,208 429,201 434,199 438,199 441,198 447,199 442,204 438,205 434,205
MjYRYG-2xQc/00000208.jpg	0	432	115	494	177	436,132 436,141 436,150 438,158 441,166 445,174 450,181 456,187 464,190 472,188 479,183 485,176 490,168 493,159 495,150 495,141 495,132 442,126 445,123 450,122 454,123 459,125 468,124 473,122 478,120 483,121 487,125 463,131 463,138 463,144 463,151 458,154 460,155 463,156 466,155 469,154 447,133 450,131 453,131 456,133 453,134 450,134 472,133 475,130 478,130 481,132 479,133 475,134 453,165 456,163 460,162 463,162 466,162 471,163 474,166 471,172 467,174 463,175 460,174 456,171 455,166 460,165 463,165 466,165 472,166 466,169 463,170 460,169
MjYRYG-2xQc/00000249.jpg	0	384	115	446	177	392,142 392,150 394,157 396,165 399,173 403,180 408,186 414,191 422,191 430,189 437,183 442,175 446,167 449,158 449,149 449,139 448,130 394,133 395,128 399,126 403,125 408,126 417,123 421,120 426,118 432,118 436,121 413,133 414,139 414,145 415,151 411,156 414,157 416,157 419,156 421,154 399,140 401,138 404,137 408,137 405,139 402,140 422,134 425,132 428,131 431,131 429,133 425,134 409,170 411,167 414,164 417,164 419,163 423,163 427,165 424,171 421,174 418,175 416,175 412,174 411,170 415,168 417,167 419,166 426,166 420,169 418,170 415,170
MjYRYG-2xQc/00000213.jpg	0	419	105	494	179	429,129 429,137 430,145 432,154 435,162 439,169 445,175 451,181 458,183 466,181 473,176 479,169 483,161 486,153 488,144 488,135 488,127 436,121 439,117 443,116 448,117 452,118 462,117 467,115 471,114 476,114 479,118 457,125 457,132 457,138 457,144 452,148 455,149 457,150 460,149 462,148 441,128 443,126 447,126 450,128 447,129 443,129 465,127 468,125 472,124 475,126 472,128 469,128 448,160 450,157 454,155 457,156 460,155 464,156 467,160 465,165 461,168 457,168 454,168 451,165 450,160 454,158 457,158 460,158 466,160 460,162 457,163 454,163
MjYRYG-2xQc/00000308.jpg	0	403	130	478	204	413,148 413,157 414,166 416,176 418,185 423,194 429,201 436,207 444,209 453,207 460,201 467,193 471,185 474,176 476,167 477,157 476,148 420,140 423,136 428,135 434,137 439,139 449,138 454,135 459,133 465,134 469,138 444,146 443,153 443,160 443,167 438,171 440,173 443,174 447,173 449,171 425,149 428,147 432,147 435,149 432,150 428,150 452,148 456,146 459,146 463,147 460,149 456,149 433,184 436,181 440,179 443,180 446,179 450,181 453,184 450,189 447,191 443,192 440,192 436,189 435,184 440,183 443,183 446,183 451,184 446,186 443,186 440,186
MjYRYG-2xQc/00000227.jpg	0	403	96	478	171	413,125 414,133 415,141 416,149 419,157 423,164 429,170 435,175 443,176 451,174 458,168 464,160 468,152 471,144 471,135 471,126 470,117 418,114 420,110 424,108 428,108 432,109 442,107 446,104 451,102 456,103 459,107 437,116 437,121 437,127 437,133 434,138 436,139 439,139 441,138 444,137 422,121 425,119 428,118 431,120 428,121 425,122 446,117 449,115 452,114 455,116 452,117 449,118 432,153 433,148 436,145 439,145 442,144 447,146 450,151 448,157 444,160 441,161 437,161 434,158 434,153 437,149 440,148 443,148 448,151 443,155 440,156 437,156
MjYRYG-2xQc/00000202.jpg	0	428	113	502	188	441,133 440,142 441,151 443,159 445,167 449,175 454,182 460,188 467,191 475,189 482,184 488,177 493,169 496,161 498,152 499,143 499,134 447,128 450,125 454,124 459,125 463,127 473,127 478,125 483,123 488,125 491,129 468,134 468,140 467,147 467,154 462,156 464,158 467,159 470,158 473,157 452,135 455,133 458,133 461,136 457,136 454,136 476,136 479,134 483,134 486,136 483,137 479,137 458,167 461,165 464,164 467,164 470,164 473,165 476,168 473,172 470,175 467,175 464,175 460,172 460,167 464,167 467,168 470,167 474,168 470,169 467,170 464,169
MjYRYG-2xQc/00000239.jpg	0	378	105	453	179	393,135 394,142 396,150 398,158 400,165 403,173 408,179 415,183 423,184 431,181 438,175 443,168 447,160 450,152 450,143 450,134 449,125 396,125 398,121 402,119 406,118 410,119 420,116 424,113 429,111 434,112 438,115 416,125 416,131 416,137 416,143 413,148 415,149 418,149 421,148 423,146 401,132 403,129 407,128 410,129 407,131 404,132 425,126 428,123 431,123 434,124 431,126 428,126 412,162 413,158 416,155 419,155 421,154 426,155 430,159 427,164 423,167 420,168 417,169 414,167 414,162 416,159 419,159 422,158 428,159 422,162 419,163 417,163
MjYRYG-2xQc/00000238.jpg	0	378	105	453	179	395,134 395,142 397,150 399,157 401,165 404,172 409,177 416,182 423,183 431,180 438,175 443,168 447,161 450,153 451,144 451,135 450,126 397,125 399,120 403,118 407,118 412,119 421,116 425,112 431,111 436,112 439,115 417,125 417,131 417,136 417,142 414,147 416,148 419,149 421,147 424,145 402,131 404,129 407,128 411,129 408,130 405,131 425,126 428,123 432,122 435,124 432,125 429,126 413,161 414,157 417,154 419,154 422,153 426,154 430,158 427,163 424,166 421,168 418,168 415,166 415,161 417,158 420,158 422,157 428,158 423,161 420,162 417,162
MjYRYG-2xQc/00000311.jpg	0	403	130	478	204	412,149 412,158 412,168 415,177 418,186 423,195 429,203 436,209 444,211 453,209 461,203 467,195 471,185 474,176 476,166 476,156 476,147 419,142 422,138 427,137 433,138 438,140 448,139 453,136 458,134 464,135 468,139 443,147 443,154 443,162 443,169 438,173 440,174 443,175 447,174 450,172 425,150 428,148 431,148 435,150 431,151 428,151 452,149 455,147 459,146 462,148 459,149 456,149 434,185 437,183 440,181 443,181 446,181 450,182 454,185 451,191 447,194 444,195 441,194 437,191 436,186 441,185 443,185 446,184 451,186 447,188 444,188 441,188
MjYRYG-2xQc/00000244.jpg	0	384	115	446	177	391,138 392,146 394,153 395,161 398,169 402,175 407,181 413,185 421,186 429,183 436,177 442,171 446,163 448,154 448,146 448,137 447,128 394,129 395,124 399,122 404,121 408,122 418,119 422,116 427,114 432,114 436,117 413,128 414,134 414,140 414,146 411,151 413,152 416,152 418,151 421,149 399,135 401,133 404,131 408,133 405,134 402,135 422,129 425,126 428,125 432,127 429,128 426,129 410,165 411,161 414,158 416,158 419,157 423,158 428,161 425,166 421,169 418,170 415,171 412,169 411,165 414,162 417,161 419,160 425,161 420,164 417,165 415,165
MjYRYG-2xQc/00000296.jpg	0	411	122	474	184	413,143 413,152 414,162 416,171 419,180 424,188 430,195 437,201 445,202 454,200 461,194 467,186 471,178 474,169 476,159 476,150 476,141 420,132 423,128 428,126 434,127 438,130 449,129 453,126 459,124 464,126 467,130 444,138 444,144 444,151 444,157 438,163 441,164 444,165 447,163 450,162 426,141 428,139 432,139 436,141 432,142 429,142 452,140 456,137 459,137 462,139 459,141 456,141 434,177 437,172 441,170 444,171 447,170 452,172 455,176 452,182 448,185 444,185 441,185 437,182 436,177 441,174 444,174 447,174 453,176 447,179 444,179 441,179
MjYRYG-2xQc/00000215.jpg	0	419	105	494	179	426,126 426,134 427,142 428,151 431,159 435,167 440,173 447,179 455,181 463,179 470,173 476,165 481,157 483,149 484,140 484,132 484,123 432,119 434,115 439,114 444,115 448,116 458,115 462,112 466,111 471,111 475,115 453,123 453,129 453,135 453,141 448,145 450,146 453,147 456,146 459,145 437,127 439,127 442,126 446,126 442,128 439,128 461,125 464,125 467,125 470,125 467,126 464,127 444,157 446,154 450,152 453,153 456,152 460,153 463,157 460,162 457,165 454,165 450,165 447,163 446,158 450,156 453,156 456,155 461,157 456,160 453,160 450,160
MjYRYG-2xQc/00000282.jpg	0	419	105	494	179	422,130 422,139 423,148 425,156 428,165 432,172 439,178 447,183 456,184 465,182 472,176 478,169 482,160 484,151 485,142 485,134 484,125 430,119 432,115 437,113 442,113 447,115 458,114 462,111 467,109 472,110 476,114 452,124 452,130 452,136 452,143 448,148 450,149 453,150 456,148 459,147 435,129 438,128 441,128 445,128 441,130 438,130 461,127 464,125 468,125 471,125 468,127 464,127 444,161 446,157 450,155 453,155 456,154 460,156 464,159 461,164 457,166 454,167 450,167 447,165 446,161 450,159 453,158 456,158 461,159 457,161 454,161 450,161
MjYRYG-2xQc/00000305.jpg	0	403	121	478	196	412,145 412,154 413,164 415,173 417,182 422,191 427,198 434,204 442,206 451,204 459,198 466,191 471,183 474,174 475,164 476,155 475,145 418,137 422,133 426,133 431,134 436,136 447,135 452,133 457,131 462,132 466,136 441,143 441,150 441,157 440,164 435,168 438,170 441,171 444,170 447,168 423,146 426,144 430,144 433,146 430,147 426,147 450,146 453,143 457,143 460,145 457,146 454,147 431,181 434,177 438,176 441,176 444,176 448,177 451,181 448,186 444,189 441,189 438,189 434,186 433,181 438,180 441,180 444,180 449,181 444,183 441,183 438,183
MjYRYG-2xQc/00000272.jpg	0	395	121	469	196	405,144 406,153 407,162 409,170 412,178 417,186 423,192 429,198 436,199 444,196 451,189 457,182 462,173 464,163 465,154 464,144 464,134 408,137 410,133 414,130 419,130 424,132 433,129 438,125 443,123 449,123 453,127 429,137 429,144 430,151 430,158 426,163 429,164 431,164 434,163 437,161 413,143 416,140 419,139 423,141 420,142 416,143 438,138 441,135 445,134 448,136 445,137 442,138 424,176 426,173 429,171 431,171 434,170 438,171 442,173 439,179 436,182 433,183 430,183 427,181 427,176 429,174 432,174 434,173 440,173 435,176 432,177 430,177
MjYRYG-2xQc/00000207.jpg	0	432	115	494	177	437,132 437,140 437,149 439,158 442,166 446,175 451,182 457,188 465,190 473,189 480,183 486,176 491,167 494,159 496,150 496,140 496,131 443,127 446,123 451,123 456,124 460,126 469,125 474,123 479,121 484,122 488,126 465,132 464,138 464,145 464,152 459,155 461,156 464,157 467,156 470,155 448,134 451,132 455,132 458,134 454,135 451,135 472,134 476,131 479,131 482,133 480,134 476,134 455,166 458,164 462,163 464,163 467,163 471,164 475,167 471,172 468,175 464,175 461,175 458,172 456,166 462,166 464,166 467,166 473,167 467,170 464,170 461,170
MjYRYG-2xQc/00000291.jpg	0	411	113	486	188	416,139 416,148 417,157 419,166 422,174 426,182 433,189 441,194 449,195 458,193 465,187 471,179 475,170 476,161 478,153 478,144 478,135 424,127 427,123 431,121 437,122 441,124 453,123 458,120 463,119 468,120 471,124 447,133 447,139 447,146 447,153 442,158 445,159 448,160 450,159 453,157 429,137 432,135 436,134 439,136 436,137 432,137 456,135 459,133 463,133 466,135 463,136 459,136 438,171 440,167 444,165 447,165 450,164 454,166 457,170 454,175 450,177 447,178 444,177 440,175 440,171 444,169 447,169 450,168 455,170 450,171 447,172 444,172
MjYRYG-2xQc/00000328.jpg	0	395	138	469	213	404,163 404,172 406,182 408,191 412,200 418,209 424,216 431,223 440,224 448,221 455,214 461,205 465,196 468,186 469,175 469,165 469,155 411,156 414,151 419,150 425,151 430,153 440,150 445,146 450,144 456,144 460,148 436,159 436,166 436,173 436,181 430,185 434,186 437,187 441,186 444,184 417,163 420,160 424,160 427,162 424,163 420,164 444,159 448,156 452,155 455,157 452,159 449,159 427,198 430,194 434,193 437,193 441,192 445,193 449,196 446,204 442,207 438,208 434,208 430,205 429,198 434,197 437,197 441,196 447,197 441,201 438,202 434,202
MjYRYG-2xQc/00000223.jpg	0	403	96	478	171	414,124 415,132 415,140 417,148 420,155 424,162 429,168 436,172 444,173 453,171 460,166 466,159 470,151 472,143 473,134 472,126 471,117 420,113 422,109 426,108 431,108 435,109 444,107 448,104 453,103 458,104 462,107 440,116 440,121 440,127 440,132 436,138 439,139 441,139 444,138 446,136 425,121 427,119 430,118 433,120 430,121 427,122 448,117 451,115 454,114 457,116 455,117 451,118 433,151 435,147 438,144 441,144 444,143 448,145 452,149 449,153 445,156 442,157 439,157 436,155 435,151 439,148 441,148 444,147 450,149 445,151 442,152 439,152
MjYRYG-2xQc/00000192.jpg	0	446	108	508	170	451,124 451,132 451,141 452,149 454,157 458,164 463,171 469,177 477,179 485,178 492,173 498,167 503,160 505,152 507,144 508,136 508,127 458,116 461,113 466,112 471,113 475,115 484,116 488,114 493,113 498,115 501,118 479,122 478,128 478,134 478,140 473,144 475,145 477,146 480,145 482,144 463,124 465,122 469,122 471,124 468,125 465,125 486,125 489,123 493,123 496,125 493,126 489,126 468,155 471,152 474,151 476,152 479,152 483,154 486,157 483,161 479,163 476,163 474,162 471,159 469,155 474,155 476,155 479,155 484,157 479,157 477,158 474,157
MjYRYG-2xQc/00000234.jpg	0	386	96	461	171	402,129 402,137 404,144 405,152 407,160 410,167 415,174 422,178 429,178 437,176 445,170 451,164 455,156 458,149 459,140 458,132 458,123 405,120 406,116 410,114 414,114 418,115 427,112 432,109 437,107 442,108 446,112 423,121 423,127 423,133 423,139 420,143 422,144 425,145 427,143 430,142 409,127 411,125 414,124 417,125 415,126 412,127 432,122 435,120 438,119 441,120 439,122 435,122 419,157 420,153 422,150 424,150 427,149 431,151 435,154 432,159 428,162 426,163 424,163 421,161 421,157 423,155 425,154 427,153 433,155 428,157 425,157 423,158
MjYRYG-2xQc/00000220.jpg	0	411	101	474	163	417,123 417,131 417,139 419,147 422,155 426,162 432,168 438,173 446,175 454,173 462,167 468,160 472,152 474,144 475,135 475,126 474,118 422,114 424,110 429,108 433,108 438,110 447,108 451,105 456,104 461,105 465,108 442,116 442,122 442,128 442,134 438,139 441,140 443,140 446,139 449,137 427,122 429,120 432,119 436,120 433,121 430,122 451,118 454,116 457,116 460,117 457,118 454,118 435,152 438,148 441,146 444,146 446,145 451,147 454,150 452,155 448,158 445,159 441,159 438,156 437,152 441,149 444,149 447,149 453,150 447,153 444,154 441,153
MjYRYG-2xQc/00000212.jpg	0	419	105	494	179	431,129 431,137 432,145 433,154 436,162 440,169 445,176 452,182 459,184 467,182 474,176 480,170 485,162 488,154 490,145 490,136 490,127 437,122 440,118 445,117 450,118 454,120 464,118 468,116 473,115 478,116 481,119 459,126 459,132 458,139 458,145 454,149 456,150 459,151 461,150 464,149 442,129 444,127 448,127 451,129 448,130 445,130 467,128 470,125 474,125 477,127 474,129 470,129 449,161 452,158 456,156 458,156 462,156 466,157 469,161 466,165 462,168 459,169 456,168 452,166 451,161 456,159 459,160 462,159 467,161 462,163 459,163 456,163
MjYRYG-2xQc/00000303.jpg	0	403	121	478	196	411,146 411,155 412,164 413,173 416,182 420,191 426,198 434,204 442,206 451,204 459,198 465,190 470,181 473,172 475,163 475,153 474,143 417,137 420,133 425,132 430,133 435,135 445,134 450,131 455,130 461,130 465,134 440,143 440,150 440,157 440,164 435,168 437,169 440,170 443,169 446,168 422,146 425,144 428,144 432,146 428,147 425,147 449,145 452,142 456,142 459,144 456,145 453,146 431,180 433,177 437,176 440,176 443,175 447,177 451,180 448,186 444,188 440,189 437,188 433,185 433,180 437,179 440,179 443,179 449,180 443,182 440,183 437,182
MjYRYG-2xQc/00000266.jpg	0	386	130	461	204	399,156 400,164 403,173 405,181 408,189 412,196 418,202 424,207 432,208 439,205 446,198 452,190 456,181 458,172 459,163 458,154 458,144 402,149 404,145 408,143 413,143 417,144 426,141 431,138 436,135 441,135 446,138 422,149 423,156 423,163 424,170 420,174 422,175 425,176 428,174 431,172 407,155 410,152 413,151 417,153 414,154 410,155 431,149 434,146 438,146 441,147 438,149 435,149 419,187 420,184 423,182 426,182 428,181 433,181 437,184 434,189 431,192 428,193 425,193 421,192 421,187 424,186 426,185 429,184 434,184 430,186 427,187 424,188
MjYRYG-2xQc/00000183.jpg	0	453	101	515	163	456,118 456,126 456,133 457,141 458,149 462,156 467,163 473,168 481,171 488,170 496,165 502,160 507,153 509,145 511,137 512,129 512,121 463,110 466,107 471,106 475,107 480,109 488,109 492,107 497,107 502,109 505,113 483,116 483,121 483,127 482,133 478,136 480,138 482,139 485,138 487,137 468,117 470,115 473,115 476,117 473,118 470,118 491,118 494,116 497,117 500,119 497,120 494,119 472,148 475,145 479,144 481,145 483,144 487,146 490,150 487,154 483,156 481,156 478,156 475,153 474,148 478,148 481,148 483,148 488,150 483,151 481,151 478,151
MjYRYG-2xQc/00000218.jpg	0	411	96	486	171	419,125 419,132 420,140 421,149 424,156 428,164 434,170 441,175 449,177 457,175 465,169 471,162 475,154 477,145 478,137 478,128 477,119 425,116 428,112 432,110 437,111 441,112 450,111 454,108 459,106 464,107 468,110 446,119 446,125 446,131 446,136 442,141 444,142 447,143 449,142 452,140 430,124 432,123 435,122 438,123 435,124 432,124 454,121 457,119 460,119 463,120 460,121 457,121 438,154 440,151 444,148 447,149 450,148 454,149 457,153 455,158 451,161 448,162 444,162 441,159 440,154 444,152 447,152 450,151 455,153 450,156 447,156 444,156
MjYRYG-2xQc/00000237.jpg	0	391	108	453	170	396,133 397,140 399,148 400,155 402,163 405,170 410,176 417,181 424,182 432,179 440,174 446,167 450,160 452,151 453,143 453,134 452,125 399,124 400,119 404,117 409,117 413,118 422,115 426,112 431,110 436,111 441,114 418,124 418,130 418,135 418,141 415,147 417,147 420,148 422,146 425,145 404,130 406,128 409,127 412,128 409,129 406,130 427,125 429,122 433,121 436,123 433,124 430,125 413,160 415,156 417,154 420,154 422,153 426,154 430,157 428,162 424,165 422,166 419,166 416,165 415,160 418,158 420,157 423,156 428,157 423,160 421,161 418,161
