PeqoxF8gvt4/00000143.jpg	0	257	102	293	138	id0
PeqoxF8gvt4/00000160.jpg	0	295	98	338	142	id0
PeqoxF8gvt4/00000147.jpg	0	257	106	293	142	id0
PeqoxF8gvt4/00000151.jpg	0	265	110	301	146	id0
PeqoxF8gvt4/00000157.jpg	0	285	106	321	142	id0
PeqoxF8gvt4/00000161.jpg	0	299	98	343	142	id0
PeqoxF8gvt4/00000142.jpg	0	257	102	293	138	id0
PeqoxF8gvt4/00000141.jpg	0	257	102	293	138	id0
PeqoxF8gvt4/00000152.jpg	0	269	110	305	146	id0
PeqoxF8gvt4/00000159.jpg	0	290	98	333	142	id0
PeqoxF8gvt4/00000158.jpg	0	285	98	328	142	id0
PeqoxF8gvt4/00000144.jpg	0	257	102	293	138	id0
PeqoxF8gvt4/00000145.jpg	0	257	102	293	138	id0
PeqoxF8gvt4/00000097.jpg	0	69	41	112	84	id1
PeqoxF8gvt4/00000035.jpg	0	384	136	474	226	id1
PeqoxF8gvt4/00000074.jpg	0	74	46	117	89	id1
PeqoxF8gvt4/00000010.jpg	0	544	108	588	151	id1
PeqoxF8gvt4/00000085.jpg	0	74	46	117	89	id1
PeqoxF8gvt4/00000099.jpg	0	69	41	112	84	id1
PeqoxF8gvt4/00000034.jpg	0	384	146	474	236	id1
PeqoxF8gvt4/00000081.jpg	0	74	46	117	89	id1
PeqoxF8gvt4/00000102.jpg	0	69	46	105	82	id1
PeqoxF8gvt4/00000019.jpg	1	597	122	640	166	id1
PeqoxF8gvt4/00000052.jpg	0	74	41	117	84	id1
PeqoxF8gvt4/00000049.jpg	0	74	41	117	84	id1
PeqoxF8gvt4/00000007.jpg	0	533	118	569	154	id1
PeqoxF8gvt4/00000093.jpg	0	69	41	112	84	id1
PeqoxF8gvt4/00000001.jpg	0	505	118	541	154	id1
PeqoxF8gvt4/00000109.jpg	0	69	41	112	84	id1
PeqoxF8gvt4/00000170.jpg	0	319	107	371	159	id1
PeqoxF8gvt4/00000065.jpg	0	74	41	117	84	id1
PeqoxF8gvt4/00000016.jpg	0	579	118	631	170	id1
PeqoxF8gvt4/00000056.jpg	0	74	41	117	84	id1
PeqoxF8gvt4/00000164.jpg	0	309	108	352	151	id1
PeqoxF8gvt4/00000048.jpg	0	315	126	404	216	id1
PeqoxF8gvt4/00000104.jpg	0	69	41	112	84	id1
PeqoxF8gvt4/00000015.jpg	0	573	118	625	170	id1
PeqoxF8gvt4/00000012.jpg	0	559	108	602	151	id1
PeqoxF8gvt4/00000089.jpg	0	74	41	117	84	id1
PeqoxF8gvt4/00000044.jpg	0	335	146	424	236	id1
PeqoxF8gvt4/00000087.jpg	0	74	46	117	89	id1
PeqoxF8gvt4/00000011.jpg	0	554	103	597	146	id1
PeqoxF8gvt4/00000064.jpg	0	74	41	117	84	id1
PeqoxF8gvt4/00000072.jpg	0	74	41	117	84	id1
PeqoxF8gvt4/00000062.jpg	0	74	41	117	84	id1
PeqoxF8gvt4/00000045.jpg	0	335	146	424	236	id1
PeqoxF8gvt4/00000172.jpg	0	319	101	371	153	id1
PeqoxF8gvt4/00000039.jpg	0	364	136	454	226	id1
PeqoxF8gvt4/00000086.jpg	0	74	46	117	89	id1
PeqoxF8gvt4/00000002.jpg	0	509	118	545	154	id1
PeqoxF8gvt4/00000163.jpg	0	304	103	347	146	id1
PeqoxF8gvt4/00000046.jpg	0	325	136	414	226	id1
PeqoxF8gvt4/00000043.jpg	0	344	146	434	236	id1
PeqoxF8gvt4/00000060.jpg	0	74	41	117	84	id1
PeqoxF8gvt4/00000174.jpg	0	319	95	371	147	id1
PeqoxF8gvt4/00000018.jpg	0	592	122	636	166	id1
PeqoxF8gvt4/00000055.jpg	0	74	41	117	84	id1
PeqoxF8gvt4/00000004.jpg	0	517	122	553	158	id1
PeqoxF8gvt4/00000036.jpg	0	386	138	461	213	id1
PeqoxF8gvt4/00000040.jpg	0	364	136	454	226	id1
PeqoxF8gvt4/00000105.jpg	0	69	41	112	84	id1
PeqoxF8gvt4/00000165.jpg	0	308	107	360	159	id1
PeqoxF8gvt4/00000057.jpg	0	74	41	117	84	id1
PeqoxF8gvt4/00000042.jpg	0	354	146	444	236	id1
PeqoxF8gvt4/00000033.jpg	0	394	146	484	236	id1
PeqoxF8gvt4/00000009.jpg	0	540	108	583	151	id1
PeqoxF8gvt4/00000096.jpg	0	69	41	112	84	id1
PeqoxF8gvt4/00000068.jpg	0	74	41	117	84	id1
PeqoxF8gvt4/00000050.jpg	0	74	41	117	84	id1
PeqoxF8gvt4/00000075.jpg	0	74	46	117	89	id1
PeqoxF8gvt4/00000171.jpg	0	319	107	371	159	id1
PeqoxF8gvt4/00000070.jpg	0	74	41	117	84	id1
PeqoxF8gvt4/00000063.jpg	0	74	41	117	84	id1
PeqoxF8gvt4/00000051.jpg	0	74	41	117	84	id1
PeqoxF8gvt4/00000059.jpg	0	74	41	117	84	id1
PeqoxF8gvt4/00000061.jpg	0	74	41	117	84	id1
PeqoxF8gvt4/00000108.jpg	0	69	41	112	84	id1
PeqoxF8gvt4/00000006.jpg	0	525	118	568	161	id1
PeqoxF8gvt4/00000003.jpg	0	513	122	549	158	id1
PeqoxF8gvt4/00000017.jpg	0	584	118	636	170	id1
PeqoxF8gvt4/00000100.jpg	0	69	50	105	86	id1
PeqoxF8gvt4/00000030.jpg	0	390	152	497	259	id1
PeqoxF8gvt4/00000079.jpg	0	74	46	117	89	id1
PeqoxF8gvt4/00000162.jpg	0	299	103	343	146	id1
PeqoxF8gvt4/00000038.jpg	0	374	136	464	226	id1
PeqoxF8gvt4/00000067.jpg	0	74	41	117	84	id1
PeqoxF8gvt4/00000005.jpg	0	521	122	557	158	id1
PeqoxF8gvt4/00000066.jpg	0	74	41	117	84	id1
PeqoxF8gvt4/00000090.jpg	0	73	50	109	86	id1
PeqoxF8gvt4/00000175.jpg	0	319	95	371	147	id1
PeqoxF8gvt4/00000069.jpg	0	74	41	117	84	id1
PeqoxF8gvt4/00000103.jpg	0	69	46	105	82	id1
PeqoxF8gvt4/00000167.jpg	0	314	107	366	159	id1
PeqoxF8gvt4/00000029.jpg	0	404	156	494	245	id1
PeqoxF8gvt4/00000031.jpg	0	394	156	484	245	id1
PeqoxF8gvt4/00000077.jpg	0	74	46	117	89	id1
PeqoxF8gvt4/00000106.jpg	0	69	41	112	84	id1
PeqoxF8gvt4/00000098.jpg	0	69	41	112	84	id1
PeqoxF8gvt4/00000088.jpg	0	74	46	117	89	id1
PeqoxF8gvt4/00000032.jpg	0	394	156	484	245	id1
PeqoxF8gvt4/00000014.jpg	0	567	113	619	164	id1
PeqoxF8gvt4/00000082.jpg	0	74	46	117	89	id1
PeqoxF8gvt4/00000041.jpg	0	354	136	444	226	id1
PeqoxF8gvt4/00000027.jpg	0	390	140	497	247	id1
PeqoxF8gvt4/00000053.jpg	0	74	41	117	84	id1
PeqoxF8gvt4/00000083.jpg	0	74	46	117	89	id1
PeqoxF8gvt4/00000037.jpg	0	374	126	464	216	id1
PeqoxF8gvt4/00000008.jpg	0	535	113	578	156	id1
PeqoxF8gvt4/00000054.jpg	0	74	41	117	84	id1
PeqoxF8gvt4/00000166.jpg	0	314	113	357	156	id1
PeqoxF8gvt4/00000173.jpg	0	319	101	371	153	id1
PeqoxF8gvt4/00000078.jpg	0	74	46	117	89	id1
PeqoxF8gvt4/00000169.jpg	0	319	107	371	159	id1
PeqoxF8gvt4/00000107.jpg	0	69	41	112	84	id1
PeqoxF8gvt4/00000076.jpg	0	74	46	117	89	id1
PeqoxF8gvt4/00000058.jpg	0	74	41	117	84	id1
PeqoxF8gvt4/00000013.jpg	0	561	107	613	159	id1
PeqoxF8gvt4/00000071.jpg	0	74	41	117	84	id1
PeqoxF8gvt4/00000101.jpg	0	64	46	108	89	id1
PeqoxF8gvt4/00000084.jpg	0	74	46	117	89	id1
PeqoxF8gvt4/00000028.jpg	0	404	156	494	245	id1
PeqoxF8gvt4/00000092.jpg	0	73	50	109	86	id1
PeqoxF8gvt4/00000073.jpg	0	74	41	117	84	id1
PeqoxF8gvt4/00000094.jpg	0	73	46	109	82	id1
PeqoxF8gvt4/00000080.jpg	0	74	46	117	89	id1
PeqoxF8gvt4/00000047.jpg	0	315	136	404	226	id1
PeqoxF8gvt4/00000095.jpg	0	69	41	112	84	id1
PeqoxF8gvt4/00000091.jpg	0	73	50	109	86	id1
PeqoxF8gvt4/00000168.jpg	0	319	113	362	156	id1
PeqoxF8gvt4/00000020.jpg	0	308	94	370	156	id2
PeqoxF8gvt4/00000026.jpg	0	294	101	356	163	id2
PeqoxF8gvt4/00000019.jpg	0	308	94	370	156	id2
PeqoxF8gvt4/00000016.jpg	1	315	80	377	142	id2
PeqoxF8gvt4/00000015.jpg	1	320	72	395	146	id2
PeqoxF8gvt4/00000023.jpg	0	301	101	363	163	id2
PeqoxF8gvt4/00000025.jpg	0	294	101	356	163	id2
PeqoxF8gvt4/00000018.jpg	1	308	94	370	156	id2
PeqoxF8gvt4/00000017.jpg	1	315	87	377	149	id2
PeqoxF8gvt4/00000022.jpg	0	301	101	363	163	id2
PeqoxF8gvt4/00000021.jpg	0	301	101	363	163	id2
PeqoxF8gvt4/00000007.jpg	1	199	72	250	124	id3
PeqoxF8gvt4/00000001.jpg	2	193	72	245	124	id3
PeqoxF8gvt4/00000006.jpg	1	199	72	250	124	id3
PeqoxF8gvt4/00000005.jpg	1	199	72	250	124	id3
PeqoxF8gvt4/00000001.jpg	1	315	59	377	122	id4
PeqoxF8gvt4/00000002.jpg	1	322	59	384	122	id4
PeqoxF8gvt4/00000004.jpg	1	328	59	391	122	id4
PeqoxF8gvt4/00000003.jpg	1	328	59	391	122	id4
PeqoxF8gvt4/00000014.jpg	1	328	73	391	135	id4
PeqoxF8gvt4/00000109.jpg	1	464	176	554	265	id5
PeqoxF8gvt4/00000090.jpg	1	464	176	554	265	id5
PeqoxF8gvt4/00000098.jpg	1	464	176	554	265	id5
PeqoxF8gvt4/00000082.jpg	1	478	179	552	254	id5
PeqoxF8gvt4/00000083.jpg	1	478	179	552	254	id5
PeqoxF8gvt4/00000084.jpg	1	478	179	552	254	id5
PeqoxF8gvt4/00000091.jpg	1	464	176	554	265	id5
