PeqoxF8gvt4/00000143.jpg	0	257	102	293	138	260,110 259,115 260,119 260,123 262,127 264,131 266,135 269,138 273,138 276,138 279,136 282,133 284,130 286,126 288,122 289,118 289,114 264,107 266,106 269,107 271,107 273,109 278,109 281,109 283,108 285,109 287,110 276,112 276,115 275,118 275,121 272,122 273,123 275,124 276,123 278,123 266,111 268,111 270,111 272,112 270,113 268,112 279,113 281,112 283,113 284,113 283,114 281,114 269,128 271,127 273,127 274,127 276,127 278,128 279,129 277,131 275,132 274,132 272,132 270,131 270,128 273,128 274,129 276,129 278,129 276,130 274,130 273,130
PeqoxF8gvt4/00000097.jpg	0	69	41	112	84	70,56 69,62 69,68 71,74 73,79 77,83 81,87 85,90 90,91 93,90 96,87 98,83 100,79 102,74 103,70 104,66 103,62 80,51 83,50 86,49 89,50 91,53 97,54 99,53 100,53 102,54 103,55 94,59 94,62 95,65 95,68 90,70 92,71 94,72 95,72 96,71 83,57 85,56 87,57 88,59 87,59 84,59 96,60 98,59 100,59 101,60 99,61 97,61 86,77 89,76 92,75 93,76 94,76 95,77 96,78 95,81 93,82 92,82 91,81 88,80 87,77 92,77 93,77 94,77 95,78 94,79 93,79 91,79
PeqoxF8gvt4/00000035.jpg	0	384	136	474	226	382,170 382,182 383,194 386,207 392,217 400,227 409,234 418,241 427,242 434,239 439,232 444,223 449,213 453,203 455,193 456,182 455,173 402,159 408,155 414,154 421,155 427,158 440,158 444,155 448,153 452,154 454,157 433,170 434,178 435,185 436,193 426,199 430,201 434,202 437,200 440,198 409,172 413,171 417,170 421,172 417,174 413,174 439,172 443,170 447,170 450,171 447,173 443,173 418,214 424,210 430,209 433,209 435,208 438,210 440,213 438,219 435,222 432,223 428,223 423,221 420,214 429,213 432,213 435,213 438,213 435,216 432,217 429,217
PeqoxF8gvt4/00000020.jpg	0	308	94	370	156	305,109 305,117 305,126 307,134 310,142 315,149 320,156 327,160 335,161 341,160 346,155 349,149 352,142 355,135 356,127 356,120 356,113 317,112 321,110 326,111 331,112 335,114 342,114 345,112 348,111 352,110 354,111 338,120 339,126 339,132 339,138 331,138 334,140 338,142 341,140 344,137 322,117 325,117 328,117 331,119 328,119 325,119 342,119 345,117 348,117 350,117 348,119 345,119 325,143 330,143 334,144 337,145 340,144 343,143 345,142 343,147 340,149 337,150 333,150 329,147 327,143 334,145 337,146 340,145 344,143 340,146 337,147 334,147
PeqoxF8gvt4/00000074.jpg	0	74	46	117	89	73,58 73,64 73,70 75,76 77,80 81,84 86,88 90,90 94,91 98,90 100,87 102,83 104,79 105,75 107,70 107,66 106,62 84,52 87,51 90,51 93,52 95,54 100,56 102,55 103,54 105,54 106,55 98,60 98,63 99,66 99,69 95,71 96,72 98,72 99,72 100,71 87,58 89,58 91,58 92,60 91,60 89,60 100,61 101,60 103,60 104,61 103,62 101,61 91,78 94,77 96,76 97,76 98,76 99,77 99,79 99,81 98,83 97,83 95,82 93,81 92,78 96,78 97,78 98,78 98,79 98,80 97,80 96,80
PeqoxF8gvt4/00000010.jpg	0	544	108	588	151	551,117 550,122 549,128 549,134 550,139 551,144 554,149 558,152 562,154 567,155 572,153 576,150 579,147 582,143 584,138 586,134 587,130 559,112 561,110 564,110 568,111 570,113 577,116 579,115 582,116 585,118 585,121 572,120 571,123 570,126 569,130 565,132 566,133 568,134 569,134 571,134 561,118 563,118 565,119 566,120 564,120 562,120 576,123 578,123 580,124 581,125 580,126 578,125 560,139 563,138 565,137 567,138 568,138 570,140 571,143 569,145 567,145 565,145 563,144 561,142 561,139 565,139 566,140 568,140 570,143 568,142 566,142 564,141
PeqoxF8gvt4/00000085.jpg	0	74	46	117	89	73,58 72,64 73,70 74,76 76,81 80,85 84,89 88,91 93,92 96,91 99,88 101,84 103,80 104,76 106,72 106,67 106,63 83,52 86,51 89,51 92,52 95,55 100,56 102,55 104,55 105,55 106,56 97,60 98,64 98,67 99,71 93,72 95,73 97,74 99,74 100,73 86,59 88,58 91,58 92,60 90,60 88,60 99,61 101,60 103,60 104,62 103,62 101,62 88,78 92,78 95,77 96,78 98,78 99,78 99,80 98,82 96,84 95,84 94,83 91,82 90,79 95,79 96,79 97,79 98,80 97,81 96,81 94,81
PeqoxF8gvt4/00000099.jpg	0	69	41	112	84	67,57 67,63 67,69 69,75 71,80 75,84 79,88 84,90 89,91 92,90 95,87 97,83 99,79 100,75 102,70 102,66 102,62 77,51 80,50 83,49 87,50 89,52 95,53 96,52 98,52 100,52 101,54 92,59 92,62 93,65 93,69 88,71 90,72 92,73 93,72 95,71 80,57 82,56 85,57 86,59 84,59 82,59 94,60 96,58 98,58 99,60 98,61 96,61 84,78 87,76 90,76 91,76 92,76 94,77 94,79 93,81 92,82 90,82 89,82 86,81 85,78 90,78 91,78 92,78 93,79 92,80 91,80 89,79
PeqoxF8gvt4/00000034.jpg	0	384	146	474	236	388,175 388,187 389,199 392,211 396,222 404,232 412,240 422,246 431,247 438,245 444,237 449,229 453,219 456,209 459,199 460,189 459,180 406,166 412,162 419,161 426,161 432,164 444,164 448,161 452,160 456,161 458,164 437,176 438,184 439,192 440,200 430,206 434,207 437,208 441,207 443,205 412,179 417,178 421,177 425,179 421,181 417,181 443,179 447,177 451,177 454,178 451,180 447,180 422,220 428,216 433,214 436,215 439,214 442,216 444,219 441,225 438,228 435,228 432,228 427,226 424,220 433,219 436,219 439,219 442,219 439,221 435,222 432,222
PeqoxF8gvt4/00000081.jpg	0	74	46	117	89	73,59 73,65 73,71 74,76 77,81 81,85 85,89 89,91 93,93 97,92 99,89 101,85 103,81 105,76 106,72 107,68 106,64 84,53 86,51 89,51 92,52 95,54 101,56 102,55 104,55 105,55 106,56 98,61 98,64 99,67 99,71 94,73 96,74 98,75 99,74 100,73 87,59 89,58 91,59 92,60 90,61 88,60 100,62 101,60 103,60 105,62 103,63 101,62 89,78 93,78 96,78 97,78 98,78 99,79 99,80 99,83 97,84 96,84 94,83 92,82 90,79 95,79 97,80 98,80 99,80 97,81 96,81 95,81
PeqoxF8gvt4/00000102.jpg	0	69	46	105	82	67,57 67,63 67,69 68,74 71,79 74,84 78,87 83,90 88,91 91,90 94,87 96,83 98,79 100,75 101,70 101,66 101,62 76,51 78,50 82,49 85,50 88,52 93,53 95,52 97,52 99,53 101,55 90,59 91,62 91,65 92,69 87,71 89,72 90,72 92,72 93,71 79,57 81,56 83,57 85,59 83,59 80,59 93,60 95,58 97,58 99,60 97,61 95,61 82,77 86,76 88,75 90,76 91,76 92,77 93,79 92,81 90,82 89,83 87,82 85,81 83,77 88,77 90,77 91,78 92,79 91,80 89,80 88,79
PeqoxF8gvt4/00000026.jpg	0	294	101	356	163	296,113 296,121 297,130 299,138 302,146 307,154 313,160 320,165 328,166 335,164 340,159 343,152 345,144 347,137 347,129 346,121 345,114 307,115 310,112 315,112 320,112 325,114 331,114 334,111 338,110 341,110 344,112 328,119 328,125 329,132 329,138 322,138 325,140 329,142 332,140 334,137 312,118 315,117 318,117 320,119 318,119 315,119 332,118 334,116 337,116 339,117 337,118 335,118 317,144 321,144 325,145 328,145 332,145 335,144 338,143 336,148 332,150 329,151 325,151 321,149 318,145 325,146 328,147 332,146 337,144 332,147 329,148 325,148
PeqoxF8gvt4/00000019.jpg	0	308	94	370	156	306,107 305,116 306,124 307,133 311,141 315,148 321,155 328,160 335,161 342,160 347,155 350,148 353,141 355,134 357,127 357,120 357,113 318,109 323,107 327,108 332,109 337,111 344,112 347,110 350,108 354,108 356,109 340,118 340,124 340,130 341,137 333,136 336,138 339,140 343,138 345,136 323,115 326,114 330,114 332,116 329,117 326,116 344,117 347,115 350,114 352,115 350,117 347,117 326,141 331,142 336,142 339,143 341,142 344,142 346,141 344,146 341,149 338,149 335,149 330,147 328,142 335,144 338,144 341,144 345,142 341,145 338,146 335,145
PeqoxF8gvt4/00000019.jpg	1	597	122	640	166	595,134 595,140 595,147 595,153 597,159 599,164 604,169 609,172 614,173 620,173 624,170 628,167 631,162 633,157 635,152 635,146 636,141 603,128 606,125 610,124 614,125 617,127 625,128 628,127 630,128 633,129 634,132 621,134 620,138 620,142 620,146 615,149 617,150 619,151 621,150 622,150 607,134 609,133 612,134 614,135 611,136 609,135 625,137 627,136 629,136 631,137 629,138 627,138 609,158 613,156 616,155 618,156 620,155 622,157 623,160 621,162 619,163 617,163 615,162 612,161 611,158 616,157 618,158 620,158 622,159 619,159 617,160 615,159
PeqoxF8gvt4/00000052.jpg	0	74	41	117	84	75,57 74,62 75,68 76,74 79,78 82,82 87,86 91,88 96,89 99,88 101,85 103,81 105,77 107,73 108,69 108,64 107,61 85,50 88,49 91,49 94,50 97,52 102,53 103,52 105,52 106,52 107,54 99,58 100,61 100,64 101,66 96,69 98,70 99,71 101,70 102,70 88,57 90,56 92,56 94,58 92,58 90,58 101,59 103,58 104,58 106,59 104,60 103,60 92,76 95,75 98,74 99,75 100,74 101,76 101,77 100,80 99,81 98,81 96,80 94,79 93,76 97,76 98,76 99,76 100,77 99,78 98,78 97,78
PeqoxF8gvt4/00000049.jpg	0	74	41	117	84	75,57 74,62 74,68 76,73 78,78 82,82 87,86 91,88 95,89 99,88 101,85 103,81 105,77 107,73 108,69 108,64 108,60 85,51 88,49 91,49 94,50 97,52 102,53 104,52 105,52 107,52 108,54 99,58 100,61 100,64 101,67 96,69 98,70 99,71 101,71 102,70 88,56 90,55 92,56 94,58 92,58 90,57 101,59 103,57 105,57 106,59 105,60 103,60 92,76 95,74 98,74 99,75 100,75 101,76 101,78 100,80 99,81 97,81 96,80 94,79 93,76 97,76 98,76 99,76 100,77 99,78 98,78 97,78
PeqoxF8gvt4/00000007.jpg	0	533	118	569	154	535,124 534,128 533,133 533,139 533,144 534,149 537,153 540,157 545,158 549,159 554,158 558,155 561,152 563,149 565,145 567,141 568,136 542,119 545,118 548,118 551,119 554,121 559,123 562,123 565,124 567,126 568,129 555,127 554,130 554,133 553,136 548,137 550,138 551,140 553,140 554,140 544,125 546,124 549,125 550,127 548,127 546,126 558,130 561,130 563,131 564,132 562,132 560,132 543,144 546,142 549,142 550,143 551,144 553,146 554,149 552,150 550,150 548,150 546,149 544,147 544,144 548,144 549,145 551,146 553,148 550,148 549,147 547,146
PeqoxF8gvt4/00000007.jpg	1	199	72	250	124	194,89 194,96 195,105 196,112 200,119 205,124 212,129 218,132 225,132 230,131 233,126 236,121 238,115 239,108 240,102 241,97 240,91 206,82 210,79 215,78 220,79 224,81 233,82 236,81 239,81 241,82 243,84 229,87 230,90 231,93 232,97 225,103 228,103 230,103 231,103 233,103 212,87 215,85 218,85 220,87 218,88 214,88 233,88 235,87 238,87 240,89 238,90 235,89 218,114 223,111 227,110 229,110 231,110 233,111 233,115 232,118 230,120 228,120 226,120 222,118 220,114 227,112 229,112 230,112 232,115 230,116 229,117 227,117
PeqoxF8gvt4/00000093.jpg	0	69	41	112	84	71,56 70,62 71,68 72,74 75,79 78,83 83,87 87,90 91,91 95,89 97,86 99,82 101,78 103,74 104,70 105,65 104,61 81,50 84,49 87,48 90,49 93,51 99,52 100,51 102,51 104,52 104,53 96,58 96,62 97,65 97,68 92,70 94,71 95,72 97,72 98,71 84,56 87,56 89,56 90,58 88,58 86,58 97,59 99,58 101,58 102,60 101,60 99,60 87,77 91,76 94,75 95,76 96,75 97,76 97,78 96,80 95,82 94,82 92,82 90,80 89,77 93,77 95,77 96,77 96,78 95,79 94,79 93,79
PeqoxF8gvt4/00000160.jpg	0	295	98	338	142	294,113 293,119 293,124 294,130 296,135 299,140 303,144 307,147 311,148 315,147 318,145 321,141 323,138 326,134 327,129 329,125 329,120 303,110 306,109 309,109 313,110 315,112 321,113 323,113 326,112 328,113 329,114 318,117 318,120 318,123 318,126 313,128 315,129 317,130 318,129 320,129 306,115 309,115 311,115 312,116 310,117 308,116 321,118 323,117 325,117 326,118 324,119 322,119 308,135 311,134 314,134 316,134 317,134 319,135 319,137 318,139 316,140 315,140 313,139 310,138 310,135 314,135 316,136 317,136 318,137 317,137 315,137 314,137
PeqoxF8gvt4/00000001.jpg	0	505	118	541	154	510,122 508,126 507,131 507,136 507,141 508,145 510,149 513,152 517,155 521,155 525,154 528,152 531,149 533,146 536,143 537,139 539,135 517,118 519,117 522,118 525,119 527,122 532,124 534,124 537,125 538,127 539,129 528,127 527,130 526,133 525,136 521,136 522,138 524,139 525,139 527,139 518,124 520,124 522,125 523,126 521,126 520,125 531,130 533,130 534,131 535,132 534,132 532,131 516,141 519,141 521,141 522,142 524,142 525,144 526,146 524,147 522,147 520,147 519,146 517,144 517,141 521,142 522,143 523,144 525,146 523,145 521,145 520,144
PeqoxF8gvt4/00000001.jpg	1	315	59	377	122	314,80 314,88 314,97 315,105 318,113 324,119 330,124 338,128 345,129 351,128 356,124 360,118 363,112 365,105 367,98 368,91 368,85 328,71 332,67 338,66 343,66 348,69 354,70 358,68 362,68 365,70 367,73 352,78 352,84 353,89 354,95 345,99 348,100 352,101 354,101 357,100 333,77 336,76 340,76 343,79 340,79 336,79 355,80 358,78 362,78 364,80 362,81 358,81 339,110 344,107 348,106 350,107 352,107 355,109 356,112 354,114 351,114 349,114 346,114 343,112 341,110 347,110 350,110 352,110 354,112 352,110 349,110 347,110
PeqoxF8gvt4/00000001.jpg	2	193	72	245	124	187,89 188,97 189,105 191,112 194,119 200,124 206,128 213,131 220,131 226,129 230,125 233,119 234,113 235,106 236,100 237,94 237,88 198,81 202,78 207,76 212,76 216,77 225,78 228,77 231,76 234,77 236,79 221,83 222,86 223,89 224,92 218,99 221,99 223,99 224,99 226,98 204,85 207,83 210,83 213,85 210,86 207,86 226,85 228,82 231,82 233,85 231,86 228,85 212,113 216,109 221,106 223,107 225,106 227,108 228,112 227,115 225,117 223,117 220,117 216,116 214,112 221,109 223,109 225,108 227,111 225,114 223,114 220,114
PeqoxF8gvt4/00000109.jpg	0	69	41	112	84	70,58 69,64 70,69 71,75 74,80 77,84 82,88 87,90 91,91 94,90 97,87 99,83 101,78 102,74 103,70 103,65 103,61 80,52 83,50 86,49 89,50 92,52 97,53 99,52 101,51 102,52 103,54 95,58 95,62 96,65 97,68 91,71 93,72 95,72 96,72 98,71 83,57 86,56 88,57 89,58 87,59 85,58 96,59 98,58 100,58 101,60 100,60 98,60 86,77 90,76 93,75 94,76 95,76 97,76 97,78 96,81 94,82 93,82 92,82 89,80 88,77 93,77 94,77 95,77 96,78 95,79 94,79 92,79
PeqoxF8gvt4/00000109.jpg	1	464	176	554	265	475,182 474,195 474,207 474,219 476,231 481,242 487,251 494,259 504,262 514,261 522,255 530,248 537,240 542,230 546,220 549,208 550,197 487,189 494,187 501,190 507,193 513,197 522,199 529,198 535,197 542,197 546,200 517,203 516,212 515,220 514,229 504,229 508,232 512,234 517,233 521,231 493,197 498,198 503,199 506,201 502,202 497,201 524,205 529,203 534,204 537,206 533,207 529,207 497,239 503,241 508,242 511,243 515,243 518,244 523,244 517,247 512,247 508,247 505,246 501,244 499,240 507,244 510,245 514,245 520,244 513,243 509,243 506,242
PeqoxF8gvt4/00000170.jpg	0	319	107	371	159	317,121 316,128 316,136 317,143 319,150 322,156 327,161 332,165 337,166 342,165 345,161 348,156 351,152 353,147 356,142 357,137 358,132 330,118 334,117 338,117 342,118 346,121 354,123 356,122 358,121 360,122 360,123 349,128 349,132 349,137 350,141 342,142 344,144 347,145 349,144 351,143 333,125 336,125 339,125 341,127 338,128 336,127 351,129 354,128 356,129 357,130 355,131 353,130 336,150 340,149 344,149 346,150 348,149 349,150 349,152 348,155 346,157 344,157 341,157 338,155 337,151 343,151 345,151 347,151 348,152 346,153 345,154 343,153
PeqoxF8gvt4/00000065.jpg	0	74	41	117	84	73,57 73,63 73,69 75,74 77,79 81,83 85,87 90,89 94,90 97,89 100,86 102,82 104,78 106,74 107,70 107,65 107,61 84,50 86,49 90,49 93,50 95,52 101,53 102,53 104,52 106,53 107,54 98,58 98,61 99,64 100,67 95,70 96,71 98,72 99,71 100,71 87,57 89,56 91,57 93,58 91,59 89,58 100,60 102,59 104,59 105,60 103,61 102,61 90,77 94,76 96,75 97,75 98,75 99,76 99,78 99,80 97,82 96,82 95,81 93,80 92,77 96,77 97,77 98,77 98,78 98,79 97,79 96,78
PeqoxF8gvt4/00000016.jpg	0	579	118	631	170	582,133 581,138 581,144 581,150 582,156 584,162 588,166 592,170 596,172 602,172 607,170 612,167 615,162 618,158 620,152 622,147 623,142 590,127 593,125 596,125 599,127 602,129 609,130 612,129 615,130 618,131 619,134 605,135 604,139 603,143 602,146 598,149 600,150 601,151 603,151 605,151 592,135 595,134 597,134 599,136 596,136 594,136 609,138 611,138 614,138 615,140 613,140 611,140 593,157 596,155 599,155 600,155 602,155 604,157 606,160 603,162 601,162 599,162 597,162 595,160 595,157 598,157 600,157 602,157 604,160 601,159 600,159 598,159
PeqoxF8gvt4/00000016.jpg	1	315	80	377	142	313,95 312,104 312,113 313,122 317,130 323,138 329,145 336,150 343,150 348,148 352,142 355,135 358,128 361,121 363,115 364,108 364,101 329,97 334,95 340,95 345,96 349,98 355,99 357,97 360,95 362,94 364,95 351,104 352,111 353,117 353,123 344,123 347,125 351,127 354,125 356,123 334,102 337,101 341,101 343,103 340,104 337,104 354,103 356,101 359,100 361,102 359,103 356,103 336,131 341,131 346,131 349,131 351,131 353,130 354,131 352,135 350,138 347,139 344,139 340,136 338,132 346,133 348,133 350,132 353,131 350,134 348,135 345,135
PeqoxF8gvt4/00000056.jpg	0	74	41	117	84	74,57 74,63 74,69 76,74 78,79 82,83 87,86 92,88 96,89 99,88 101,85 103,82 105,78 106,73 107,69 108,65 107,61 85,50 88,49 91,49 94,50 96,52 101,54 103,53 104,52 106,53 107,54 99,58 99,61 100,64 101,67 96,70 98,70 99,71 100,71 101,70 88,57 90,56 92,56 94,58 92,59 90,58 101,59 102,58 104,58 105,60 104,61 102,60 92,76 95,75 98,74 99,75 100,74 101,76 101,77 100,80 99,81 98,81 96,81 94,79 93,76 97,76 98,76 99,76 100,77 99,79 98,79 97,78
PeqoxF8gvt4/00000164.jpg	0	309	108	352	151	307,116 306,123 306,129 307,135 309,141 312,147 316,151 320,155 324,156 328,155 332,153 335,149 338,145 340,141 343,136 344,131 345,127 317,114 321,113 325,113 329,114 331,117 337,119 339,118 342,118 344,118 345,120 333,123 333,127 333,130 333,134 327,135 329,137 331,138 333,138 335,137 321,120 323,120 325,121 327,122 325,122 323,122 336,124 338,124 340,125 342,125 340,126 338,126 322,143 326,142 329,141 330,142 331,142 332,143 333,145 331,147 330,148 328,148 327,147 324,146 324,143 328,143 330,144 331,144 332,145 330,145 329,145 328,144
PeqoxF8gvt4/00000048.jpg	0	315	126	404	216	321,150 322,162 324,174 326,186 330,198 336,208 344,217 353,223 363,225 372,222 380,214 387,205 391,195 394,184 396,172 396,160 395,149 329,141 334,137 340,135 347,136 353,139 368,138 373,134 379,133 385,133 389,137 361,149 361,159 361,168 361,178 354,182 358,184 362,185 366,183 369,180 337,153 342,152 346,151 351,152 346,154 342,155 370,151 374,149 379,149 383,150 379,152 375,152 348,195 353,193 358,192 362,193 366,192 371,192 375,193 372,200 367,204 363,205 359,204 353,202 351,196 358,196 362,196 366,195 373,194 367,198 363,199 359,199
PeqoxF8gvt4/00000104.jpg	0	69	41	112	84	67,57 67,63 68,69 69,74 72,80 75,84 79,88 84,90 88,91 92,90 95,87 97,83 98,79 100,74 102,70 102,65 102,61 77,51 80,50 83,49 86,50 89,52 94,53 96,52 98,52 100,52 101,54 92,58 92,62 93,65 93,69 88,71 90,72 92,72 93,72 95,71 81,57 83,56 85,56 86,58 84,59 82,58 94,59 96,58 98,58 99,59 98,60 96,60 83,77 86,76 89,75 91,76 92,76 94,76 94,78 93,81 92,82 90,83 88,82 86,80 84,77 89,77 91,77 92,77 93,78 92,80 90,80 89,80
PeqoxF8gvt4/00000015.jpg	0	573	118	625	170	578,129 577,135 577,141 576,147 577,153 579,159 582,163 586,167 591,169 596,169 602,167 606,164 610,160 613,155 615,150 617,145 618,140 585,125 588,123 591,123 594,124 597,127 603,128 606,127 610,127 613,129 614,132 599,133 598,136 597,140 596,143 592,146 594,147 595,148 597,148 599,148 587,132 590,131 592,132 594,133 591,133 589,133 604,135 606,135 609,135 610,137 608,137 606,137 588,154 590,152 593,152 594,152 596,152 598,154 600,157 597,159 595,159 593,159 591,158 589,157 589,154 592,154 594,154 596,154 599,157 595,156 594,156 592,156
PeqoxF8gvt4/00000015.jpg	1	320	72	395	146	324,94 323,103 323,111 324,120 326,128 330,136 336,142 344,147 352,148 361,148 368,144 374,139 379,131 382,123 384,115 385,107 385,99 335,89 340,86 346,86 351,87 356,90 363,90 368,88 373,87 377,87 381,90 359,97 359,103 359,109 359,115 351,119 354,120 358,121 362,121 365,119 340,96 344,94 349,94 352,97 348,98 344,97 366,97 370,95 373,94 376,97 373,98 370,98 345,128 350,127 354,126 358,127 361,127 365,128 368,131 364,134 359,136 356,136 353,135 349,133 347,129 354,129 357,130 360,130 366,131 360,131 357,131 354,131
PeqoxF8gvt4/00000012.jpg	0	559	108	602	151	562,117 561,123 560,128 560,134 561,140 562,145 565,150 569,154 573,155 579,156 584,154 588,151 591,147 594,143 596,139 598,134 599,130 569,113 572,111 576,111 579,112 582,114 588,116 591,116 594,116 597,118 598,121 583,121 583,124 582,127 581,131 577,133 578,134 579,135 581,135 583,135 572,119 574,119 576,120 578,121 576,122 573,121 588,124 590,124 592,124 594,126 592,126 590,126 571,141 574,139 577,138 578,139 580,139 582,141 583,144 581,146 578,146 577,146 575,145 573,144 572,141 576,140 578,141 579,141 582,144 579,143 577,143 576,142
PeqoxF8gvt4/00000089.jpg	0	74	41	117	84	72,57 71,63 71,69 73,74 75,79 79,84 83,88 87,91 91,92 95,91 97,88 100,84 102,80 104,75 105,71 106,67 106,62 82,52 85,51 89,50 92,51 95,54 100,55 102,54 104,54 105,54 106,55 97,60 98,63 98,66 98,70 93,72 95,73 97,74 98,73 100,72 86,58 88,57 90,58 92,59 90,60 87,59 99,60 101,59 103,59 104,60 103,61 101,61 88,78 92,77 95,77 96,77 97,77 98,78 98,79 97,82 96,83 95,83 93,83 91,81 90,78 94,78 96,79 97,79 97,79 96,80 95,80 94,80
PeqoxF8gvt4/00000044.jpg	0	335	146	424	236	341,166 342,179 344,191 347,203 351,214 357,225 365,233 375,240 384,241 393,238 400,229 406,220 411,209 414,198 416,187 417,176 416,165 352,159 357,154 363,152 371,153 377,156 391,154 396,151 402,150 408,150 411,154 384,167 385,176 385,185 386,194 378,198 381,200 385,201 389,199 392,197 359,170 364,169 368,169 373,170 369,172 364,172 393,168 397,167 402,166 406,167 402,169 398,170 371,213 376,210 381,209 385,209 389,208 393,209 397,210 393,217 389,221 386,222 381,222 376,219 373,213 382,212 385,212 389,211 394,211 389,214 385,215 381,215
PeqoxF8gvt4/00000087.jpg	0	74	46	117	89	72,58 72,64 72,70 73,76 75,80 79,85 83,88 88,91 92,92 96,91 98,88 100,84 102,80 104,76 106,71 106,67 106,63 83,52 86,51 89,51 92,52 94,54 99,56 101,55 103,55 104,55 105,56 97,60 97,64 98,67 98,70 93,72 95,73 97,74 98,74 99,73 86,58 88,58 90,58 91,60 90,60 87,60 99,61 100,60 102,60 103,62 102,62 100,62 88,79 92,78 95,77 96,78 97,77 98,78 98,80 97,82 96,83 95,83 93,83 91,81 90,79 94,79 96,79 97,79 97,80 96,81 95,81 94,81
PeqoxF8gvt4/00000147.jpg	0	257	106	293	142	260,114 259,119 260,123 260,127 262,132 264,136 267,139 270,141 274,142 277,142 280,140 283,137 286,134 288,130 289,126 290,122 290,118 264,111 266,110 269,110 272,110 274,112 279,113 282,112 284,112 287,112 288,114 277,116 276,119 276,121 276,124 273,126 274,127 276,127 277,127 279,127 267,114 269,114 271,114 272,115 270,116 268,115 280,116 282,116 284,116 285,117 284,118 282,117 269,132 271,131 274,131 275,131 277,131 278,132 280,134 278,135 276,136 275,136 273,135 271,134 270,132 274,132 275,133 276,133 279,133 276,133 275,133 273,133
PeqoxF8gvt4/00000151.jpg	0	265	110	301	146	267,118 266,123 266,128 267,133 268,137 271,141 273,145 277,148 280,149 284,149 287,147 290,144 293,141 295,137 297,133 298,129 298,125 272,115 275,114 278,114 281,114 283,116 288,117 291,116 293,117 296,117 297,119 285,120 285,123 285,126 284,129 281,131 282,132 284,132 285,132 287,132 275,119 277,118 279,119 280,120 278,120 277,120 289,122 291,121 293,121 294,122 292,123 290,123 277,137 279,136 282,136 283,136 284,136 286,137 288,139 286,141 284,142 282,142 281,141 278,140 278,137 281,137 283,138 284,138 287,139 284,139 283,139 281,139
PeqoxF8gvt4/00000011.jpg	0	554	103	597	146	557,116 556,121 555,127 555,132 555,138 556,143 559,148 563,152 568,154 573,154 578,152 582,150 585,146 588,142 590,138 592,133 593,129 564,112 567,110 570,110 574,111 576,113 582,115 585,115 588,116 590,117 592,120 578,120 577,123 576,126 575,129 571,132 572,133 574,134 575,134 577,134 566,118 569,118 571,119 572,120 570,120 568,120 582,123 584,123 586,123 588,125 586,125 584,125 566,139 568,137 571,137 572,138 574,138 576,140 577,143 575,144 572,145 571,144 569,144 567,142 567,139 571,139 572,140 573,140 576,142 573,142 572,142 570,141
PeqoxF8gvt4/00000064.jpg	0	74	41	117	84	73,57 73,62 73,68 75,74 77,79 81,83 85,86 90,89 94,90 97,89 100,86 102,82 104,78 105,74 107,70 107,65 107,61 84,50 87,49 90,49 93,50 95,52 101,53 102,53 104,52 106,53 107,54 98,59 98,61 99,64 99,68 94,70 96,71 98,72 99,71 100,70 87,57 89,57 91,57 92,58 91,59 88,58 100,60 102,59 103,59 105,60 103,61 102,60 90,77 93,76 96,75 97,75 98,75 100,76 100,78 99,80 98,82 96,82 95,81 93,80 91,77 96,77 97,77 98,77 99,78 98,79 97,79 95,79
PeqoxF8gvt4/00000072.jpg	0	74	41	117	84	74,57 73,63 73,69 75,74 77,79 81,83 85,87 90,90 94,91 97,90 100,87 102,83 103,79 105,74 106,70 107,66 106,62 84,51 87,49 90,48 93,50 96,52 101,53 102,52 104,52 106,53 106,54 98,58 99,61 99,64 100,68 95,70 96,71 98,72 99,71 101,71 87,57 89,57 91,57 93,58 91,59 89,58 100,60 102,59 104,59 105,60 103,61 102,61 91,77 94,76 96,75 98,75 99,75 100,76 100,78 100,81 98,83 97,83 95,82 93,81 92,78 96,77 97,77 98,77 99,78 98,80 97,80 96,80
PeqoxF8gvt4/00000062.jpg	0	74	41	117	84	73,57 73,62 73,68 74,74 77,79 81,83 85,86 90,89 94,90 97,89 100,86 102,82 104,78 106,74 107,69 107,65 107,61 84,50 87,49 90,49 93,50 96,52 101,53 103,52 105,52 106,53 107,54 98,58 99,61 99,64 100,68 95,70 96,71 98,72 100,71 101,71 87,57 89,56 91,57 93,58 91,59 89,58 100,60 102,59 104,59 105,60 104,61 102,61 91,77 94,76 97,75 98,76 99,75 100,77 100,78 99,80 98,82 96,82 95,81 93,80 92,77 96,77 97,77 98,77 99,78 98,79 97,79 96,79
PeqoxF8gvt4/00000045.jpg	0	335	146	424	236	336,168 337,180 338,192 341,204 345,215 351,225 359,233 368,239 377,241 386,237 394,229 400,220 404,210 407,199 409,188 410,177 409,166 345,159 350,154 356,152 363,152 369,155 384,154 389,151 394,149 400,150 403,154 377,166 377,175 377,184 378,194 370,197 374,199 378,200 382,199 385,196 354,170 358,169 362,168 366,170 362,171 358,172 385,168 389,166 393,166 397,166 394,169 390,169 363,212 369,209 374,208 378,208 382,207 386,208 390,209 387,217 382,220 378,222 374,221 369,219 366,212 374,211 378,211 382,210 388,210 382,214 378,215 374,215
PeqoxF8gvt4/00000172.jpg	0	319	101	371	153	316,115 315,123 315,131 316,138 318,145 322,151 327,156 332,160 337,162 342,161 345,157 348,152 351,148 354,143 356,138 358,133 358,128 331,111 335,110 340,110 344,111 347,114 354,117 356,116 358,116 360,116 360,118 349,122 349,127 350,132 350,136 343,137 345,139 347,140 349,140 351,139 334,119 337,119 340,120 341,121 339,122 336,121 351,123 354,123 356,123 357,124 355,125 353,125 336,145 340,145 344,144 346,145 347,145 348,146 347,148 347,150 345,151 343,152 341,151 338,149 337,146 343,146 345,147 346,147 346,147 346,148 344,148 343,148
PeqoxF8gvt4/00000039.jpg	0	364	136	454	226	367,157 367,169 369,182 371,194 375,205 382,215 391,223 400,230 410,231 418,228 424,221 430,212 434,202 438,192 440,181 441,171 440,161 383,149 388,145 395,143 403,144 409,147 422,147 426,144 431,143 436,144 439,148 415,159 416,168 416,176 417,185 408,190 412,191 416,192 419,191 422,189 390,161 395,161 399,160 403,162 399,163 395,164 422,161 426,159 430,159 433,160 430,162 426,162 400,203 406,202 411,201 414,202 417,201 420,201 423,203 420,208 417,210 414,211 410,211 405,209 402,204 411,204 414,204 417,203 421,203 417,205 414,206 410,206
PeqoxF8gvt4/00000086.jpg	0	74	46	117	89	73,58 72,63 72,69 73,75 76,80 79,85 84,88 88,91 92,92 96,91 98,88 101,84 102,80 104,76 106,71 106,67 106,63 83,52 86,51 89,51 92,53 94,55 100,56 102,55 103,55 105,55 106,56 97,60 97,64 98,67 98,70 93,72 95,73 97,74 98,74 100,73 86,58 88,58 90,58 92,60 90,60 88,60 99,61 101,60 103,60 104,61 103,62 101,62 88,78 92,77 95,77 96,77 97,77 98,78 99,80 98,82 96,83 95,83 93,83 91,81 90,78 94,79 96,79 97,79 98,80 97,81 95,81 94,80
PeqoxF8gvt4/00000002.jpg	0	509	118	545	154	514,123 512,128 511,132 510,137 511,142 512,147 514,151 517,155 521,157 525,158 528,156 532,154 534,152 537,148 540,145 541,141 543,138 520,120 523,119 526,119 528,121 530,123 535,126 538,126 540,127 542,129 543,131 532,129 531,132 530,134 529,137 525,138 526,139 527,140 529,141 530,141 522,125 524,125 526,126 527,128 525,128 523,127 534,132 536,132 538,133 539,134 538,134 536,133 519,143 522,142 524,143 525,143 527,144 528,146 529,148 527,149 525,149 524,149 522,148 521,146 520,143 524,144 525,145 526,146 528,148 526,147 525,147 523,146
PeqoxF8gvt4/00000002.jpg	1	322	59	384	122	322,81 321,89 321,97 323,105 326,113 331,119 337,124 344,128 351,129 357,128 362,124 366,118 369,112 371,105 373,98 375,91 375,85 333,70 338,67 343,65 349,66 354,68 359,69 363,67 367,67 371,69 373,73 356,76 357,82 357,88 357,94 350,97 353,99 356,100 359,99 361,98 338,77 342,75 345,75 348,78 345,78 341,78 361,79 364,76 367,77 370,79 367,80 364,80 344,110 348,107 352,106 355,106 357,106 360,108 361,111 359,113 357,114 354,114 351,114 348,112 346,110 352,109 355,109 357,109 360,111 357,110 354,110 352,110
PeqoxF8gvt4/00000163.jpg	0	304	103	347	146	304,114 303,120 303,126 304,132 305,138 308,143 312,148 317,151 321,153 325,152 328,149 331,146 334,142 337,137 339,133 340,129 341,124 314,112 318,111 321,111 325,112 328,114 334,116 336,115 339,115 341,116 342,118 330,120 330,124 330,127 330,131 324,132 326,133 328,134 330,134 331,133 317,118 320,118 322,118 324,119 321,120 319,119 333,122 335,121 337,122 338,123 337,123 335,123 318,139 322,138 325,138 327,139 328,139 329,140 330,141 328,144 327,145 325,145 323,144 321,142 320,139 325,140 326,140 328,140 329,141 327,142 326,142 324,141
PeqoxF8gvt4/00000046.jpg	0	325	136	414	226	330,164 331,176 333,188 336,200 340,211 346,221 353,230 362,236 372,237 381,234 389,226 395,216 399,206 403,195 404,183 405,172 404,161 339,154 344,150 350,148 356,149 363,151 377,150 382,147 388,145 394,146 398,150 370,162 371,171 371,180 371,190 364,193 368,195 372,197 375,195 378,192 347,166 351,165 355,165 360,165 356,167 351,168 379,164 383,162 388,162 392,162 388,165 384,165 357,208 362,205 368,204 372,205 375,203 380,204 385,205 381,213 376,217 372,218 368,218 362,215 360,208 368,208 372,208 376,207 382,206 376,210 372,212 368,211
PeqoxF8gvt4/00000023.jpg	0	301	101	363	163	300,110 301,119 301,127 303,136 307,144 311,151 317,158 324,162 332,163 339,161 344,156 348,150 350,143 353,135 354,128 354,120 353,113 311,113 315,112 320,112 325,113 329,115 336,115 339,113 343,111 347,111 350,112 332,120 333,126 333,133 333,140 326,138 329,141 333,142 336,140 339,138 316,118 319,117 323,117 325,119 322,119 319,119 337,119 340,116 343,116 345,117 343,118 340,119 321,143 325,144 330,145 333,145 336,144 339,143 343,143 340,148 336,151 333,151 329,151 325,149 322,144 330,146 333,146 336,146 342,144 336,148 333,148 329,148
PeqoxF8gvt4/00000043.jpg	0	344	146	434	236	346,165 347,177 348,190 351,202 356,213 362,224 370,233 380,240 389,242 398,238 404,230 410,220 415,209 418,197 420,186 421,175 420,164 359,157 364,153 371,151 378,152 384,155 398,154 403,151 408,149 414,150 417,154 391,166 392,175 392,184 393,193 384,197 388,199 392,200 396,199 399,196 367,169 371,169 375,168 380,169 376,171 371,171 399,168 403,166 407,166 411,166 408,169 404,169 377,213 382,210 388,209 391,209 395,208 398,209 401,211 399,218 395,221 392,223 387,222 382,220 380,213 388,212 391,213 395,212 399,212 395,215 391,216 388,216
PeqoxF8gvt4/00000060.jpg	0	74	41	117	84	74,57 73,62 73,68 75,74 77,78 81,82 85,86 90,88 94,89 97,88 100,86 102,82 104,78 106,74 107,69 108,65 107,61 84,51 87,49 90,49 93,50 96,52 101,54 103,52 105,52 106,53 107,54 98,59 98,62 99,64 99,67 95,70 96,71 98,71 99,71 101,70 87,57 89,57 91,57 93,58 91,59 89,58 100,60 102,59 104,59 105,60 104,61 102,60 90,76 94,75 96,75 97,75 99,75 100,76 100,78 99,80 98,81 96,81 95,81 93,79 92,77 96,76 97,77 98,77 99,78 98,79 97,79 96,78
PeqoxF8gvt4/00000025.jpg	0	294	101	356	163	297,112 297,120 298,129 300,137 303,144 308,152 313,158 320,163 327,164 333,163 338,158 341,152 344,145 346,138 347,130 347,122 347,115 307,114 311,112 317,112 321,113 326,115 333,115 336,112 339,111 343,111 345,112 329,119 329,126 330,132 330,139 322,138 325,140 329,142 333,140 335,137 313,118 315,117 319,117 321,119 318,119 315,119 333,118 336,116 339,116 341,117 339,118 336,118 317,144 321,144 325,145 328,145 331,144 335,144 338,143 335,148 332,150 329,150 325,150 321,148 318,145 325,146 328,146 331,146 336,144 332,147 329,148 325,147
PeqoxF8gvt4/00000174.jpg	0	319	95	371	147	317,109 315,117 315,125 316,132 317,139 321,145 326,150 332,153 338,155 342,154 346,151 349,147 351,142 354,138 357,133 358,128 359,123 330,107 335,105 340,105 344,106 348,109 356,111 358,110 360,110 362,111 362,113 350,117 350,121 351,125 351,130 343,132 346,133 348,134 351,134 352,133 334,114 337,114 340,114 342,116 339,117 336,116 353,118 355,117 357,118 359,119 357,120 355,120 336,139 341,139 345,138 347,139 348,139 349,140 348,142 347,143 346,144 344,144 342,143 339,142 337,139 344,141 346,141 347,141 347,142 346,140 345,140 343,140
PeqoxF8gvt4/00000018.jpg	0	592	122	636	166	592,134 591,140 591,145 592,151 592,157 594,163 598,168 602,171 608,173 614,173 619,171 624,167 627,163 630,158 631,153 633,147 634,142 598,129 601,126 605,125 608,126 612,128 619,129 622,128 626,128 630,130 631,134 615,135 614,139 613,143 613,147 608,150 610,151 612,151 614,151 616,151 601,135 604,134 606,134 609,136 606,137 603,136 620,138 622,137 625,137 627,139 625,139 622,139 603,158 606,156 609,155 611,156 613,156 615,157 617,161 615,162 612,163 610,163 608,162 605,161 605,158 609,158 611,158 613,158 616,160 612,160 610,160 608,160
PeqoxF8gvt4/00000018.jpg	1	308	94	370	156	307,106 307,114 307,123 308,132 312,140 317,147 323,154 331,159 338,160 344,158 348,153 351,147 354,140 356,133 358,126 358,119 358,112 321,107 326,105 331,105 335,107 340,109 346,110 349,108 352,107 355,106 357,108 342,115 342,122 343,128 343,134 335,133 338,136 342,138 345,136 348,133 326,112 329,112 332,112 335,114 332,114 329,114 345,115 348,113 351,113 353,114 351,115 348,115 328,139 333,139 338,140 341,141 343,140 346,140 348,140 346,145 343,147 340,148 337,147 332,144 330,140 337,141 340,142 343,142 347,141 343,144 340,144 337,144
PeqoxF8gvt4/00000055.jpg	0	74	41	117	84	74,57 74,63 74,69 76,74 78,79 82,83 87,86 91,88 95,89 98,88 101,86 103,82 104,78 106,74 107,69 108,65 107,61 85,50 87,48 90,48 93,49 96,51 102,52 103,51 105,51 107,51 107,53 99,57 99,60 100,63 100,66 96,69 97,70 99,70 100,70 101,69 88,57 90,56 92,56 93,58 92,58 89,58 100,59 102,58 104,58 105,59 104,60 102,60 91,76 95,75 97,74 98,74 99,74 101,75 101,77 100,80 99,81 97,81 96,81 94,79 93,76 97,76 98,76 99,76 100,77 99,78 98,78 97,78
PeqoxF8gvt4/00000004.jpg	0	517	122	553	158	521,126 519,131 519,136 518,141 519,146 520,151 523,155 526,158 529,161 533,161 537,160 541,158 544,155 547,152 549,148 551,144 552,140 528,122 531,121 534,121 537,123 539,125 545,128 547,128 550,129 551,131 552,133 540,131 540,133 539,136 538,139 534,140 535,142 536,143 538,143 539,143 530,128 532,127 534,128 535,130 533,130 531,129 543,134 546,133 548,134 549,136 547,136 545,135 528,146 531,145 534,145 535,146 537,147 538,148 539,151 537,153 534,153 533,152 531,151 530,150 529,147 533,147 534,148 536,148 538,151 535,150 534,150 533,149
PeqoxF8gvt4/00000004.jpg	1	328	59	391	122	330,83 329,91 330,99 331,107 334,114 339,121 346,126 353,129 360,129 367,127 372,123 376,117 380,111 382,104 384,97 384,90 384,84 341,73 345,70 350,68 356,69 361,71 365,71 369,69 374,69 378,70 381,73 363,78 363,83 364,88 364,94 357,98 360,99 363,100 366,99 369,98 345,79 349,77 352,77 355,79 352,80 349,80 368,79 371,77 375,77 377,79 374,80 371,80 352,111 356,107 360,106 362,106 365,105 368,107 370,111 368,114 365,115 362,116 359,116 355,114 354,111 360,109 362,109 365,109 368,111 365,111 362,111 359,111
PeqoxF8gvt4/00000036.jpg	0	386	138	461	213	379,164 380,176 381,187 383,198 389,208 397,215 407,220 418,223 428,224 435,222 440,216 444,209 448,200 450,192 452,183 452,175 451,166 397,155 403,151 410,149 418,150 424,154 436,153 440,150 445,149 449,150 451,154 430,165 431,172 433,178 434,185 424,190 428,191 432,192 435,191 438,189 404,167 409,165 413,165 418,167 413,169 409,169 436,167 440,165 444,164 447,166 444,168 440,168 415,201 422,198 428,197 431,197 434,196 437,198 439,200 437,205 434,207 430,208 427,208 421,206 418,201 428,201 431,201 434,200 437,200 434,202 431,203 427,202
PeqoxF8gvt4/00000040.jpg	0	364	136	454	226	362,159 362,171 364,183 366,195 371,206 378,217 386,225 396,231 406,232 414,229 421,222 426,213 430,203 433,192 435,181 437,171 436,160 377,150 383,146 390,145 397,145 403,149 417,148 421,145 426,143 431,144 434,148 410,160 411,169 411,177 412,186 403,191 407,192 411,193 414,192 417,190 385,163 389,162 394,162 398,163 394,165 389,165 417,162 421,160 425,160 428,161 425,163 421,163 395,205 400,203 406,202 410,203 413,201 416,202 418,203 416,209 413,211 409,212 405,212 400,210 397,205 406,205 410,205 413,205 416,204 413,206 409,207 406,207
PeqoxF8gvt4/00000105.jpg	0	69	41	112	84	67,57 67,63 67,69 69,75 72,80 75,84 80,88 85,91 89,92 93,90 95,87 97,83 99,79 101,74 102,70 102,65 102,61 78,51 80,49 84,49 87,50 90,52 95,53 97,52 99,51 100,52 101,54 92,58 93,62 93,65 94,68 89,71 91,72 92,72 94,72 95,71 81,57 83,56 86,56 87,58 85,59 83,58 94,59 96,58 98,58 99,59 98,60 96,60 84,77 87,76 90,75 92,76 93,75 94,76 94,78 94,81 92,82 91,82 89,82 87,80 85,77 90,77 92,77 93,77 93,78 93,80 91,80 90,79
PeqoxF8gvt4/00000165.jpg	0	308	107	360	159	309,119 309,125 308,132 309,138 311,144 314,150 318,154 322,158 327,159 330,159 334,156 337,152 340,148 343,144 345,139 347,134 348,130 321,116 324,115 328,115 332,116 335,119 341,121 343,120 345,120 347,120 348,122 337,125 337,129 337,133 337,137 331,138 332,140 334,141 336,141 338,140 324,122 326,123 329,123 330,124 328,125 326,124 340,126 342,126 344,127 345,128 343,128 341,128 326,146 329,145 332,145 333,146 335,145 336,147 335,149 334,151 333,152 331,152 330,151 328,149 327,147 331,147 333,147 334,147 334,149 333,148 332,148 331,148
PeqoxF8gvt4/00000157.jpg	0	285	106	321	142	284,115 284,120 284,125 284,130 286,135 289,140 292,143 296,146 300,147 303,147 307,145 310,142 312,138 315,134 316,130 318,126 318,122 292,112 295,110 298,110 301,111 304,113 309,114 311,113 314,113 316,114 317,116 306,117 306,120 305,123 305,126 301,128 302,129 304,130 306,130 307,129 295,116 297,116 299,116 300,117 298,118 296,117 309,119 311,118 313,119 314,120 313,120 311,120 296,135 299,134 302,133 303,134 305,134 306,135 307,137 306,139 304,139 302,139 301,139 298,138 298,135 302,135 303,135 304,135 306,137 304,137 303,137 301,137
PeqoxF8gvt4/00000057.jpg	0	74	41	117	84	74,57 74,62 74,68 75,74 78,79 82,83 86,86 91,88 95,89 98,88 101,85 103,82 104,78 106,74 107,69 108,65 107,61 85,50 87,49 90,48 94,49 96,51 102,52 103,51 105,51 107,52 107,54 99,58 99,61 100,64 100,67 95,69 97,70 99,71 100,71 101,70 88,57 90,56 92,56 93,58 92,58 89,58 101,59 102,58 104,58 105,59 104,60 102,60 91,76 95,75 97,74 98,75 99,74 101,76 101,77 100,80 99,81 97,81 96,81 94,79 93,76 97,76 98,76 99,76 100,77 99,79 98,79 97,78
PeqoxF8gvt4/00000042.jpg	0	354	146	444	236	352,162 353,175 354,188 357,200 362,212 368,223 377,231 386,238 396,240 404,237 411,228 416,218 420,206 423,195 425,184 426,173 426,162 366,155 371,151 378,149 385,150 391,153 405,153 410,149 415,147 420,147 423,151 398,164 399,173 400,182 400,191 392,195 395,197 400,198 403,196 406,194 374,167 378,166 382,166 387,167 382,169 378,169 406,166 410,164 414,164 418,164 414,167 410,167 383,210 389,208 395,207 399,208 402,206 405,207 408,209 405,216 402,219 399,221 394,220 389,217 386,211 395,211 399,211 402,210 406,210 402,213 399,214 395,213
PeqoxF8gvt4/00000033.jpg	0	394	146	484	236	388,181 388,193 389,206 392,218 398,229 407,237 416,245 426,251 435,253 443,250 448,243 453,234 457,225 461,215 463,205 464,195 463,186 411,171 416,167 423,166 431,166 437,170 449,170 453,167 457,166 461,167 463,170 443,182 444,189 445,197 446,204 435,210 439,212 443,213 446,212 449,210 417,183 422,182 427,182 430,184 426,185 421,185 447,184 451,182 455,182 458,183 455,185 451,185 427,225 433,222 439,220 442,221 444,220 447,222 448,225 446,230 443,233 440,234 437,234 432,231 429,225 438,224 441,224 444,224 446,225 443,227 441,228 438,227
PeqoxF8gvt4/00000009.jpg	0	540	108	583	151	546,118 545,123 544,128 544,134 544,139 545,145 548,149 551,152 556,155 560,155 565,154 569,151 572,148 575,144 577,140 579,136 580,131 553,114 556,113 559,112 562,114 565,116 570,118 573,118 576,119 578,121 579,124 566,122 565,125 564,128 563,131 559,133 560,134 562,135 563,135 565,135 555,120 557,119 559,120 561,122 559,122 557,121 569,125 572,125 574,126 575,127 573,127 571,127 554,140 557,138 559,138 560,139 562,139 564,141 565,144 563,146 560,146 559,146 557,145 555,143 556,140 559,140 560,140 561,141 564,144 561,143 560,143 558,142
PeqoxF8gvt4/00000096.jpg	0	69	41	112	84	71,56 71,61 71,67 72,73 74,78 78,82 82,86 86,89 90,90 94,89 97,86 99,82 101,78 102,74 104,69 104,65 104,61 81,50 84,49 87,48 90,50 92,52 98,53 100,52 101,52 103,53 104,54 95,58 95,62 96,65 96,68 92,70 93,71 95,72 96,72 97,71 84,56 86,56 88,56 90,58 88,58 86,58 97,59 99,58 101,58 102,60 101,60 99,60 87,76 90,75 93,75 94,76 95,75 96,76 96,78 96,80 94,81 93,81 92,81 89,79 88,77 93,77 94,77 95,77 95,78 95,79 93,79 92,79
PeqoxF8gvt4/00000068.jpg	0	74	41	117	84	73,57 73,63 73,69 75,74 77,79 81,83 85,87 90,89 94,90 97,89 100,86 102,82 103,78 105,74 107,70 107,65 106,62 84,50 87,49 90,49 93,50 95,52 101,53 102,52 104,52 105,52 106,53 98,58 98,61 99,64 100,67 95,70 96,71 98,72 99,71 101,71 87,57 89,57 91,57 93,59 91,59 89,59 100,60 101,59 103,59 104,60 103,61 101,61 90,77 94,76 96,75 97,75 98,75 100,76 100,78 99,81 98,82 97,82 95,82 93,80 92,77 96,77 97,77 98,77 99,78 98,79 97,79 96,79
PeqoxF8gvt4/00000050.jpg	0	74	41	117	84	75,57 74,62 74,68 76,74 79,78 82,82 87,85 91,88 95,89 99,88 101,85 103,81 105,77 107,73 108,69 108,65 108,61 85,50 88,49 91,49 94,50 96,52 102,53 104,52 105,52 107,52 107,53 99,58 100,61 100,64 101,67 96,69 98,70 99,71 101,70 102,70 88,56 90,55 92,56 94,58 92,58 90,58 101,59 103,57 105,57 106,59 105,60 103,60 92,76 95,74 98,74 99,75 100,74 101,76 101,78 100,80 99,81 97,81 96,80 94,79 93,76 97,76 98,76 99,76 100,77 99,78 98,78 97,78
PeqoxF8gvt4/00000075.jpg	0	74	46	117	89	73,59 73,65 73,70 75,76 77,81 81,85 86,88 91,90 95,91 98,90 100,87 102,83 104,79 105,75 106,70 107,66 106,62 84,53 87,52 90,52 93,53 95,55 100,56 102,55 103,55 105,55 106,56 98,60 98,63 99,66 100,69 95,72 96,73 98,73 99,73 101,72 87,59 89,58 91,58 92,60 91,60 89,60 99,61 101,60 103,60 104,61 103,62 101,62 90,78 94,77 96,76 97,77 98,77 100,78 99,79 99,81 98,83 97,83 95,82 93,81 91,78 96,78 97,78 98,78 99,79 98,80 97,80 96,80
PeqoxF8gvt4/00000171.jpg	0	319	107	371	159	317,117 316,124 316,132 316,139 318,146 322,153 326,158 331,163 336,164 341,164 344,160 347,155 350,151 353,146 356,141 358,136 358,131 331,115 335,113 339,113 343,115 346,118 354,120 356,119 358,119 359,120 360,122 349,126 349,130 349,135 349,139 342,140 344,142 346,143 349,142 351,141 334,122 337,122 339,123 341,124 339,125 336,124 351,127 354,126 356,127 357,128 355,129 353,128 336,148 340,147 343,147 345,148 347,148 347,149 347,151 346,153 344,155 343,155 341,154 338,152 338,149 343,149 344,150 346,150 346,151 345,151 344,151 342,151
PeqoxF8gvt4/00000070.jpg	0	74	41	117	84	74,57 73,63 73,68 75,74 77,79 81,83 86,86 90,89 94,89 97,89 100,86 102,82 104,78 105,74 107,69 107,65 107,61 84,50 87,49 90,49 93,50 95,52 101,53 103,52 104,52 106,53 107,54 98,58 99,61 99,64 100,67 95,70 97,71 98,71 99,71 101,70 87,57 89,57 91,57 93,58 91,59 89,58 100,60 102,59 104,59 105,60 104,61 102,60 91,77 94,76 97,75 98,75 99,75 100,76 100,78 99,80 98,82 97,82 95,81 93,80 92,77 96,77 97,77 98,77 99,78 98,79 97,79 96,79
PeqoxF8gvt4/00000161.jpg	0	299	98	343	142	297,113 296,119 296,125 297,130 299,136 302,140 307,144 311,147 316,147 319,146 322,144 325,140 327,136 329,132 331,128 332,124 332,120 307,111 310,110 314,110 317,110 320,112 326,113 328,112 330,112 332,112 333,113 323,116 323,119 323,122 324,125 318,128 320,128 322,129 323,129 325,128 310,115 313,115 315,115 317,116 315,117 312,116 325,117 327,116 329,116 330,117 329,118 327,118 313,135 316,134 320,133 321,133 322,133 323,134 324,136 323,137 321,138 320,139 318,138 315,137 314,135 319,135 321,135 322,135 323,135 321,136 320,136 319,136
PeqoxF8gvt4/00000063.jpg	0	74	41	117	84	73,57 73,63 73,69 75,74 77,79 81,83 86,86 90,89 94,90 97,89 100,86 102,82 104,78 105,74 107,70 107,66 106,62 83,51 86,49 90,49 93,50 96,52 101,54 102,53 104,53 106,53 106,54 98,59 99,62 99,65 100,67 95,70 96,71 98,72 99,71 101,71 87,57 89,57 91,57 93,59 91,59 89,59 100,60 102,59 104,59 105,60 103,61 102,61 90,77 94,75 96,75 98,76 99,75 100,76 100,78 99,80 98,82 97,82 95,81 93,80 92,77 96,77 97,77 98,77 99,78 98,79 97,79 96,79
PeqoxF8gvt4/00000051.jpg	0	74	41	117	84	75,57 74,62 74,68 76,74 79,78 82,82 87,86 91,88 95,89 99,88 101,85 103,81 105,77 107,73 108,69 108,64 108,61 85,50 88,49 91,49 94,50 96,52 102,53 104,52 106,52 107,52 108,54 99,58 100,61 100,64 101,67 96,69 98,70 99,71 100,70 102,70 88,56 90,55 92,56 94,58 92,58 90,57 101,59 103,57 105,58 106,59 105,60 103,60 92,76 95,74 98,74 99,75 100,74 101,76 101,78 100,80 99,81 97,81 96,80 94,79 93,76 97,76 98,76 99,76 100,77 99,78 98,78 97,78
PeqoxF8gvt4/00000059.jpg	0	74	41	117	84	73,57 73,63 73,69 74,74 77,79 81,83 85,86 90,89 94,90 97,89 100,86 102,82 104,78 106,74 107,70 107,65 107,62 84,50 87,49 90,48 93,49 96,52 101,53 103,52 104,52 106,52 107,53 98,58 99,61 99,64 100,67 95,70 97,71 98,72 100,71 101,70 87,57 89,56 91,57 93,58 91,59 89,58 100,60 102,58 104,58 105,60 103,61 102,60 90,77 94,75 97,75 98,75 99,75 100,76 100,78 99,80 98,81 97,81 95,81 93,79 92,77 96,76 97,77 98,77 99,78 98,79 97,79 96,78
PeqoxF8gvt4/00000061.jpg	0	74	41	117	84	74,56 73,62 73,68 75,73 78,78 81,82 86,86 90,89 94,90 98,89 100,86 102,82 104,78 106,74 107,70 108,65 107,61 84,51 87,49 90,48 93,50 96,52 101,53 103,52 105,52 106,52 107,54 98,58 98,61 99,64 99,68 94,70 96,71 98,72 99,71 100,70 87,57 89,56 91,56 93,58 91,58 89,58 100,59 102,58 104,59 105,60 104,60 102,60 90,76 93,75 96,75 97,75 98,75 100,76 100,78 99,80 97,81 96,82 95,81 93,79 92,77 96,76 97,77 98,77 99,78 98,79 97,79 96,78
PeqoxF8gvt4/00000108.jpg	0	69	41	112	84	70,57 69,63 69,69 71,75 73,80 77,84 81,87 86,90 90,91 94,90 96,87 98,83 100,78 102,74 103,70 103,65 103,61 80,51 83,49 86,49 89,50 91,52 97,53 99,52 100,52 102,53 102,54 94,58 95,62 95,65 96,68 91,70 92,72 94,72 96,72 97,71 83,57 85,56 87,57 89,58 87,59 85,58 96,60 98,58 100,58 101,60 100,60 98,60 86,77 89,76 92,75 94,76 95,75 96,76 96,78 96,80 94,82 93,82 91,82 88,80 87,77 92,77 93,77 95,77 95,78 94,79 93,79 92,79
PeqoxF8gvt4/00000006.jpg	0	525	118	568	161	531,125 529,130 529,135 528,140 528,145 529,150 532,154 535,158 539,160 544,161 548,159 552,157 555,154 558,151 560,147 562,143 563,139 537,121 540,120 544,120 546,121 549,124 555,126 557,126 560,127 562,129 562,131 550,129 549,132 549,135 548,138 544,140 545,141 546,142 548,142 549,142 540,127 542,127 544,128 545,129 543,129 541,128 554,133 556,132 558,133 559,135 557,135 555,134 538,146 541,144 543,144 545,145 546,145 548,147 549,151 547,152 545,152 543,151 541,150 539,149 540,146 543,146 544,147 546,147 547,150 545,149 544,149 542,148
PeqoxF8gvt4/00000006.jpg	1	199	72	250	124	192,90 192,98 193,106 194,114 198,120 203,126 210,130 217,133 224,134 229,132 233,127 235,121 237,115 238,109 239,103 240,97 239,92 205,81 209,78 213,77 218,77 222,79 232,81 234,80 237,80 239,80 240,82 227,86 228,89 229,92 230,95 224,102 226,102 228,103 230,102 231,102 210,87 213,85 216,85 218,87 216,88 213,88 231,88 233,86 236,86 237,88 236,89 233,89 217,115 221,111 226,109 228,110 229,109 232,111 232,115 231,118 229,119 227,120 225,120 221,118 219,114 226,112 228,112 229,112 231,114 229,116 227,117 225,117
PeqoxF8gvt4/00000003.jpg	0	513	122	549	158	517,125 516,129 515,134 514,139 515,144 516,149 518,153 521,157 525,159 529,160 533,158 536,156 539,153 542,150 544,146 546,142 547,138 524,122 526,121 529,121 532,122 534,125 540,127 542,127 545,128 546,130 547,132 536,130 535,133 534,136 533,138 529,139 530,141 531,142 533,142 534,142 525,127 528,127 530,128 531,130 529,129 527,129 538,133 541,133 542,134 544,135 542,136 540,135 523,145 526,144 529,144 530,145 532,145 533,147 534,150 532,151 530,151 528,151 527,150 525,148 524,145 528,146 529,146 531,147 533,149 530,149 529,149 528,148
PeqoxF8gvt4/00000003.jpg	1	328	59	391	122	327,81 327,90 327,98 328,106 331,113 336,120 342,125 350,129 358,129 365,128 371,123 376,117 379,110 382,103 383,96 384,88 384,81 337,72 341,69 346,67 352,67 357,69 363,69 367,67 372,66 376,68 380,71 359,77 360,83 360,89 360,95 354,99 357,100 360,101 363,100 366,98 342,78 345,76 349,76 352,78 349,79 345,79 366,78 369,75 373,75 375,78 373,79 369,79 349,111 352,108 357,106 360,107 362,106 366,107 368,110 366,113 362,114 359,115 356,115 352,113 351,111 357,109 360,110 362,109 367,110 362,110 359,110 356,110
PeqoxF8gvt4/00000017.jpg	0	584	118	636	170	587,133 586,139 586,144 586,151 587,157 589,163 592,167 597,171 602,173 607,173 613,171 617,168 621,163 624,159 626,153 628,148 629,143 594,128 597,126 600,125 604,127 607,129 614,130 617,129 621,130 624,132 625,135 610,135 609,139 608,143 607,147 603,149 604,150 606,151 608,151 610,151 597,135 599,134 602,134 604,136 601,137 598,136 614,138 617,137 619,138 621,140 619,140 616,140 598,157 601,156 603,155 605,156 607,156 610,157 612,160 609,162 606,163 604,163 602,162 600,160 599,157 603,157 605,158 607,158 610,160 607,160 605,160 603,159
PeqoxF8gvt4/00000017.jpg	1	315	87	377	149	308,102 308,111 308,120 310,129 314,137 320,144 326,150 334,154 342,154 348,152 352,147 355,140 358,133 361,126 363,119 363,111 363,104 323,103 328,100 334,100 340,100 345,102 353,102 356,100 359,99 362,98 364,99 348,109 349,114 351,120 352,126 342,128 345,129 349,130 353,129 355,127 329,107 333,106 337,106 340,109 336,109 332,109 352,108 355,105 359,104 361,106 359,108 356,108 333,135 339,135 345,135 348,135 351,134 353,134 355,135 353,140 350,143 347,144 343,143 338,141 335,136 345,137 348,137 350,136 353,135 350,139 347,140 344,139
PeqoxF8gvt4/00000100.jpg	0	69	50	105	86	67,58 67,64 68,69 69,75 71,80 75,84 79,88 84,90 88,91 92,90 95,87 97,83 98,79 100,74 101,70 101,65 101,61 76,53 79,51 82,50 85,51 88,53 94,54 96,53 98,52 100,53 100,55 91,59 91,62 92,65 92,69 87,71 89,72 91,72 93,72 94,71 79,58 81,57 84,57 85,59 83,59 81,59 93,60 95,58 97,58 98,60 97,61 95,61 83,77 86,76 89,76 90,76 92,76 93,77 93,79 93,81 91,82 90,82 88,82 86,81 84,78 89,77 90,78 91,78 92,79 91,80 90,80 89,80
PeqoxF8gvt4/00000030.jpg	0	390	152	497	259	400,189 400,200 400,212 402,224 407,235 414,244 423,252 432,259 440,262 447,259 453,252 458,244 463,235 466,225 469,215 470,205 470,196 420,178 425,175 431,174 438,175 443,178 456,180 460,177 464,177 467,178 469,181 449,191 449,199 450,206 450,214 441,219 444,220 448,222 451,221 454,219 426,192 430,191 434,191 437,193 433,194 429,194 454,194 458,192 462,192 464,194 461,196 458,196 432,233 438,230 444,229 447,230 450,229 453,231 454,234 452,239 448,242 445,243 442,242 437,239 435,233 443,233 446,233 449,233 452,234 449,236 446,236 443,236
PeqoxF8gvt4/00000079.jpg	0	74	46	117	89	73,58 73,64 73,70 74,75 77,80 81,85 85,88 89,91 94,92 97,91 100,88 102,84 103,80 105,75 106,71 107,67 106,63 84,52 86,51 90,51 93,52 95,54 100,56 102,54 104,54 105,54 106,55 98,60 98,63 99,67 99,70 94,72 96,73 98,74 99,73 100,73 87,58 89,58 91,58 92,60 90,60 88,60 100,61 101,60 103,60 104,61 103,62 101,62 89,78 93,77 96,77 97,77 98,77 99,78 99,80 99,82 97,83 96,83 94,83 92,81 90,78 95,78 97,79 98,79 99,80 97,81 96,81 95,80
PeqoxF8gvt4/00000022.jpg	0	301	101	363	163	302,109 302,118 303,127 304,135 307,143 312,150 317,157 324,162 332,163 338,161 343,156 346,150 349,143 351,136 352,129 352,121 352,114 312,114 316,112 322,112 327,113 332,115 338,115 341,113 345,111 349,111 351,113 334,120 335,127 335,133 335,139 327,138 330,140 334,142 338,140 340,138 318,118 321,117 324,117 327,119 324,120 321,119 338,119 341,117 344,116 346,117 344,119 341,119 321,143 326,143 331,144 334,145 337,144 340,143 344,142 341,147 337,150 334,150 330,150 326,148 323,143 330,145 334,146 337,145 342,143 337,147 334,148 330,147
PeqoxF8gvt4/00000162.jpg	0	299	103	343	146	300,114 299,119 299,125 300,131 302,137 305,142 308,146 313,150 317,151 321,150 324,148 327,144 330,141 333,136 335,132 336,127 337,123 310,110 313,109 317,109 321,111 323,113 329,114 332,114 334,114 336,115 337,116 326,118 326,121 325,125 325,128 320,130 321,131 323,132 325,132 327,131 313,116 316,116 318,116 319,117 317,118 315,117 328,119 331,119 333,119 334,121 332,121 330,121 314,138 318,136 321,136 322,137 324,137 325,138 325,140 324,142 322,143 321,143 319,142 316,141 316,138 320,138 322,138 323,138 324,140 323,140 321,140 320,140
PeqoxF8gvt4/00000038.jpg	0	374	136	464	226	372,157 372,169 373,182 375,194 380,205 387,216 395,224 404,231 413,233 420,230 427,222 432,213 437,203 440,193 443,183 444,172 444,162 389,148 395,145 401,143 408,144 414,148 427,149 430,146 435,144 439,144 442,148 420,160 420,168 420,176 421,185 412,190 416,191 419,192 423,191 425,189 395,162 400,161 404,160 408,162 404,164 399,164 426,162 430,160 434,160 437,161 434,163 430,163 404,205 409,202 415,200 418,201 421,200 424,201 426,204 424,210 421,214 417,215 413,214 408,212 406,206 415,205 418,205 421,204 424,204 421,207 418,208 414,208
PeqoxF8gvt4/00000067.jpg	0	74	41	117	84	73,57 73,63 73,69 74,75 77,80 81,84 85,87 90,89 94,90 97,89 100,86 102,83 103,79 105,74 107,70 107,65 106,61 83,50 86,49 90,48 93,50 95,52 101,53 102,52 104,52 106,52 106,54 98,58 98,61 99,64 100,67 95,70 96,71 98,72 99,71 101,71 87,57 89,56 91,57 92,58 91,59 88,58 100,60 101,58 103,59 104,60 103,61 101,61 91,77 94,76 97,75 98,75 99,75 100,76 99,78 99,80 98,82 97,82 95,82 93,80 92,77 96,77 97,77 98,77 98,78 98,79 97,79 96,79
PeqoxF8gvt4/00000005.jpg	0	521	122	557	158	526,127 524,132 524,137 523,142 524,147 525,151 527,156 530,159 534,161 539,161 543,160 546,158 549,155 552,151 554,147 556,143 557,139 532,123 535,121 538,122 541,123 543,125 549,127 552,127 554,128 556,130 556,133 545,131 544,133 543,136 543,139 538,140 540,142 541,143 542,143 544,143 534,128 537,128 539,128 540,130 538,130 536,129 548,134 550,133 552,134 553,136 551,136 549,135 533,147 536,145 539,145 540,146 541,147 543,148 544,151 542,153 539,153 538,153 536,152 534,150 534,147 538,147 539,148 541,148 542,151 540,151 539,150 537,149
PeqoxF8gvt4/00000005.jpg	1	199	72	250	124	192,90 192,97 193,105 195,113 198,119 203,125 209,129 216,132 223,133 228,131 232,127 235,121 237,115 238,108 239,102 240,96 239,90 203,81 207,79 212,77 216,77 221,79 229,80 232,79 235,79 238,80 240,82 225,85 226,88 227,91 228,94 222,101 224,101 226,101 228,101 229,101 209,86 212,84 215,84 217,87 215,87 212,87 229,87 232,85 234,85 236,87 234,88 232,88 215,114 219,110 224,108 226,108 228,108 230,110 231,114 229,117 227,119 225,120 223,120 219,118 217,114 223,110 226,110 227,110 230,114 227,116 225,117 223,117
PeqoxF8gvt4/00000066.jpg	0	74	41	117	84	73,57 73,62 73,68 74,74 77,79 81,83 85,86 90,89 94,90 97,89 100,86 102,82 104,78 105,74 107,69 107,65 107,61 84,50 86,49 90,49 93,50 95,52 101,53 102,52 104,52 106,52 106,54 98,58 98,61 99,64 100,67 95,70 96,71 98,72 99,71 101,71 87,57 89,56 91,57 93,58 91,59 89,58 100,60 101,58 103,58 104,60 103,61 101,60 90,77 94,76 97,75 98,75 99,75 100,76 100,78 99,80 98,82 97,82 95,81 93,80 92,77 96,77 97,77 98,77 99,78 98,79 97,79 96,79
PeqoxF8gvt4/00000021.jpg	0	301	101	363	163	303,111 303,119 304,128 305,136 309,144 314,151 319,157 326,161 333,162 339,160 344,156 347,150 349,143 351,136 353,129 353,122 353,115 314,113 319,111 324,111 329,113 333,115 340,115 343,113 346,112 349,111 352,113 336,120 337,126 337,132 337,139 329,138 332,140 336,142 339,140 342,137 319,117 323,117 326,117 328,119 325,119 322,119 340,119 343,117 345,117 348,118 346,119 343,119 323,143 328,143 332,144 335,145 338,144 341,143 344,142 342,147 339,150 335,150 332,150 328,148 325,144 332,145 335,146 338,145 343,143 339,147 336,147 332,147
PeqoxF8gvt4/00000090.jpg	0	73	50	109	86	72,57 72,62 72,68 73,74 75,79 79,84 83,88 87,90 92,91 95,90 97,87 100,83 102,79 104,75 105,71 106,66 105,62 81,52 84,50 88,50 91,51 94,53 99,54 101,53 103,53 105,54 105,56 96,59 97,62 97,66 97,70 92,71 94,72 96,73 97,73 99,72 85,57 87,57 89,57 91,59 89,59 87,59 98,60 100,59 102,59 103,60 102,61 100,61 87,77 91,76 94,76 95,77 96,77 98,77 98,79 97,81 95,83 94,83 92,82 90,81 88,78 93,78 95,78 96,78 97,79 96,80 94,80 93,80
PeqoxF8gvt4/00000090.jpg	1	464	176	554	265	474,184 473,196 473,209 474,221 476,232 481,243 488,252 496,260 505,262 515,261 524,256 532,248 538,240 543,230 546,220 549,209 551,197 487,189 494,187 501,189 508,193 514,197 522,199 529,197 535,196 542,197 546,200 517,203 516,211 515,219 514,228 504,228 508,231 512,233 517,232 521,230 493,197 498,197 503,198 506,201 502,201 497,200 525,204 530,203 534,204 537,205 533,207 529,206 497,239 503,241 508,242 511,243 515,243 519,244 523,244 518,247 513,248 509,247 506,246 501,244 500,240 508,244 511,245 514,245 521,244 514,244 510,243 507,242
PeqoxF8gvt4/00000175.jpg	0	319	95	371	147	317,107 316,115 315,123 316,131 318,138 322,145 327,150 332,153 338,155 342,154 346,151 349,146 351,142 354,137 357,132 359,127 359,122 332,105 336,103 341,103 345,105 349,108 356,111 358,110 360,110 361,110 362,112 351,116 351,121 351,126 352,130 344,131 346,133 348,134 351,134 353,133 335,113 338,113 341,113 343,115 340,115 338,114 353,117 355,117 357,117 358,118 357,119 355,118 336,139 341,139 345,139 347,139 348,139 349,140 348,142 347,144 346,145 344,145 342,144 339,142 338,139 344,141 346,141 347,141 347,142 347,142 345,142 343,141
PeqoxF8gvt4/00000069.jpg	0	74	41	117	84	73,57 73,63 73,69 75,74 78,79 81,83 86,86 90,89 94,90 98,89 100,86 102,82 104,78 105,74 107,70 107,65 106,62 84,50 87,49 90,49 93,50 95,52 101,53 102,52 104,52 106,52 106,54 98,59 99,61 99,64 100,67 95,70 97,71 98,72 99,71 101,70 87,57 89,56 91,57 93,59 91,59 89,59 100,60 102,59 103,59 104,60 103,61 101,61 91,77 94,76 97,75 98,75 99,75 100,76 100,78 99,80 98,81 97,82 95,81 93,80 92,77 96,77 98,77 98,77 99,78 98,79 97,79 96,79
PeqoxF8gvt4/00000103.jpg	0	69	46	105	82	67,58 67,63 67,69 69,75 71,80 75,84 79,88 84,90 88,91 92,90 94,87 96,83 98,79 100,74 101,70 101,66 100,61 76,51 79,50 82,49 85,50 88,52 94,53 96,52 98,52 99,53 100,55 91,58 91,62 92,65 93,68 87,71 89,72 91,72 93,72 94,71 79,57 81,56 83,56 85,58 83,59 81,58 93,60 95,58 97,58 98,60 97,61 95,60 82,77 86,76 89,75 90,76 92,76 93,76 94,78 93,81 91,82 90,83 88,82 85,80 83,77 89,77 90,77 92,77 93,78 91,80 90,80 88,79
PeqoxF8gvt4/00000167.jpg	0	314	107	366	159	313,122 313,129 312,135 313,142 315,149 318,155 322,160 327,164 332,165 336,164 340,161 343,157 345,152 348,148 351,143 352,138 353,133 326,120 330,119 334,120 338,121 341,123 348,125 350,124 352,124 353,124 354,125 343,129 343,133 343,137 344,141 337,142 339,144 341,145 343,144 345,143 329,126 332,126 335,126 336,128 334,128 331,128 346,130 348,129 350,129 351,130 350,131 348,131 331,150 335,150 338,149 340,150 341,150 342,151 342,153 341,154 339,156 338,156 336,155 333,154 332,151 338,151 339,151 341,151 341,152 340,152 339,153 337,152
PeqoxF8gvt4/00000029.jpg	0	404	156	494	245	398,188 397,200 397,212 400,224 405,235 413,244 422,252 431,259 440,261 447,258 452,251 458,244 462,235 466,225 469,215 470,206 470,196 419,178 425,175 431,173 438,174 444,178 456,179 460,177 464,176 468,177 469,180 449,191 450,198 451,206 451,213 440,218 444,220 448,221 452,220 455,219 425,191 430,190 434,190 438,192 433,193 429,193 454,193 458,192 462,192 464,193 462,195 458,195 431,232 437,230 443,228 447,229 449,228 452,230 454,234 451,239 448,242 445,242 441,242 436,239 434,233 443,233 446,233 449,233 452,234 448,236 446,236 442,236
PeqoxF8gvt4/00000031.jpg	0	394	156	484	245	399,186 399,198 400,210 402,222 406,233 413,243 422,251 431,257 440,259 446,257 452,250 457,242 461,233 465,224 468,214 469,204 468,195 418,177 424,174 430,172 437,173 442,177 455,177 459,175 463,175 467,176 468,180 448,189 448,197 449,204 450,212 440,217 443,219 447,220 450,219 452,217 424,190 428,189 433,189 436,191 432,192 428,192 453,192 457,190 461,190 463,192 461,194 457,194 431,231 437,228 443,227 446,228 448,227 451,229 453,233 451,238 448,241 444,241 441,240 436,238 434,232 442,231 445,231 448,231 450,233 448,234 445,235 442,235
PeqoxF8gvt4/00000077.jpg	0	74	46	117	89	73,58 73,63 73,69 74,75 77,80 81,84 85,88 90,90 94,91 97,90 100,87 102,83 104,79 105,75 107,71 107,66 106,63 84,51 86,50 90,50 92,51 95,54 101,55 102,54 104,54 105,54 106,55 98,60 98,63 99,66 100,69 94,72 96,72 98,73 99,73 100,72 87,58 89,57 91,58 92,60 90,60 88,59 100,61 101,60 103,60 104,61 103,62 101,62 89,78 93,77 96,76 97,77 98,76 99,77 99,79 99,81 97,82 96,82 95,82 92,81 91,78 95,78 97,78 98,78 98,79 98,80 97,80 95,80
PeqoxF8gvt4/00000106.jpg	0	69	41	112	84	69,57 69,63 69,69 70,75 73,80 77,84 81,88 86,91 90,91 93,90 96,87 98,83 99,78 101,74 103,70 103,65 102,61 79,51 82,49 85,49 88,50 90,52 96,53 98,52 100,51 101,52 102,54 93,58 94,62 94,65 95,68 90,71 91,72 93,72 95,72 96,71 82,57 84,56 86,56 88,58 86,59 84,58 95,59 97,58 99,58 100,59 99,60 97,60 85,77 88,76 91,75 93,76 94,75 96,76 96,78 95,81 93,82 92,82 90,82 88,80 86,77 91,77 93,77 94,77 95,78 94,79 92,80 91,79
PeqoxF8gvt4/00000098.jpg	0	69	41	112	84	68,57 68,63 68,68 70,74 72,79 76,84 80,87 85,90 89,91 93,90 96,87 98,83 100,79 101,74 102,70 103,65 102,61 78,51 81,49 84,49 87,50 90,52 96,53 97,52 99,51 101,52 102,54 93,58 93,62 94,65 94,69 89,71 91,72 93,73 94,72 95,71 81,57 83,56 86,57 87,58 85,59 83,58 95,60 97,58 99,58 100,60 99,61 97,60 85,77 88,76 91,76 92,76 93,76 94,77 95,79 94,81 92,82 91,83 90,82 87,81 86,78 91,77 92,78 93,78 94,79 93,80 92,80 90,79
PeqoxF8gvt4/00000098.jpg	1	464	176	554	265	475,184 474,196 474,208 474,220 476,232 481,243 488,252 496,260 505,262 515,261 523,256 531,249 538,240 543,230 546,220 549,209 551,198 487,188 494,187 501,190 507,193 513,197 522,199 528,197 535,196 541,196 546,199 517,203 516,211 515,220 514,228 504,228 508,232 512,234 517,233 521,231 493,198 498,198 503,199 506,201 502,202 497,201 525,204 529,203 534,204 537,206 533,207 529,207 497,239 503,241 508,242 511,244 515,243 519,244 523,244 518,247 513,248 509,248 505,246 501,244 499,241 507,244 510,245 514,245 521,245 514,244 510,244 507,243
PeqoxF8gvt4/00000142.jpg	0	257	102	293	138	260,111 260,115 260,119 261,124 263,128 265,132 267,135 270,138 273,138 277,138 280,136 282,133 285,130 287,126 288,122 289,118 289,114 264,108 266,107 269,107 272,108 274,109 279,110 281,109 283,109 285,109 287,110 276,113 276,116 276,118 276,121 272,123 274,123 275,124 277,124 278,123 267,112 268,111 270,111 272,113 270,113 268,113 279,113 281,112 283,113 284,114 283,114 281,114 269,128 271,128 274,127 275,128 276,128 278,128 279,130 278,131 276,132 274,132 273,132 271,131 270,129 273,129 275,129 276,129 278,129 276,130 275,130 273,130
PeqoxF8gvt4/00000141.jpg	0	257	102	293	138	261,112 261,116 261,120 262,124 264,128 266,132 268,135 271,138 274,138 277,138 280,136 283,133 285,130 287,127 289,123 289,119 290,115 265,109 267,108 269,108 272,108 274,110 279,110 281,109 283,109 286,109 287,110 276,113 276,116 276,119 276,122 272,123 274,124 275,124 277,124 278,123 267,112 269,112 271,112 272,113 270,113 269,113 280,114 281,113 283,113 285,114 283,115 281,114 269,129 272,128 274,127 275,128 276,128 278,128 280,130 278,132 276,132 275,132 273,132 271,131 271,129 274,129 275,129 276,129 279,130 276,130 275,130 273,130
PeqoxF8gvt4/00000088.jpg	0	74	46	117	89	72,58 71,63 72,69 73,75 75,80 79,84 83,88 88,91 92,92 95,90 98,87 100,83 102,79 104,75 106,71 106,67 106,63 83,52 86,50 89,51 92,52 94,54 99,55 101,55 103,54 105,54 106,55 97,60 97,63 98,67 98,70 93,72 95,73 96,74 98,74 99,73 86,58 88,57 90,58 91,60 89,60 87,59 99,61 100,59 102,60 103,61 102,62 100,62 88,78 92,78 94,77 96,78 97,77 98,78 98,79 97,81 96,83 95,83 93,82 91,81 89,79 94,79 95,79 96,79 97,79 96,80 95,80 94,80
PeqoxF8gvt4/00000032.jpg	0	394	156	484	245	396,185 396,197 396,209 398,221 403,231 410,241 419,249 428,255 437,257 444,255 450,248 456,240 460,230 463,220 466,210 467,201 466,191 416,175 421,171 428,170 435,171 440,174 452,174 456,172 460,171 464,173 465,176 445,187 446,194 447,202 447,210 437,215 441,216 445,218 448,217 451,215 422,188 426,186 430,186 434,189 430,190 426,190 450,189 454,187 458,187 461,189 458,191 454,191 429,229 435,226 441,224 444,225 446,225 449,226 451,230 449,235 446,238 442,238 439,238 434,235 432,230 440,229 443,229 446,229 449,230 446,232 443,232 440,232
PeqoxF8gvt4/00000014.jpg	0	567	113	619	164	573,126 572,132 571,138 571,143 572,149 574,155 577,159 581,163 586,165 591,165 596,163 600,160 604,156 607,151 608,146 610,141 611,136 580,121 583,119 586,119 589,120 592,122 598,123 601,123 604,123 607,125 608,128 594,129 593,132 592,136 592,139 588,142 589,143 591,144 592,144 594,143 582,128 585,127 587,128 588,129 586,130 584,129 598,132 601,131 603,131 604,133 602,134 600,133 583,150 585,148 588,147 590,148 591,148 593,149 595,152 592,155 590,155 588,155 586,154 584,153 584,150 588,149 589,150 591,150 593,152 591,152 589,152 587,152
PeqoxF8gvt4/00000014.jpg	1	328	73	391	135	329,90 327,99 327,107 328,116 331,124 336,131 342,137 349,142 356,143 363,142 368,137 372,131 376,125 379,118 382,111 383,104 383,97 342,83 347,81 352,80 358,81 362,83 368,84 372,83 376,83 379,84 381,87 365,91 365,97 365,103 365,109 357,112 360,113 363,115 366,114 369,112 347,90 350,88 354,88 357,91 354,92 350,91 369,92 372,90 375,91 377,93 375,94 372,94 350,123 354,120 359,119 362,120 364,119 367,120 368,125 366,128 363,130 360,131 357,130 353,128 352,123 359,122 361,122 364,122 366,124 363,126 361,126 358,126
PeqoxF8gvt4/00000082.jpg	0	74	46	117	89	73,59 72,65 73,71 74,76 77,81 80,85 85,89 89,92 93,93 97,92 99,88 101,85 103,81 105,76 106,72 107,67 106,63 83,53 86,52 89,51 92,53 95,55 100,56 102,55 104,55 105,55 106,56 98,61 98,64 99,67 99,71 94,73 96,74 98,75 99,74 100,73 87,59 89,58 91,59 92,61 90,61 88,60 100,62 101,60 103,60 104,62 103,63 101,63 89,79 93,78 96,77 97,78 98,78 99,79 99,80 98,83 97,84 96,84 94,84 92,82 90,79 95,79 97,80 98,80 99,80 97,81 96,81 95,81
PeqoxF8gvt4/00000082.jpg	1	478	179	552	254	476,185 474,197 474,210 474,222 477,233 483,243 490,250 498,257 507,259 516,258 524,253 532,247 539,239 543,231 547,221 550,211 551,200 490,190 497,188 504,190 511,193 517,197 525,198 532,197 538,196 544,196 548,200 520,203 519,211 518,220 518,228 507,228 511,231 516,233 520,232 524,230 497,198 501,198 506,199 509,201 505,202 501,201 527,204 532,203 536,204 539,206 536,207 531,207 500,236 506,238 510,239 513,241 517,240 520,241 523,241 519,243 515,244 511,244 508,243 504,240 502,237 510,242 513,243 516,243 521,242 516,239 512,239 509,238
PeqoxF8gvt4/00000041.jpg	0	354	136	444	226	358,161 358,174 360,186 363,199 368,210 374,221 382,229 392,235 401,236 410,233 416,225 422,215 426,204 429,193 431,182 432,172 432,161 371,152 377,148 383,146 391,147 397,150 411,149 416,146 421,144 426,145 429,148 404,161 405,170 406,179 407,188 398,193 402,194 405,195 409,194 411,192 379,165 383,164 388,164 393,165 388,167 383,167 412,163 416,162 420,161 423,162 420,164 416,165 390,208 396,206 401,204 405,205 408,203 411,204 414,206 411,212 408,216 405,217 401,217 395,215 392,208 401,208 405,208 408,207 412,206 408,209 405,210 401,210
PeqoxF8gvt4/00000152.jpg	0	269	110	305	146	269,119 269,124 269,129 270,134 271,138 274,142 277,146 280,148 284,150 287,149 291,148 293,145 296,141 298,137 300,133 301,129 302,125 275,115 278,114 281,114 284,115 286,117 291,118 294,117 296,118 299,118 300,120 289,121 288,124 288,127 288,130 284,131 285,132 287,133 289,133 290,133 278,120 280,119 282,119 283,121 282,121 280,121 292,122 294,122 296,122 297,123 296,124 294,123 280,138 282,137 285,137 286,137 288,137 289,138 291,140 289,142 287,142 285,142 284,142 282,140 281,138 285,138 286,138 287,139 290,140 287,140 286,140 284,139
PeqoxF8gvt4/00000027.jpg	0	390	140	497	247	399,180 398,191 398,204 401,216 406,226 414,235 423,243 431,250 439,252 445,250 451,243 456,235 461,226 465,216 467,207 469,197 468,189 420,169 426,167 432,165 438,166 444,169 455,170 459,168 463,168 466,169 468,172 449,183 449,190 450,197 451,205 440,210 444,212 448,213 451,212 453,210 426,183 430,182 434,182 438,184 434,186 430,185 453,186 457,184 461,184 463,186 460,188 457,188 432,224 438,221 443,220 446,221 448,220 451,222 452,225 449,230 446,233 444,234 441,233 436,230 434,224 443,224 445,224 447,224 450,225 447,227 445,227 442,227
PeqoxF8gvt4/00000053.jpg	0	74	41	117	84	75,57 74,63 75,68 76,74 79,78 83,82 87,86 92,88 96,89 99,88 101,85 103,81 105,77 106,73 108,69 108,65 107,61 85,51 88,49 91,49 94,50 97,52 102,53 104,52 105,52 107,52 107,54 99,58 100,61 100,64 101,66 96,69 98,70 99,71 101,70 102,69 88,57 90,56 92,56 94,58 92,58 90,58 101,59 103,58 105,58 106,59 105,60 103,60 92,76 95,75 98,74 99,75 100,74 101,75 101,77 100,80 99,81 98,81 96,80 94,79 93,76 98,76 99,76 100,76 100,77 99,78 98,78 97,78
PeqoxF8gvt4/00000083.jpg	0	74	46	117	89	73,59 72,65 72,70 73,76 76,81 80,85 84,89 89,92 93,93 96,92 99,89 101,85 103,81 105,77 106,72 106,68 106,63 83,53 86,51 89,51 92,52 95,55 100,56 102,55 103,55 105,55 106,56 97,61 98,64 98,68 99,71 94,73 96,74 97,75 99,74 100,73 86,59 89,58 91,59 92,61 90,61 88,61 99,62 101,61 103,61 104,62 103,63 101,63 89,79 92,78 95,77 97,78 98,78 99,79 99,80 98,83 97,84 96,84 94,84 91,82 90,79 95,79 96,80 97,80 98,80 97,81 96,81 95,81
PeqoxF8gvt4/00000083.jpg	1	478	179	552	254	476,186 474,198 474,210 474,222 478,233 483,243 490,251 497,258 507,260 516,259 524,254 532,248 539,240 544,231 547,221 550,211 552,200 489,189 495,187 503,189 509,193 515,197 523,198 530,197 537,196 543,196 547,200 519,203 518,211 517,219 516,228 506,228 510,231 514,233 519,232 523,230 495,198 500,198 505,199 508,201 504,202 499,201 526,204 531,203 535,204 539,205 535,207 531,206 500,238 505,240 510,240 513,242 516,241 519,242 523,243 518,245 514,245 511,245 507,244 504,242 502,239 509,243 512,244 515,244 521,243 515,240 512,240 509,239
PeqoxF8gvt4/00000037.jpg	0	374	126	464	216	374,160 373,173 375,186 378,198 384,209 392,218 401,226 410,233 419,234 426,231 431,223 436,214 441,204 445,194 448,184 449,174 448,164 393,150 399,147 406,145 413,146 419,149 433,149 437,146 441,145 445,146 447,149 426,162 427,170 428,177 429,185 418,191 422,193 426,194 430,192 433,190 400,163 405,162 409,162 413,164 409,165 405,165 431,163 435,161 439,161 442,162 439,164 436,165 409,206 415,202 421,201 425,201 428,200 431,202 432,204 430,212 427,216 424,217 420,217 414,214 411,206 421,205 424,205 427,204 430,205 427,209 424,210 421,210
PeqoxF8gvt4/00000008.jpg	0	535	113	578	156	541,121 539,126 539,131 538,137 538,142 540,147 542,151 546,155 550,157 555,157 560,156 564,153 567,150 569,146 571,142 573,138 574,134 547,117 550,115 554,115 557,116 559,119 565,121 567,120 570,121 572,123 573,126 561,125 560,128 559,130 558,133 554,135 555,136 557,137 558,138 560,138 550,122 552,122 554,123 555,125 553,125 551,124 564,128 566,127 568,128 569,130 568,130 566,129 549,142 552,141 554,141 556,142 557,142 558,144 559,147 557,148 555,148 554,148 552,147 551,145 551,143 554,143 555,143 556,144 558,146 556,146 555,145 553,145
PeqoxF8gvt4/00000054.jpg	0	74	41	117	84	74,57 74,62 74,68 76,74 78,79 82,83 87,86 91,88 96,89 99,88 101,85 103,81 105,77 106,73 107,69 108,65 107,61 85,51 87,49 90,48 94,49 96,51 102,53 103,52 105,51 107,52 107,53 99,58 100,61 100,64 101,66 96,69 98,70 99,71 101,70 101,70 88,57 90,56 92,57 94,58 92,59 90,58 101,59 102,58 104,58 105,59 104,60 102,60 92,76 95,75 98,74 99,74 100,74 101,75 101,77 100,80 99,81 98,81 96,81 94,79 93,76 97,76 99,76 99,76 100,77 99,78 98,78 97,78
PeqoxF8gvt4/00000159.jpg	0	290	98	333	142	290,112 289,118 289,124 290,130 292,135 295,140 299,144 303,147 307,147 311,147 314,144 317,140 319,137 322,132 324,128 325,124 325,120 299,110 302,109 306,109 309,110 312,112 318,113 320,112 322,112 324,112 325,113 315,116 315,119 315,122 315,126 310,128 311,129 313,129 315,129 316,128 302,115 305,114 307,114 309,116 306,116 304,116 317,117 319,116 321,116 322,117 321,118 319,118 304,135 308,134 311,133 312,134 314,133 315,134 315,136 314,138 313,139 311,139 309,139 307,138 306,135 311,135 312,135 313,135 314,136 313,136 312,137 310,136
PeqoxF8gvt4/00000166.jpg	0	314	113	357	156	311,122 311,128 310,135 311,141 313,147 317,153 321,157 325,161 330,162 334,162 337,159 340,155 343,151 345,147 348,142 350,137 350,133 323,118 327,117 330,117 334,118 337,121 343,123 345,122 348,122 350,123 351,125 339,127 339,131 339,135 339,139 333,140 335,142 337,143 339,143 340,142 326,125 329,125 331,125 333,127 330,127 328,127 342,129 344,129 346,129 347,130 346,131 344,130 328,148 331,147 334,147 336,147 337,147 338,149 338,151 337,153 335,154 334,153 332,153 330,151 329,148 334,149 335,149 336,149 337,151 336,150 335,150 333,150
PeqoxF8gvt4/00000173.jpg	0	319	101	371	153	317,112 316,120 316,128 317,136 319,143 322,149 327,154 332,158 337,159 342,158 345,154 348,150 350,145 353,140 356,135 357,130 358,125 331,109 335,107 340,107 344,109 347,112 354,114 356,114 358,113 359,114 360,116 349,120 349,124 350,129 350,134 343,135 345,136 347,137 350,137 351,136 334,117 337,117 340,117 342,119 339,119 337,119 351,121 354,120 356,121 357,122 355,123 353,122 337,143 341,142 344,142 346,142 347,142 348,143 347,146 347,148 345,149 344,150 342,149 339,147 338,143 344,144 345,144 347,144 347,145 346,146 345,146 343,146
PeqoxF8gvt4/00000078.jpg	0	74	46	117	89	74,58 73,63 73,69 74,75 77,80 80,84 85,88 89,91 94,92 97,91 100,88 102,84 103,80 105,75 106,71 107,67 106,63 84,52 86,51 90,51 93,52 95,54 100,56 102,55 104,54 105,55 106,56 98,60 98,63 99,67 99,70 94,72 96,73 98,74 99,74 100,73 87,58 89,58 91,58 92,60 91,60 88,60 100,61 101,60 103,60 104,62 103,62 101,62 89,78 93,77 96,77 97,77 98,77 99,78 99,80 98,82 97,83 96,83 94,83 92,81 90,78 95,78 97,79 98,79 98,80 97,81 96,81 95,80
PeqoxF8gvt4/00000169.jpg	0	319	107	371	159	316,125 315,132 315,139 316,146 318,153 322,159 328,163 334,166 340,166 345,165 348,160 350,156 352,151 354,146 356,141 357,136 357,132 329,122 333,120 337,120 342,121 346,123 354,125 356,123 358,122 359,122 360,123 350,129 350,133 351,136 352,140 344,143 347,144 349,145 351,144 353,143 333,128 336,127 339,127 341,128 338,129 336,129 352,129 354,128 356,128 358,129 356,131 354,130 336,152 341,151 345,150 347,150 349,150 350,151 350,153 349,155 347,156 345,156 343,156 339,155 337,152 345,152 347,152 348,152 349,153 348,153 346,153 344,153
PeqoxF8gvt4/00000107.jpg	0	69	41	112	84	70,57 69,62 70,68 71,74 73,79 77,83 81,87 86,90 90,91 94,90 96,86 98,82 100,78 102,74 103,69 103,65 103,61 80,51 82,49 85,49 88,50 91,52 97,52 98,51 100,51 102,52 103,53 94,58 94,61 95,65 95,68 90,70 92,71 94,72 95,72 96,71 83,57 85,56 87,56 88,58 87,58 84,58 96,59 98,58 100,58 101,59 100,60 98,60 85,77 89,76 92,75 93,76 94,75 96,76 96,78 95,80 94,82 92,82 91,82 88,80 87,77 92,77 93,77 94,77 95,78 94,79 93,79 91,79
PeqoxF8gvt4/00000076.jpg	0	74	46	117	89	73,58 73,64 73,69 74,75 77,80 81,84 85,87 90,90 94,91 98,90 100,87 102,83 104,79 105,75 106,70 107,66 106,62 84,52 87,51 90,52 93,53 95,55 100,56 102,55 103,55 105,55 106,56 98,60 98,63 99,66 99,69 94,72 96,73 98,73 99,73 100,72 87,59 89,58 91,58 92,60 90,60 88,60 100,61 101,60 103,60 104,61 103,62 101,62 89,78 93,77 96,76 97,77 98,76 99,77 99,79 99,81 97,82 96,83 95,82 92,81 91,78 95,78 97,78 98,78 99,79 98,80 97,80 95,80
PeqoxF8gvt4/00000058.jpg	0	74	41	117	84	74,57 74,62 74,68 75,74 78,78 82,82 86,86 91,89 95,90 98,88 101,85 103,82 104,78 106,73 107,69 108,65 107,61 84,50 87,49 90,48 93,49 96,51 101,53 103,51 105,51 107,52 107,54 98,58 99,61 99,64 100,67 95,70 97,71 98,71 100,71 101,70 87,57 90,56 92,56 93,58 91,58 89,58 100,59 102,58 104,58 105,60 104,60 102,60 91,76 94,75 97,74 98,75 99,75 100,76 100,78 100,80 98,81 97,81 95,81 93,79 92,76 97,76 98,76 99,76 99,78 98,79 97,79 96,78
PeqoxF8gvt4/00000013.jpg	0	561	107	613	159	568,121 567,127 566,132 566,138 566,144 568,150 571,154 575,158 580,160 585,160 590,158 595,155 598,151 601,146 603,141 605,137 606,132 575,116 577,115 581,115 584,116 587,118 593,119 596,118 599,119 601,121 602,124 589,125 588,128 587,131 586,134 582,137 583,138 585,139 586,139 588,139 577,124 580,123 582,123 583,125 581,125 579,125 592,127 595,127 597,127 599,129 597,129 594,129 577,145 579,143 582,142 584,143 585,143 587,145 588,148 586,150 584,150 582,150 580,149 579,148 578,145 582,145 583,145 585,145 587,148 585,147 583,147 581,146
PeqoxF8gvt4/00000158.jpg	0	285	98	328	142	287,113 287,118 287,124 287,130 289,135 292,140 295,144 300,147 304,148 307,147 310,145 313,141 316,138 318,133 320,129 321,125 322,121 295,109 299,108 302,108 305,109 308,111 314,113 316,112 318,112 320,112 322,114 311,116 311,119 310,122 310,125 305,127 307,128 309,129 311,128 312,128 299,114 301,113 303,113 305,115 303,115 300,115 313,117 315,116 317,116 319,117 317,118 315,118 300,134 303,133 307,133 308,133 309,133 311,134 312,136 310,138 308,139 307,139 305,139 302,137 301,134 306,134 308,135 309,135 311,136 309,136 307,136 306,136
PeqoxF8gvt4/00000071.jpg	0	74	41	117	84	74,56 73,62 73,68 75,74 77,79 81,83 85,87 90,89 94,90 97,90 100,86 102,83 103,78 105,74 107,70 107,66 107,62 84,51 87,49 90,49 93,50 96,52 101,53 103,52 105,52 107,52 107,54 98,58 99,62 99,65 100,68 95,70 96,71 98,72 100,71 101,71 87,57 89,56 92,56 93,58 91,58 89,58 101,59 103,58 104,58 105,60 104,60 102,60 91,77 94,76 97,75 98,75 99,75 100,76 100,78 99,81 98,82 97,82 95,82 93,80 92,77 96,77 97,77 98,77 99,78 98,79 97,79 96,79
PeqoxF8gvt4/00000101.jpg	0	64	46	108	89	67,57 67,63 67,69 69,74 71,79 74,84 79,88 84,91 88,91 92,90 94,87 97,83 98,79 100,74 101,70 101,66 100,62 76,51 79,50 82,49 85,50 88,52 94,53 95,52 97,51 99,52 100,54 91,58 91,62 92,65 92,69 87,71 89,72 91,73 92,72 93,72 79,57 81,56 83,57 85,59 83,59 81,58 93,60 95,58 97,58 98,60 97,60 95,60 83,77 86,76 89,76 90,76 91,76 93,77 93,79 92,81 91,82 89,82 88,82 85,80 84,78 89,78 90,78 91,78 92,79 91,80 90,80 88,79
PeqoxF8gvt4/00000084.jpg	0	74	46	117	89	73,58 73,64 73,70 74,76 77,81 80,86 84,89 89,92 93,93 97,91 99,88 101,84 103,80 105,76 106,72 107,67 106,63 83,53 86,51 89,51 92,53 95,55 100,57 102,56 103,55 105,55 106,57 97,61 98,64 98,68 99,71 94,73 95,74 97,75 99,74 100,73 87,59 89,58 91,59 92,61 90,61 88,60 99,62 101,61 103,61 104,62 103,63 101,63 89,79 92,78 95,77 97,78 98,78 99,79 99,80 98,83 97,84 96,84 94,84 92,82 90,79 95,79 96,80 97,80 98,80 97,81 96,81 95,81
PeqoxF8gvt4/00000084.jpg	1	478	179	552	254	476,185 474,197 474,210 475,222 478,233 483,243 490,251 498,258 507,260 516,259 525,255 533,248 539,240 544,230 547,220 550,210 552,199 489,189 495,187 503,189 509,193 515,197 523,198 530,197 537,196 543,196 547,200 518,203 517,211 516,219 515,228 505,228 509,231 513,233 518,232 522,231 495,197 500,197 504,198 508,201 503,201 499,200 526,204 531,203 535,204 539,206 535,207 530,207 499,238 505,239 509,240 512,242 515,241 519,242 523,243 518,245 514,246 510,245 507,244 503,242 501,239 509,243 512,244 515,244 521,243 514,241 511,241 508,240
PeqoxF8gvt4/00000028.jpg	0	404	156	494	245	397,186 396,198 397,210 399,222 405,233 413,242 422,249 431,256 440,258 446,256 452,249 457,241 462,232 466,222 468,213 470,203 469,194 419,175 425,171 432,170 438,171 444,174 456,176 460,174 464,173 467,175 469,178 449,188 450,195 451,202 452,210 441,215 445,217 449,218 452,217 455,215 426,188 430,187 434,187 438,189 434,190 429,190 454,190 458,189 462,189 464,191 461,193 457,192 432,229 438,226 444,225 447,225 449,225 452,227 453,231 451,236 448,239 445,239 442,238 437,236 435,230 443,229 446,229 449,229 451,231 448,232 446,232 443,232
PeqoxF8gvt4/00000144.jpg	0	257	102	293	138	259,110 259,114 259,118 260,123 261,127 263,131 265,135 268,137 272,138 275,138 278,136 281,133 283,130 285,126 287,122 288,118 288,114 264,108 266,107 269,107 271,107 273,109 278,110 280,109 283,109 285,109 286,110 275,113 275,115 275,118 275,121 271,122 273,123 274,124 276,124 277,123 266,111 268,111 270,111 271,112 269,113 268,112 279,113 280,113 282,113 284,114 282,114 280,114 268,128 270,127 272,127 274,128 275,127 277,128 278,130 277,131 275,132 273,132 272,132 270,130 269,128 272,128 274,129 275,129 277,129 275,130 274,130 272,130
PeqoxF8gvt4/00000092.jpg	0	73	50	109	86	71,56 71,62 71,68 72,74 75,79 78,83 82,87 87,90 91,91 95,89 97,86 99,82 101,78 103,74 104,70 105,66 105,61 81,52 84,50 87,49 90,50 93,53 99,54 101,53 103,53 104,53 105,55 96,58 96,62 97,65 97,69 92,70 94,71 96,72 97,72 99,71 84,57 87,56 89,56 90,58 88,58 86,58 98,59 100,58 102,58 103,59 102,60 100,60 87,77 91,76 93,75 95,76 96,76 97,77 98,78 96,81 95,82 94,82 92,82 90,80 88,77 93,77 94,77 96,77 97,78 95,79 94,80 93,79
PeqoxF8gvt4/00000145.jpg	0	257	102	293	138	259,111 259,116 259,120 260,124 261,129 263,133 265,136 269,139 272,140 276,139 279,137 282,134 284,131 286,127 287,123 288,119 289,115 263,108 266,107 269,107 271,108 273,110 278,110 280,109 283,109 285,109 287,111 275,113 275,116 275,119 275,122 271,123 273,124 274,124 276,124 278,124 266,112 268,112 270,112 271,113 269,113 268,113 279,114 281,113 283,113 284,114 282,115 281,115 268,129 270,128 273,128 274,128 275,128 277,129 279,130 277,132 275,133 274,133 272,133 270,131 269,129 273,129 274,129 275,129 278,130 275,131 274,131 272,131
PeqoxF8gvt4/00000073.jpg	0	74	41	117	84	73,58 73,64 73,70 74,75 77,80 81,84 86,88 90,90 95,91 98,90 100,87 102,83 104,79 105,74 107,70 107,66 106,62 84,51 86,49 90,49 93,50 96,52 101,53 102,52 104,52 106,52 106,54 98,59 99,62 99,65 100,68 95,71 97,72 98,72 100,72 101,71 87,58 89,57 91,57 93,59 91,59 89,59 100,60 102,59 104,59 105,60 104,61 102,61 91,78 94,76 97,75 98,76 99,75 100,77 100,79 100,81 98,83 97,83 95,82 93,81 92,78 97,77 98,77 99,77 99,78 98,80 97,80 96,80
PeqoxF8gvt4/00000094.jpg	0	73	46	109	82	71,56 71,62 71,67 72,73 74,78 78,83 82,86 86,89 91,90 94,89 97,86 99,82 101,78 103,73 104,69 105,65 104,61 81,51 84,49 87,49 90,50 93,52 98,53 100,52 102,52 104,53 105,55 95,58 96,61 96,65 97,68 91,70 93,71 95,72 96,72 98,71 84,56 86,56 89,56 90,58 88,58 86,58 97,59 99,58 101,58 102,59 101,60 99,60 86,76 90,75 93,75 94,75 96,75 97,76 97,78 96,80 95,82 93,82 91,81 89,80 87,76 92,76 94,77 95,77 96,78 95,79 94,79 92,79
PeqoxF8gvt4/00000080.jpg	0	74	46	117	89	73,58 73,64 73,70 74,76 77,81 81,85 85,89 89,91 94,92 97,91 100,88 102,84 103,80 105,76 106,72 107,67 106,63 84,52 86,51 90,51 93,52 95,54 100,56 102,55 104,54 105,55 106,56 98,61 98,64 99,67 99,70 94,72 96,73 98,74 99,74 100,73 87,59 89,58 91,58 92,60 90,60 88,60 100,62 102,60 103,60 105,62 103,63 101,62 89,78 92,78 95,77 97,78 98,78 99,79 99,80 98,82 97,83 96,84 94,83 92,81 90,79 95,79 97,79 98,79 98,80 97,81 96,81 95,81
PeqoxF8gvt4/00000047.jpg	0	315	136	404	226	325,158 326,170 328,182 331,194 335,205 341,216 349,224 358,231 368,232 377,228 385,220 391,211 395,200 398,189 399,178 400,166 399,155 334,148 338,143 344,141 351,142 357,145 372,143 377,140 383,138 389,139 393,144 365,155 365,165 366,174 366,183 359,187 363,189 367,190 370,189 373,186 342,159 346,158 350,158 355,159 351,161 346,161 374,158 378,155 383,155 386,156 383,158 379,159 353,202 358,200 363,198 367,199 371,198 376,198 380,199 376,207 372,211 368,212 363,212 358,209 356,202 363,202 367,202 371,201 378,200 371,205 367,206 363,206
PeqoxF8gvt4/00000095.jpg	0	69	41	112	84	72,56 71,62 71,68 72,73 75,78 78,83 82,86 87,89 91,90 94,89 97,86 99,82 101,78 102,74 103,69 104,65 103,61 82,50 84,49 87,49 90,50 93,52 98,54 99,53 101,52 103,53 103,54 95,58 96,61 96,65 97,68 92,70 93,71 95,72 96,72 97,71 84,56 86,55 89,56 90,58 88,58 86,58 97,59 99,58 100,58 101,59 100,60 99,60 87,76 90,75 93,75 94,76 95,75 96,76 96,78 96,80 95,81 93,81 92,81 90,80 88,77 93,77 94,77 95,77 96,78 95,79 94,79 92,79
PeqoxF8gvt4/00000091.jpg	0	73	50	109	86	72,56 71,62 71,68 72,74 75,79 78,83 82,87 87,90 91,91 95,90 97,87 100,83 102,79 103,74 105,70 106,66 105,62 81,52 84,50 87,50 90,51 93,53 99,54 101,53 103,53 105,54 106,56 96,59 96,62 96,66 97,69 91,71 93,72 95,73 97,72 98,71 84,57 87,56 89,57 90,59 88,59 86,58 98,60 100,59 102,59 103,60 102,61 100,61 86,77 90,76 93,76 94,76 96,76 97,77 98,78 97,81 95,82 93,82 92,82 89,80 87,77 93,77 94,78 96,78 97,78 95,80 94,80 92,79
PeqoxF8gvt4/00000091.jpg	1	464	176	554	265	475,184 473,196 473,209 474,221 476,232 481,244 488,253 496,260 506,262 515,261 524,256 532,249 538,240 543,230 546,220 549,209 551,197 487,189 494,187 501,189 508,193 514,197 522,199 529,197 535,196 542,197 546,200 517,203 516,211 515,219 514,228 504,228 508,231 512,234 517,232 521,230 493,197 498,197 503,198 506,201 502,201 497,200 525,204 530,203 534,203 538,205 534,207 529,206 497,239 503,241 508,242 511,243 515,243 519,244 524,244 518,247 513,247 509,247 506,246 502,244 500,240 508,244 511,245 514,245 521,244 514,244 510,243 507,242
PeqoxF8gvt4/00000168.jpg	0	319	113	362	156	317,123 316,129 316,136 316,142 318,147 322,152 326,155 331,158 335,159 339,159 342,157 345,154 348,151 351,147 353,143 355,139 355,134 328,122 332,120 336,120 339,121 342,124 349,126 351,125 353,125 355,126 356,127 345,130 345,133 345,137 345,140 339,142 341,143 343,144 344,144 346,143 331,128 334,128 336,128 338,130 336,130 333,130 347,132 349,131 351,132 353,133 351,133 349,133 332,147 337,147 340,147 341,147 343,147 344,148 345,149 343,151 341,152 340,152 338,151 335,150 334,148 339,149 341,149 342,149 344,149 342,149 341,149 339,149
