RC8pswdAmV8/00000015.jpg	0	165	76	255	166	175,119 175,128 176,137 179,146 184,154 190,162 197,168 205,172 215,173 226,171 235,165 244,157 251,148 254,137 255,125 254,113 252,101 178,107 181,102 186,101 192,102 198,104 206,103 212,99 220,97 227,96 234,99 204,113 204,119 204,125 204,132 198,138 202,139 207,140 212,138 216,136 184,115 187,113 192,113 197,115 192,117 188,117 214,112 217,109 222,108 227,109 223,111 218,112 197,151 200,148 205,147 208,147 212,146 219,146 226,147 220,151 214,153 210,154 206,154 202,153 199,150 205,150 209,149 212,149 224,147 213,149 209,150 206,150
RC8pswdAmV8/00000083.jpg	0	354	136	444	226	367,159 366,169 367,180 368,190 370,200 374,210 380,218 386,224 395,227 406,227 418,224 430,218 440,210 447,200 451,188 453,175 455,162 367,152 372,148 379,148 386,150 392,153 403,153 412,150 422,149 432,151 439,157 397,162 395,171 393,179 391,188 384,190 388,192 393,194 399,193 404,192 375,163 379,162 384,162 389,164 384,166 379,165 411,165 416,163 422,164 428,165 422,167 416,167 382,202 385,201 390,200 394,202 398,201 405,202 413,204 405,209 398,211 393,212 389,211 385,208 384,202 390,204 394,204 398,204 410,204 398,207 394,207 390,206
RC8pswdAmV8/00000082.jpg	0	354	136	444	226	367,156 366,166 366,177 367,187 369,198 374,208 379,216 386,223 395,226 405,226 417,222 429,216 439,208 446,199 450,187 453,174 455,161 367,152 372,148 379,148 386,150 392,153 404,153 413,150 423,149 433,151 439,157 397,162 396,171 394,179 392,187 385,190 389,192 393,194 399,193 405,191 374,162 379,162 384,162 389,164 384,165 378,165 411,165 416,163 422,164 428,165 422,167 416,167 382,201 386,200 390,200 394,201 399,200 405,201 413,203 405,209 398,211 393,211 389,210 385,207 384,202 390,203 394,204 399,204 410,204 398,206 394,207 390,206
RC8pswdAmV8/00000117.jpg	0	439	101	501	163	437,125 438,133 440,140 442,148 446,155 452,160 459,165 467,167 475,167 481,164 486,159 489,153 491,146 492,139 492,132 491,125 490,119 450,113 453,109 457,106 463,105 467,107 474,106 477,104 481,103 484,104 486,107 472,115 474,120 475,125 477,130 470,135 473,136 476,136 477,135 479,133 456,120 458,119 461,118 464,118 461,120 459,120 477,117 479,115 481,115 483,116 481,117 479,117 465,148 469,145 473,143 475,143 477,142 479,143 480,146 479,147 478,148 476,149 473,149 470,149 467,148 473,146 475,146 477,145 479,146 477,145 475,146 473,146
RC8pswdAmV8/00000117.jpg	1	103	80	211	187	114,133 116,143 119,153 124,163 131,172 139,180 148,187 156,194 168,194 182,191 194,184 205,174 214,163 218,149 219,134 217,118 214,103 115,116 117,110 122,108 129,108 136,109 148,106 156,100 166,97 176,97 186,101 144,118 144,126 144,135 144,143 141,150 146,151 151,152 157,149 163,147 122,125 126,121 131,120 137,122 132,124 127,125 162,116 166,113 172,111 179,112 173,115 168,116 143,166 145,162 149,160 154,161 160,159 170,159 180,161 172,168 164,171 158,171 152,171 147,170 145,165 150,163 156,163 161,162 177,161 162,166 156,167 150,166
RC8pswdAmV8/00000076.jpg	0	354	136	444	226	368,155 367,166 368,177 369,187 372,198 377,208 382,216 389,223 398,226 409,226 420,221 432,216 442,208 449,197 453,185 456,172 458,158 368,150 373,146 379,146 386,148 393,151 405,151 415,148 425,147 434,149 441,154 398,161 397,170 395,178 393,187 386,188 390,191 395,193 401,192 406,190 375,160 380,160 385,160 391,162 385,163 379,163 412,163 418,161 424,162 430,163 424,165 418,165 383,199 387,198 392,198 396,199 401,199 408,199 415,201 408,208 401,210 395,210 391,209 387,206 385,200 392,201 396,202 401,201 412,202 400,205 396,205 391,204
RC8pswdAmV8/00000115.jpg	0	103	80	211	187	113,135 115,145 117,154 122,163 129,171 137,178 146,183 155,188 167,188 181,185 195,179 206,171 215,161 220,149 220,135 219,120 218,105 112,114 113,108 118,105 125,104 132,105 147,101 155,96 165,93 176,93 186,98 140,115 140,121 140,128 140,135 138,145 142,145 146,145 152,143 158,141 119,123 122,118 128,117 134,120 129,123 123,124 159,115 164,109 170,108 178,110 172,113 165,115 142,164 143,159 147,156 151,156 155,154 165,154 178,157 169,164 160,167 156,167 152,168 146,168 144,164 148,160 152,159 156,158 174,158 158,162 154,163 149,163
RC8pswdAmV8/00000115.jpg	1	435	107	487	159	431,128 432,135 433,142 435,150 438,156 443,162 450,166 457,168 464,169 471,167 475,162 478,156 480,149 481,142 482,136 481,129 480,123 442,117 445,113 449,110 454,109 458,110 466,110 469,108 472,108 475,109 477,112 463,118 464,123 465,127 467,132 461,137 463,138 466,138 467,137 469,136 447,122 450,121 453,120 455,121 453,122 450,123 467,119 469,118 472,118 474,119 472,120 470,120 456,150 460,147 463,146 465,146 467,145 469,146 470,148 469,150 467,151 466,152 463,152 460,152 458,150 463,148 465,148 467,147 469,148 467,148 465,149 463,149
RC8pswdAmV8/00000081.jpg	0	354	136	444	226	367,156 366,167 366,178 367,188 369,198 373,208 379,216 386,223 395,226 406,225 417,222 429,216 439,209 447,199 451,187 454,175 456,161 367,151 372,147 379,147 386,148 393,152 404,152 414,149 424,148 434,150 441,156 397,162 396,170 394,178 392,186 385,189 389,191 394,193 399,192 405,190 375,162 379,161 384,162 390,164 384,165 379,164 411,164 417,162 423,163 429,164 423,166 417,166 382,201 386,200 390,199 394,201 399,199 406,201 413,203 406,208 399,210 394,211 390,210 385,207 384,201 390,203 394,203 399,203 410,203 399,205 394,206 390,205
RC8pswdAmV8/00000085.jpg	0	354	136	444	226	366,158 365,169 365,179 367,189 369,199 373,209 378,217 385,223 394,226 405,226 416,222 428,217 438,210 445,200 450,188 452,175 454,162 366,153 371,149 378,149 384,150 391,154 402,153 412,150 422,149 431,151 438,157 396,163 394,171 392,179 390,188 383,190 387,192 392,194 398,193 403,191 373,163 378,162 383,162 388,165 383,166 377,166 409,165 415,163 421,164 427,165 421,168 415,167 381,202 385,201 389,200 393,202 397,201 404,202 411,204 404,209 397,211 393,211 389,210 384,207 383,202 389,203 393,204 397,204 408,204 397,206 393,207 389,206
RC8pswdAmV8/00000073.jpg	0	354	136	444	226	363,151 363,163 363,175 365,186 369,197 375,207 381,215 389,222 398,225 409,224 420,219 431,213 441,204 448,193 452,181 455,167 457,154 366,148 371,145 379,145 387,148 394,151 406,151 415,148 425,146 434,147 442,152 399,161 398,170 397,179 395,187 387,189 392,192 397,194 403,192 408,190 374,160 379,160 385,160 390,162 384,164 379,163 412,163 418,161 424,162 430,162 424,165 418,165 384,200 389,199 393,199 397,200 402,199 408,200 415,201 408,208 402,211 397,211 393,210 388,206 386,200 393,202 397,203 402,202 412,202 402,205 397,206 393,205
RC8pswdAmV8/00000113.jpg	0	116	86	205	176	140,128 141,137 144,146 148,154 152,163 156,172 160,181 166,188 176,189 187,186 196,178 205,168 212,156 216,143 216,129 214,115 212,102 134,119 135,115 139,113 144,114 148,115 157,111 163,106 171,102 178,100 186,102 155,119 155,127 155,135 155,143 152,147 156,149 160,150 165,147 170,144 141,125 143,122 146,121 151,121 148,123 144,124 168,116 170,113 174,112 179,111 176,114 172,116 153,162 154,160 158,159 162,159 166,158 173,157 182,156 176,163 169,167 165,168 160,168 156,166 154,162 159,161 163,161 167,160 179,157 167,163 163,164 159,164
RC8pswdAmV8/00000091.jpg	0	342	128	450	235	365,162 364,173 365,183 367,193 371,203 376,213 381,221 388,228 396,231 406,230 418,226 431,220 442,211 450,201 454,188 455,173 456,159 366,151 369,148 375,148 381,149 387,153 400,150 408,146 418,144 427,146 434,150 393,163 391,172 389,181 387,190 381,192 385,195 390,197 396,195 401,193 372,165 376,164 381,164 387,166 381,167 376,167 407,165 412,163 418,164 424,164 418,167 412,167 380,204 383,202 387,202 391,203 396,202 404,202 411,205 404,212 397,215 392,215 387,214 383,210 383,204 388,205 391,206 396,205 408,205 396,209 391,210 387,208
RC8pswdAmV8/00000095.jpg	0	342	128	450	235	365,162 364,172 364,183 366,193 370,203 374,213 380,221 386,228 395,231 406,230 419,227 431,221 442,213 450,202 454,189 456,174 456,160 365,150 368,146 374,147 380,149 385,152 398,150 407,146 417,144 426,146 434,150 392,163 391,172 389,181 387,189 381,193 385,195 390,197 395,196 401,194 371,164 375,163 380,163 386,166 380,167 375,167 406,165 411,162 417,162 424,163 418,166 412,167 379,205 383,203 387,202 391,204 395,203 403,203 411,206 404,213 396,215 391,215 387,215 383,211 382,205 387,206 391,207 395,206 408,206 395,209 391,210 387,209
RC8pswdAmV8/00000093.jpg	0	342	128	450	235	366,164 365,174 365,184 367,194 370,204 375,214 380,222 386,229 395,232 406,231 418,227 431,222 442,213 449,203 453,190 455,176 456,161 365,151 369,147 374,147 380,149 385,152 399,150 408,145 417,143 426,145 434,150 392,163 391,172 389,181 387,190 381,192 385,195 390,197 396,196 401,193 372,165 376,164 380,165 386,166 381,167 376,168 407,165 412,164 417,164 423,165 418,167 412,167 380,204 383,202 387,202 391,203 396,202 403,203 411,206 404,212 396,215 391,215 387,214 383,211 382,204 387,206 391,206 396,206 408,206 396,209 391,210 387,209
RC8pswdAmV8/00000077.jpg	0	354	136	444	226	368,157 367,167 367,178 368,189 371,199 376,208 382,216 388,223 397,226 408,226 419,221 431,216 441,208 448,198 452,186 455,173 457,160 368,151 373,147 379,147 386,148 393,152 405,151 414,148 424,147 434,150 440,155 398,161 396,169 394,177 392,186 385,188 390,191 394,193 400,191 406,190 376,161 380,161 385,161 390,163 385,164 380,164 412,163 417,162 423,162 429,164 423,165 417,165 383,200 387,198 391,198 395,200 400,199 407,200 414,202 407,208 400,210 395,210 391,209 386,206 385,200 391,201 395,202 400,202 411,202 400,205 395,205 391,204
RC8pswdAmV8/00000111.jpg	0	103	68	211	175	127,120 128,129 130,138 134,148 139,159 144,169 150,178 156,186 167,188 180,186 194,179 206,170 216,159 222,146 223,132 222,117 222,101 118,103 119,98 123,96 128,97 134,100 150,97 159,93 168,91 178,93 187,97 143,113 142,120 141,128 140,137 137,143 141,145 146,146 152,143 158,142 125,114 127,111 132,111 138,115 132,116 127,116 162,113 166,108 173,108 180,110 174,113 167,114 142,159 143,156 146,154 150,155 154,153 166,154 179,156 170,164 160,167 155,167 151,168 146,165 144,159 148,158 151,158 156,157 175,156 158,162 153,162 149,162
RC8pswdAmV8/00000078.jpg	0	354	136	444	226	369,157 368,167 368,178 369,188 372,199 376,209 382,217 389,223 398,226 409,226 420,222 432,216 442,208 449,198 453,186 456,173 457,159 368,151 372,147 379,147 386,148 392,152 404,152 413,148 424,147 433,149 440,155 398,161 396,170 394,178 392,187 386,189 390,192 395,194 401,192 406,190 375,162 380,161 385,161 390,163 385,164 379,164 412,164 417,161 423,162 429,163 423,165 417,165 383,201 388,200 392,199 396,201 400,199 407,200 414,202 407,208 400,210 396,210 392,209 387,206 386,201 392,202 396,203 400,202 411,202 400,205 396,206 392,205
RC8pswdAmV8/00000072.jpg	0	103	68	211	175	130,111 128,119 129,129 131,139 133,150 136,160 141,169 146,178 156,182 170,182 186,178 202,174 215,165 223,152 226,136 227,120 227,105 128,96 130,93 134,94 138,96 142,99 154,99 162,96 171,95 181,96 189,101 146,109 143,115 140,121 137,127 136,134 139,137 144,138 149,137 156,136 133,107 135,106 139,106 143,107 139,108 135,108 165,109 169,107 174,108 180,109 174,110 169,110 141,153 142,149 144,148 148,149 152,148 163,149 176,152 166,158 156,160 151,160 147,159 144,157 143,153 145,150 148,151 153,151 173,153 154,156 150,156 146,154
RC8pswdAmV8/00000003.jpg	0	171	88	245	163	184,121 186,128 188,135 190,142 194,149 197,156 201,163 205,168 212,169 220,168 228,163 236,157 242,149 246,139 247,128 246,117 245,106 182,115 183,112 187,111 191,111 195,113 201,111 206,108 212,105 218,105 225,106 199,118 199,124 199,130 199,136 196,139 199,140 202,141 206,139 210,137 188,119 190,118 193,117 196,118 193,119 190,120 210,115 212,114 215,113 219,113 216,115 213,116 199,150 200,149 202,148 205,148 207,147 213,147 219,147 215,151 210,153 207,154 204,154 201,152 200,150 202,149 205,149 208,149 217,147 209,150 206,151 203,150
RC8pswdAmV8/00000079.jpg	0	354	136	444	226	367,156 366,167 366,178 368,188 370,199 374,209 380,217 387,223 396,226 406,226 418,222 430,217 440,209 447,199 451,187 454,174 456,160 368,151 373,147 380,147 387,149 393,153 404,152 414,149 424,148 433,151 440,156 398,162 396,170 394,179 392,187 385,189 389,192 394,194 400,192 405,191 375,162 380,161 385,161 390,163 384,164 379,164 412,164 417,162 423,163 429,164 423,166 417,166 382,200 386,200 391,199 394,201 399,200 406,201 413,203 406,208 399,210 394,210 390,209 386,206 384,201 390,203 394,203 399,203 410,203 399,205 394,206 390,204
RC8pswdAmV8/00000108.jpg	0	103	68	211	175	121,122 121,132 123,143 128,153 134,164 142,173 149,182 156,190 167,192 181,189 194,182 205,172 215,161 221,146 223,131 221,116 220,101 116,103 117,98 122,97 128,99 135,101 150,100 158,95 168,93 178,94 188,98 143,113 143,121 142,129 142,137 138,145 142,147 148,148 154,145 161,143 123,115 126,111 132,111 138,116 132,117 126,116 162,113 167,109 173,108 180,110 174,113 168,114 142,161 145,159 149,157 153,158 158,156 170,156 183,157 173,166 163,170 157,171 152,171 147,169 145,162 150,161 154,161 159,160 179,158 161,164 155,165 151,165
RC8pswdAmV8/00000092.jpg	0	342	128	450	235	366,164 365,173 366,183 368,193 371,203 375,213 381,221 387,228 396,231 407,230 420,226 433,221 444,212 452,202 455,189 456,175 457,160 365,151 368,147 374,147 380,148 385,152 399,149 408,145 417,143 427,145 434,150 392,163 391,172 389,181 387,190 381,192 385,195 390,197 396,195 401,193 372,166 376,165 381,165 386,166 381,168 376,168 407,165 412,164 417,164 424,164 418,167 412,167 380,204 383,203 387,202 391,203 396,202 403,203 411,205 404,211 397,214 392,214 388,213 384,210 382,204 388,206 391,206 396,206 408,205 396,208 391,209 388,208
RC8pswdAmV8/00000086.jpg	0	342	128	450	235	367,165 366,174 366,185 368,195 370,204 374,214 380,221 386,228 395,231 406,231 419,227 432,223 444,215 451,204 455,192 457,178 458,164 367,152 370,148 376,147 383,148 389,152 402,150 411,145 421,144 430,147 437,153 394,162 392,170 390,179 388,187 382,190 386,193 391,195 397,194 403,192 374,165 377,163 382,163 388,165 383,166 377,166 409,165 415,163 420,163 426,164 421,167 415,166 381,203 384,201 388,200 392,201 397,200 405,202 413,205 405,210 397,212 392,212 388,211 384,208 383,203 388,204 392,204 397,204 410,204 397,207 392,207 388,206
RC8pswdAmV8/00000016.jpg	0	165	76	255	166	180,121 181,129 182,137 185,145 189,153 193,161 198,167 204,172 212,173 223,170 233,165 243,158 250,148 255,138 256,126 254,114 253,102 177,112 178,107 182,106 187,105 193,106 200,104 207,100 215,98 223,97 230,100 197,114 197,120 196,127 196,133 192,140 196,141 201,141 206,139 211,137 182,119 184,117 188,116 193,117 189,119 185,120 211,112 213,109 218,108 224,108 219,111 214,113 194,153 196,151 199,149 203,150 206,148 213,147 222,147 215,151 209,154 206,155 202,156 198,155 196,153 200,152 204,151 207,150 219,148 208,150 204,151 201,151
RC8pswdAmV8/00000120.jpg	0	453	94	515	156	451,119 452,128 453,135 456,143 461,150 466,156 473,160 482,163 489,163 495,160 499,154 502,147 504,140 505,133 506,126 506,119 505,113 463,108 466,104 471,100 476,99 481,101 488,99 491,97 495,97 498,99 501,101 486,110 487,115 488,120 489,125 483,130 486,131 488,132 490,131 492,129 469,115 472,113 475,112 477,113 475,114 472,115 490,111 493,109 495,109 497,110 495,112 493,112 479,144 482,140 486,139 488,139 490,138 492,139 493,141 492,143 490,144 488,145 486,145 483,145 480,143 486,141 488,141 490,141 492,141 490,141 488,142 486,142
RC8pswdAmV8/00000120.jpg	1	103	80	211	187	113,136 114,146 117,156 122,165 130,174 139,182 148,188 158,194 169,194 182,190 194,183 204,174 212,162 217,148 217,133 214,118 210,103 116,121 117,115 122,112 129,111 136,112 149,107 156,102 165,98 175,97 184,101 145,121 145,128 146,135 146,143 141,151 147,152 153,152 158,150 164,147 123,130 127,126 132,124 138,126 133,128 128,129 161,119 164,115 170,113 177,113 172,116 166,118 143,165 146,162 150,160 156,161 160,159 170,159 182,159 173,166 165,169 159,170 154,170 148,169 145,165 152,163 157,163 162,162 178,160 162,165 157,166 152,165
RC8pswdAmV8/00000107.jpg	0	103	68	211	175	123,121 124,130 126,140 131,150 136,161 143,170 150,179 157,186 168,188 181,187 195,181 206,171 216,160 222,146 223,131 222,116 221,100 117,102 119,98 123,97 129,98 135,101 151,100 159,95 168,93 178,93 188,98 144,113 144,121 143,129 142,138 139,145 143,147 149,148 155,145 161,144 124,114 127,110 133,111 138,115 133,116 127,116 163,113 167,108 173,107 181,109 175,113 168,114 144,161 146,159 150,158 153,159 158,157 169,158 182,158 172,165 163,167 158,168 154,168 149,167 147,162 151,162 155,161 159,161 178,159 161,163 156,163 152,163
RC8pswdAmV8/00000119.jpg	0	446	94	508	156	452,121 452,129 453,136 455,143 458,150 463,156 469,161 476,163 483,164 490,161 495,157 500,151 503,145 504,138 505,131 505,124 504,117 460,109 462,105 466,102 471,101 476,102 484,100 488,98 492,98 495,100 498,103 481,111 481,115 482,120 483,125 478,131 480,132 483,132 484,131 486,130 465,116 468,114 470,113 473,114 471,116 468,116 487,112 489,110 491,110 493,111 491,112 489,113 474,145 477,141 480,139 482,140 484,139 487,139 489,142 488,144 485,145 483,146 481,146 477,146 475,145 480,142 483,142 485,141 488,142 485,142 483,143 481,143
RC8pswdAmV8/00000119.jpg	1	103	80	211	187	117,135 118,145 120,155 125,166 132,175 140,183 149,189 157,195 168,195 182,191 193,184 203,174 211,162 215,148 215,133 213,118 210,104 120,123 121,117 126,115 132,113 139,114 150,109 157,104 166,101 176,100 185,104 146,121 146,129 146,136 146,144 141,151 146,152 152,153 159,150 165,147 127,130 129,127 134,125 139,127 135,129 131,130 162,119 165,115 170,114 176,114 172,117 167,119 143,165 145,162 149,161 155,161 159,159 169,158 180,159 172,166 164,170 158,171 153,171 148,169 145,165 151,163 156,163 161,162 177,160 162,165 156,166 151,166
RC8pswdAmV8/00000087.jpg	0	354	136	444	226	364,157 364,168 364,179 366,189 368,199 372,209 378,218 385,225 394,228 405,227 416,223 428,217 438,209 445,198 448,186 451,173 453,159 364,153 369,149 376,149 383,151 389,154 402,154 411,150 420,149 430,151 437,156 395,163 393,172 391,181 390,190 383,191 387,194 392,196 397,194 403,192 372,163 376,162 382,163 387,164 381,166 376,166 408,165 414,163 420,164 426,165 420,167 414,167 379,202 384,201 388,201 392,203 397,201 404,202 411,203 404,209 397,212 392,212 388,211 383,208 382,202 388,204 392,205 397,204 408,204 397,207 392,208 388,207
RC8pswdAmV8/00000110.jpg	0	103	68	211	175	129,120 128,129 130,138 134,148 139,159 144,169 149,179 156,187 167,188 180,186 194,179 206,170 216,159 222,146 223,131 223,116 222,101 119,103 119,98 123,97 128,98 133,101 151,98 159,93 168,91 178,91 188,95 143,112 142,120 141,127 139,135 137,143 141,145 146,145 152,143 158,141 125,115 127,111 133,112 138,116 133,117 127,117 162,113 166,108 173,107 180,109 174,112 168,113 141,160 142,157 146,155 150,155 155,153 166,154 180,155 170,164 160,168 155,169 150,169 145,168 144,161 148,159 151,159 156,158 176,156 158,162 153,163 149,163
RC8pswdAmV8/00000118.jpg	0	446	94	508	156	442,124 443,131 445,139 447,146 452,153 457,158 464,162 472,165 480,165 486,162 491,157 495,151 497,144 498,137 498,130 498,123 496,117 454,110 457,106 462,103 467,102 472,104 479,103 482,100 486,100 489,101 491,103 477,112 478,117 479,122 481,127 475,133 478,133 480,134 482,133 483,131 461,118 463,116 466,115 468,116 466,118 463,118 481,114 483,113 486,112 488,114 486,115 484,115 470,146 474,143 477,141 480,141 481,140 483,141 485,143 484,145 482,146 480,147 478,147 474,147 472,146 478,143 480,143 481,143 484,143 481,143 480,144 478,144
RC8pswdAmV8/00000118.jpg	1	103	80	211	187	116,132 117,142 119,152 124,163 131,172 139,180 148,187 156,194 168,194 183,191 194,184 205,174 213,162 218,149 218,134 217,118 214,103 115,115 117,109 123,107 129,106 136,108 148,105 156,100 166,97 177,97 186,101 144,117 144,126 144,134 144,143 140,150 145,151 151,152 157,149 163,147 123,123 126,119 131,118 137,121 132,123 127,124 161,116 165,112 171,110 178,111 173,115 167,116 143,165 145,162 149,160 154,161 159,159 170,159 180,160 172,168 164,171 158,171 152,171 147,170 145,165 150,163 155,164 161,163 177,161 161,166 156,167 150,166
RC8pswdAmV8/00000075.jpg	0	354	136	444	226	367,154 367,166 367,177 368,188 372,199 377,208 383,217 389,223 398,226 409,225 420,221 432,215 442,207 449,197 453,185 455,171 457,158 368,149 373,146 380,146 387,148 393,151 405,151 415,148 424,146 434,148 441,153 399,161 397,169 396,178 394,187 387,188 391,191 396,193 402,192 407,190 375,160 380,160 385,160 391,162 385,163 380,163 412,163 418,161 424,162 430,163 424,165 418,165 383,200 388,198 392,198 396,200 401,199 408,200 415,202 408,207 401,210 396,210 392,209 387,206 386,200 392,201 396,202 401,202 412,202 401,205 396,205 392,204
RC8pswdAmV8/00000123.jpg	0	467	101	529	163	464,124 465,133 467,141 469,149 473,156 479,162 485,166 494,169 501,169 508,167 513,162 516,155 519,149 520,142 521,135 522,128 522,121 475,113 478,108 483,105 490,104 495,106 504,107 509,105 514,105 518,107 521,111 500,115 501,120 502,125 503,130 496,136 499,137 502,137 504,136 506,135 481,119 484,117 488,117 491,118 488,120 484,120 507,118 510,115 513,116 516,118 513,119 510,119 491,149 495,146 499,144 502,144 504,144 506,145 509,148 506,149 504,150 502,151 500,151 495,151 493,149 499,147 502,147 504,146 507,148 504,147 502,148 500,148
RC8pswdAmV8/00000090.jpg	0	342	128	450	235	366,163 365,173 366,183 368,193 371,203 376,212 381,221 387,227 396,230 406,229 419,225 431,220 442,211 450,201 454,187 456,173 456,159 367,151 370,149 375,148 381,150 386,153 400,150 408,146 417,144 426,146 434,150 392,163 391,172 389,181 387,190 382,192 385,195 390,197 396,196 401,193 373,165 377,164 382,164 387,165 382,167 377,167 407,165 412,163 417,163 423,164 418,166 412,167 381,204 383,202 387,202 391,203 396,202 403,202 411,205 404,211 396,215 392,215 387,214 384,210 383,204 388,205 391,206 396,205 408,205 396,209 391,210 387,208
RC8pswdAmV8/00000094.jpg	0	342	128	450	235	365,164 364,173 365,183 367,193 370,202 374,212 380,221 386,229 394,232 405,231 418,227 431,222 442,213 450,203 454,190 455,175 456,161 365,151 368,148 374,147 380,149 386,152 399,149 408,145 417,143 426,145 434,150 392,163 390,172 388,180 386,189 381,192 384,195 389,197 395,195 401,193 372,166 376,164 381,164 386,166 381,167 376,168 406,165 411,163 417,163 423,164 418,167 412,167 379,204 383,202 387,202 390,203 395,202 403,203 411,205 404,212 396,215 391,215 386,214 382,210 382,204 387,206 391,206 395,206 408,206 395,209 391,209 387,208
RC8pswdAmV8/00000088.jpg	0	342	128	450	235	366,162 365,172 365,183 367,193 370,203 374,213 380,221 386,227 395,230 406,230 418,226 431,221 442,212 449,202 453,189 455,175 456,161 366,151 370,148 376,148 382,149 388,153 401,151 410,147 419,145 428,147 436,152 393,163 392,172 390,180 388,189 382,191 385,194 390,196 396,195 402,193 373,164 377,163 382,163 387,165 382,166 377,166 408,164 413,163 419,163 425,164 419,166 414,166 381,202 384,201 388,201 391,202 396,201 404,202 411,205 404,210 396,212 391,212 387,211 383,208 383,203 388,204 392,205 396,204 408,204 396,207 391,207 388,206
RC8pswdAmV8/00000112.jpg	0	103	68	211	175	124,122 124,130 125,140 130,150 135,161 142,170 148,179 155,187 166,190 179,188 193,181 205,171 215,160 221,147 223,132 222,116 220,101 117,103 118,98 123,97 129,98 134,101 150,100 158,94 168,92 178,93 188,98 143,114 142,121 141,129 141,136 138,144 142,146 147,147 153,144 160,142 123,115 127,112 132,112 138,116 132,117 127,117 162,114 166,109 173,108 180,110 174,114 168,115 142,160 144,157 148,156 152,156 156,155 167,155 180,157 171,166 161,169 156,169 151,169 146,167 145,161 149,160 153,160 157,159 176,158 159,163 154,164 150,163
RC8pswdAmV8/00000089.jpg	0	342	128	450	235	365,163 365,173 365,183 367,193 370,203 374,213 380,221 386,228 395,231 406,230 418,226 431,221 442,213 449,202 453,189 454,175 455,161 367,152 370,149 376,148 382,149 387,152 400,150 409,145 418,144 427,146 434,150 393,163 392,172 390,180 388,189 382,192 386,195 391,197 396,195 402,193 373,166 377,165 382,165 387,166 382,167 377,168 407,165 412,163 418,164 424,164 418,166 413,167 380,204 384,202 388,202 391,203 396,202 404,202 411,205 404,211 397,213 392,214 388,213 384,210 383,204 388,205 392,206 396,205 408,205 396,208 392,209 388,208
RC8pswdAmV8/00000124.jpg	0	474	101	536	163	470,127 471,135 472,143 475,151 478,158 483,164 490,169 498,172 506,172 513,170 518,166 521,160 523,153 524,146 526,139 527,133 527,127 480,114 484,110 489,107 495,107 500,109 509,110 513,109 518,110 522,112 524,116 505,119 506,123 507,128 507,133 501,139 504,140 506,140 508,140 510,138 486,122 489,120 493,119 496,121 493,122 489,123 511,122 514,120 517,121 520,123 517,124 513,123 495,152 500,149 504,147 506,147 508,147 511,148 513,151 511,153 508,154 506,154 504,154 500,154 497,152 504,150 506,150 508,150 511,151 508,150 506,151 504,151
RC8pswdAmV8/00000124.jpg	1	103	80	211	187	117,137 119,146 122,155 126,164 133,173 140,181 148,189 156,196 167,197 181,194 192,187 203,177 212,165 218,152 218,136 216,121 213,106 116,123 117,118 122,116 129,116 135,117 144,113 152,107 163,103 174,102 183,106 141,123 142,131 142,138 142,146 139,153 144,154 149,155 155,152 161,150 123,130 126,127 131,126 136,127 131,129 127,131 159,121 163,117 168,115 175,116 170,119 165,121 142,167 144,164 148,162 153,163 158,161 169,161 180,162 172,170 162,173 157,174 151,174 146,173 144,167 149,165 154,165 159,164 177,162 160,169 155,169 149,169
RC8pswdAmV8/00000122.jpg	0	103	80	211	187	115,136 117,146 119,157 124,167 131,175 140,183 150,189 159,194 171,194 183,190 192,182 202,173 209,161 213,148 212,134 210,120 207,106 120,126 123,120 129,118 136,117 143,118 151,114 159,108 167,104 176,102 184,105 149,124 150,131 151,138 152,146 144,151 150,153 156,154 162,151 168,147 127,132 131,130 135,128 141,128 137,131 132,133 163,121 166,117 171,116 177,115 173,118 168,120 144,165 148,162 153,161 158,162 162,160 170,159 179,159 173,166 166,170 161,171 156,172 150,170 146,165 154,163 159,163 163,162 176,159 164,166 159,167 154,167
RC8pswdAmV8/00000122.jpg	1	460	94	522	156	458,122 459,130 461,138 464,146 469,153 475,159 482,163 490,166 498,166 505,163 509,157 511,150 512,142 513,135 514,128 514,121 513,115 471,110 474,106 479,102 485,102 490,103 497,102 501,99 504,99 508,100 510,103 495,112 496,117 498,122 499,128 493,133 495,134 498,134 500,133 502,132 477,117 480,115 483,115 486,115 484,117 480,118 500,114 502,112 505,111 507,113 505,114 503,114 487,147 492,143 496,141 498,142 500,141 502,142 503,144 502,147 500,148 498,149 496,149 492,148 489,146 496,144 498,144 500,144 502,144 500,144 498,145 496,145
RC8pswdAmV8/00000116.jpg	0	440	101	492	153	437,126 438,133 439,140 441,147 445,154 450,159 456,164 463,166 470,166 476,164 480,160 483,154 485,147 486,140 487,134 486,127 485,121 447,115 450,111 454,108 459,108 463,109 470,108 473,106 476,105 479,107 481,110 468,117 469,122 470,127 471,132 466,137 468,138 470,138 472,137 473,136 452,122 455,120 457,119 460,120 458,122 455,122 472,119 474,117 476,117 478,118 477,119 474,120 461,150 465,147 468,145 470,145 472,144 473,145 475,147 474,149 472,151 470,151 468,151 465,151 463,149 468,147 470,147 472,147 473,147 472,147 470,148 468,148
RC8pswdAmV8/00000116.jpg	1	103	80	211	187	114,132 116,142 119,152 124,162 131,171 139,179 147,186 156,193 168,193 182,190 194,183 205,174 214,162 219,149 219,134 217,118 214,103 115,117 116,112 122,110 128,110 135,111 146,107 154,101 164,98 175,97 185,101 142,118 143,126 142,134 142,143 140,149 144,151 150,151 155,148 161,146 122,125 125,121 130,120 136,122 131,124 126,126 161,116 165,112 171,111 178,111 172,115 166,116 143,165 145,162 148,159 154,160 158,158 168,158 179,159 171,165 163,168 157,168 152,169 147,168 146,165 150,163 155,162 160,161 175,160 161,163 155,164 150,164
RC8pswdAmV8/00000096.jpg	0	342	128	450	235	365,160 363,170 364,181 365,191 369,201 373,211 378,220 385,227 393,230 404,230 416,226 429,221 440,213 448,202 452,189 454,174 454,160 365,148 368,145 374,146 380,148 385,152 399,150 407,146 417,144 426,145 434,149 392,163 391,172 389,180 387,189 381,192 385,195 390,197 395,195 401,193 371,163 375,161 381,162 386,165 380,167 374,166 406,164 411,161 417,161 424,163 418,166 412,166 379,203 382,202 387,202 390,203 395,202 402,203 411,206 403,213 395,216 390,216 386,215 382,211 381,204 387,205 390,206 395,206 407,206 395,209 390,210 387,209
RC8pswdAmV8/00000074.jpg	0	354	136	444	226	364,152 363,163 364,175 366,186 370,197 376,207 382,215 389,222 398,225 409,224 419,219 431,213 440,204 448,194 452,182 454,168 456,155 367,148 372,145 380,145 387,148 394,151 406,151 415,148 425,146 434,148 441,153 399,161 398,170 397,178 396,187 387,189 392,192 397,194 403,192 408,190 374,160 379,160 385,160 390,162 385,163 379,163 412,163 418,161 424,162 430,162 424,165 418,165 383,199 388,199 393,198 397,200 402,199 408,200 415,201 408,208 402,210 397,211 393,210 388,206 386,200 393,201 397,202 402,202 412,201 402,205 397,205 393,204
RC8pswdAmV8/00000080.jpg	0	354	136	444	226	367,158 367,168 367,179 368,189 370,199 374,208 380,216 387,222 396,225 407,225 418,221 430,216 440,208 447,198 451,187 454,174 456,161 368,151 373,147 380,147 387,149 393,152 404,152 414,148 424,148 433,150 440,156 398,162 396,170 394,178 392,186 385,188 389,191 394,193 400,192 405,190 375,162 380,161 385,162 390,164 384,165 379,165 412,164 417,162 423,163 429,164 423,166 417,166 382,201 387,200 391,199 395,201 399,200 405,201 413,203 406,208 399,210 394,210 390,209 386,206 385,201 391,203 395,203 399,203 410,203 399,205 394,205 391,204
RC8pswdAmV8/00000109.jpg	0	103	68	211	175	123,121 123,131 125,141 130,152 136,163 143,172 150,181 157,188 167,190 181,188 194,181 206,172 216,161 222,147 224,133 223,118 222,103 117,103 118,98 123,98 129,99 135,102 151,100 160,96 169,94 179,95 189,100 144,114 144,121 143,129 142,138 138,145 142,147 148,148 154,146 161,144 124,114 127,111 133,111 139,115 133,116 127,116 163,114 168,109 174,109 181,111 175,114 169,114 141,160 144,158 148,157 152,158 157,156 169,157 182,157 172,166 162,169 157,170 152,170 146,168 144,161 149,160 153,160 158,160 178,159 160,164 155,164 151,164
RC8pswdAmV8/00000114.jpg	0	116	86	205	176	139,128 140,136 143,145 147,154 152,162 156,172 161,181 167,187 176,188 187,185 197,177 205,167 212,156 216,143 217,129 215,115 212,101 135,119 136,115 139,114 144,114 149,115 157,112 163,106 170,102 178,100 186,102 155,120 155,127 155,135 155,143 152,147 156,149 160,150 165,147 170,144 142,125 143,123 147,121 151,121 148,123 145,125 168,116 170,113 174,112 179,111 175,114 172,116 155,161 156,158 159,157 163,157 166,156 174,155 182,155 177,161 170,165 166,166 162,167 159,165 157,161 160,159 164,159 168,158 180,156 169,162 164,163 161,163
RC8pswdAmV8/00000084.jpg	0	354	136	444	226	366,158 365,169 365,179 366,190 369,200 373,209 378,217 384,224 394,227 405,227 417,224 429,218 439,211 446,200 450,188 453,175 455,162 367,152 371,149 378,149 385,150 391,154 403,154 412,150 422,149 431,152 438,157 396,163 394,171 392,179 390,187 384,190 388,192 392,194 398,193 403,192 374,163 378,162 383,162 389,164 383,166 378,165 410,165 415,163 421,164 427,165 421,167 415,167 381,202 385,201 389,200 393,202 398,201 404,202 412,204 405,210 397,211 393,211 389,210 384,207 383,202 389,203 393,204 398,204 409,204 398,207 393,207 389,206
RC8pswdAmV8/00000121.jpg	0	460	94	522	156	458,121 459,128 460,136 462,144 466,151 471,157 477,161 485,164 493,164 500,162 505,156 509,150 513,143 515,136 515,129 515,122 514,115 468,108 471,104 476,100 481,100 485,101 493,100 496,98 500,97 504,99 507,102 490,110 491,115 492,120 493,126 488,131 490,132 493,132 494,131 496,130 474,115 476,113 479,112 482,114 480,115 477,116 495,112 498,110 500,110 503,111 501,112 498,113 483,145 487,141 490,139 492,140 494,139 496,140 498,142 496,144 494,145 493,146 490,146 487,146 485,145 490,142 492,142 494,142 497,142 494,142 492,143 490,143
RC8pswdAmV8/00000121.jpg	1	103	80	211	187	110,134 112,145 115,156 121,165 128,175 138,182 148,188 158,194 170,195 182,191 193,184 203,173 210,161 214,147 214,132 211,117 208,103 116,123 118,117 125,114 132,114 140,115 150,111 157,105 167,101 176,100 185,104 147,122 148,130 149,137 150,144 142,151 148,152 154,153 161,150 166,147 124,130 128,127 133,125 139,127 134,129 129,130 161,120 165,116 170,114 177,114 172,118 167,119 143,166 147,162 152,161 157,162 161,160 171,159 180,159 173,167 165,171 160,172 154,172 149,170 145,165 153,163 158,163 162,162 177,160 163,167 158,168 153,167
