SaE3_3bmAU0/00000015.jpg	0	585	90	621	126	591,102 590,106 589,109 590,113 590,117 590,121 592,124 594,127 599,128 604,129 610,128 615,126 619,122 621,118 622,114 623,109 624,105 592,96 594,95 596,95 598,95 600,97 605,97 608,96 611,96 615,97 617,99 602,101 601,104 600,108 600,111 597,113 598,114 600,114 602,114 603,114 594,101 595,100 597,101 599,102 597,103 595,102 607,103 609,102 612,102 613,103 612,104 609,104 594,117 596,117 598,117 600,118 601,118 605,118 608,119 604,120 601,120 599,120 598,119 596,118 595,117 598,119 600,119 601,119 607,119 601,118 600,118 598,117
SaE3_3bmAU0/00000056.jpg	0	577	94	640	156	586,115 585,121 584,127 583,134 584,140 586,147 590,152 596,157 603,159 612,158 620,156 627,152 632,146 636,140 637,133 639,126 640,119 590,108 593,105 597,104 601,105 605,107 613,107 618,106 623,107 628,108 632,112 609,113 607,118 606,123 605,128 600,130 602,131 605,133 609,132 612,131 593,114 596,112 599,112 602,115 599,115 596,115 617,116 620,114 623,114 626,116 623,117 620,117 593,136 597,135 602,136 605,137 609,136 615,137 621,138 615,143 609,144 604,144 601,143 596,141 594,137 601,138 605,138 609,138 619,139 609,141 605,141 601,140
SaE3_3bmAU0/00000083.jpg	0	554	86	643	176	573,121 572,129 572,139 574,148 576,158 579,168 584,176 591,183 601,185 613,184 626,180 637,174 646,165 651,154 654,142 655,130 656,118 575,106 578,102 583,101 588,101 593,103 604,102 612,99 620,99 627,101 634,105 598,113 596,120 595,126 594,133 590,139 593,141 596,142 601,140 606,138 580,117 583,115 587,115 592,117 587,118 583,118 613,115 617,113 622,113 626,115 622,117 617,117 588,154 590,149 594,147 598,148 603,147 610,148 618,153 611,159 604,162 599,163 594,162 591,160 590,154 594,150 598,150 603,150 616,153 604,157 599,158 594,157
SaE3_3bmAU0/00000022.jpg	0	578	98	621	142	591,111 589,115 588,119 588,123 588,127 588,131 590,135 593,138 597,139 603,140 609,140 614,138 618,135 621,131 623,126 624,122 625,117 592,106 594,104 597,105 600,105 602,107 607,108 611,108 614,108 618,110 620,112 604,111 603,114 602,117 601,120 597,122 599,123 600,124 603,124 605,123 594,110 596,110 598,110 600,111 598,111 596,111 609,113 612,112 614,113 615,114 613,114 611,114 592,126 595,126 598,126 600,127 602,127 605,128 608,129 604,130 600,130 598,129 597,129 594,128 593,126 598,128 599,128 601,129 607,129 601,128 599,128 597,127
SaE3_3bmAU0/00000069.jpg	0	585	96	660	171	597,126 597,134 598,141 600,149 602,158 605,166 610,172 617,176 626,178 637,176 646,172 654,166 659,158 661,149 662,140 663,131 663,122 600,113 603,109 608,107 613,107 618,109 628,109 633,107 640,106 646,108 650,112 623,117 623,123 623,128 622,134 617,139 620,140 623,141 627,140 630,138 605,121 608,118 612,118 616,121 612,122 608,122 633,120 637,117 641,117 645,120 641,121 637,121 611,151 615,147 620,145 624,146 628,145 634,146 640,150 635,156 629,158 624,159 620,159 615,157 613,151 620,148 624,148 628,147 638,150 629,155 624,156 620,155
SaE3_3bmAU0/00000082.jpg	0	545	80	653	187	577,124 575,133 576,142 578,152 580,161 582,171 587,179 594,186 604,188 616,187 629,183 640,176 649,168 655,157 658,146 659,134 660,122 580,108 583,105 587,104 592,105 597,106 608,105 615,103 622,103 630,105 636,107 601,117 600,123 598,130 597,137 592,141 595,143 599,145 604,143 609,141 584,121 587,118 591,118 595,120 591,122 587,122 616,119 620,116 625,117 629,119 625,120 620,120 591,158 593,152 597,150 601,151 606,150 614,151 621,157 614,162 607,165 602,165 598,165 594,163 593,157 598,153 601,153 606,153 619,156 607,160 601,160 597,160
SaE3_3bmAU0/00000076.jpg	0	583	76	673	166	601,109 599,116 599,125 601,133 603,142 604,151 608,160 614,167 623,169 636,168 648,164 658,159 667,151 672,141 675,131 676,121 678,110 603,96 605,92 610,90 616,90 620,92 631,91 637,89 645,89 652,92 657,96 624,102 622,107 620,113 618,118 615,124 618,126 621,127 625,126 629,124 607,105 610,102 614,102 618,105 614,106 610,106 637,104 641,101 646,102 650,105 645,105 641,105 613,139 614,133 618,131 622,132 626,131 634,133 642,139 634,146 627,148 622,148 618,148 614,145 614,139 619,134 622,134 627,134 639,139 627,144 622,144 618,144
SaE3_3bmAU0/00000067.jpg	0	577	88	652	163	588,120 588,128 589,136 590,144 593,152 596,160 602,166 610,170 619,171 628,169 637,165 644,159 649,151 651,142 652,132 652,124 653,114 591,110 594,106 599,104 604,104 609,106 618,105 624,103 631,102 637,105 642,109 614,113 615,119 615,125 616,131 609,136 612,137 616,138 619,136 622,135 597,117 599,115 603,115 607,117 603,118 600,118 623,116 627,114 631,114 635,116 631,116 627,116 602,146 607,144 612,143 616,143 620,142 626,142 631,144 626,150 621,153 617,153 612,153 607,152 604,146 612,145 616,145 620,144 629,144 621,149 616,150 612,150
SaE3_3bmAU0/00000010.jpg	0	578	84	621	127	588,103 587,106 587,109 588,113 588,116 588,120 589,123 591,126 595,127 600,128 606,127 611,125 615,122 618,118 619,113 619,109 620,104 588,95 589,94 591,95 593,95 595,97 598,97 602,96 605,96 608,97 611,99 596,101 595,104 594,107 593,110 592,112 593,113 594,114 596,113 598,113 589,101 591,100 593,100 594,101 592,102 590,102 602,102 604,101 606,102 608,103 606,104 604,103 592,118 593,117 594,117 595,118 596,117 599,118 603,119 599,120 596,120 595,120 594,119 593,119 593,118 594,118 595,119 596,119 602,119 596,118 595,118 594,117
SaE3_3bmAU0/00000019.jpg	0	581	94	617	130	591,105 590,109 589,112 589,116 588,120 589,124 590,128 592,131 596,133 601,133 607,133 613,131 617,129 620,125 622,121 623,116 625,112 592,99 594,98 597,98 599,99 601,101 605,102 609,102 613,102 616,104 618,106 602,106 601,109 600,112 599,115 596,116 597,117 599,118 601,118 603,118 594,104 596,104 598,104 599,106 597,106 595,105 608,108 610,107 612,107 614,109 612,109 610,109 592,120 595,120 597,121 598,122 600,122 603,123 607,123 602,124 599,124 597,124 596,123 594,122 593,120 597,122 598,123 600,123 606,123 600,122 598,122 596,121
SaE3_3bmAU0/00000049.jpg	0	584	87	646	149	592,108 591,114 590,119 591,125 592,131 593,137 597,143 602,147 609,149 617,148 624,145 630,141 634,135 637,128 639,122 639,116 640,110 595,102 598,100 602,99 606,99 610,101 616,101 620,99 625,99 630,101 633,104 613,106 612,111 611,115 610,120 605,121 608,123 611,124 614,123 617,122 599,107 601,106 604,106 607,108 604,108 601,108 619,108 622,106 625,106 628,108 625,109 622,108 600,128 604,127 608,128 611,128 614,128 619,128 624,129 619,134 614,135 610,136 607,135 603,133 601,128 608,129 611,129 614,129 622,129 614,133 611,133 607,133
SaE3_3bmAU0/00000081.jpg	0	563	86	653	176	582,126 580,134 581,143 583,152 584,162 586,172 591,181 597,187 608,189 620,188 632,184 644,177 652,169 658,159 661,147 663,136 664,125 584,111 587,107 592,105 597,106 602,108 612,107 620,104 628,104 635,107 642,110 606,117 604,124 602,130 601,137 597,143 600,144 603,146 608,144 612,142 588,122 591,119 596,119 600,121 596,123 591,123 620,120 624,118 629,118 634,121 629,122 625,122 595,159 597,152 601,150 605,151 610,150 617,152 625,158 618,163 611,166 606,166 601,166 597,164 597,158 601,154 605,153 610,153 623,157 610,161 605,162 601,161
SaE3_3bmAU0/00000085.jpg	0	554	76	643	166	569,110 568,119 568,129 571,138 574,148 577,158 581,167 587,175 597,177 609,176 622,172 634,165 644,156 650,145 653,133 655,120 656,108 571,94 574,90 579,89 584,90 589,92 601,92 608,89 617,89 625,91 632,94 594,103 593,110 591,118 590,125 586,130 589,132 592,134 597,132 602,130 576,107 579,105 583,105 588,107 583,108 579,109 609,106 614,103 619,103 624,106 619,107 614,107 584,146 586,141 590,139 594,140 599,139 606,140 614,145 607,151 600,154 595,155 591,154 587,152 586,145 591,142 594,142 599,142 612,145 599,149 594,149 590,149
SaE3_3bmAU0/00000073.jpg	0	594	88	668	163	606,114 604,122 604,130 606,138 607,147 609,156 613,164 619,170 629,172 641,172 652,168 661,162 668,154 673,146 676,136 677,126 679,116 608,101 611,97 616,95 621,95 626,98 636,97 643,95 650,95 657,98 662,102 629,107 628,112 626,118 625,123 621,129 624,130 627,131 631,130 635,129 612,111 615,108 619,108 623,110 619,111 615,112 642,110 646,107 651,108 655,111 650,111 646,111 617,144 620,138 624,136 628,136 632,136 639,138 646,144 639,150 633,152 628,152 624,152 620,150 619,144 624,139 628,139 632,139 644,144 632,148 628,148 624,148
SaE3_3bmAU0/00000045.jpg	0	579	95	631	147	583,110 582,116 583,121 583,127 584,133 586,138 590,143 596,147 602,148 609,147 616,144 621,139 625,133 627,126 627,120 628,114 628,108 586,105 588,102 592,101 596,101 600,102 605,102 610,100 614,100 619,101 622,103 603,107 603,111 602,115 602,120 598,122 600,124 602,125 605,124 608,122 589,109 592,107 594,107 597,108 594,109 592,109 609,108 612,106 615,106 618,107 615,108 612,108 592,129 596,128 600,128 602,129 605,128 610,128 614,129 610,134 606,136 603,137 599,136 595,134 594,130 600,130 602,130 606,130 613,130 606,134 602,134 599,134
SaE3_3bmAU0/00000091.jpg	0	526	53	655	182	567,108 565,118 565,129 568,139 573,149 576,159 580,169 584,177 593,180 606,179 620,175 634,168 645,158 653,146 657,131 657,116 657,101 567,85 570,82 575,82 580,83 585,87 597,85 606,82 614,80 623,82 630,87 590,100 588,109 585,117 583,126 580,131 583,134 587,135 592,133 598,132 571,101 574,96 580,97 585,103 579,105 574,105 606,102 610,96 617,96 623,100 617,104 611,105 582,149 583,144 586,142 590,143 595,142 603,144 611,149 604,155 596,158 591,159 587,158 584,154 584,148 587,146 590,146 595,145 607,149 595,152 590,152 587,151
SaE3_3bmAU0/00000031.jpg	0	583	94	626	137	589,107 588,112 588,116 588,121 589,126 591,132 594,136 598,140 603,142 609,141 615,139 620,135 623,130 625,125 627,119 627,114 628,108 591,103 593,101 597,100 600,100 603,102 608,102 611,100 615,100 619,102 622,104 605,106 604,109 604,113 603,117 599,119 601,120 603,121 606,120 608,119 594,106 596,105 598,106 600,107 598,107 596,107 610,107 613,106 615,106 617,107 615,107 613,107 595,124 598,123 601,124 603,124 606,124 610,124 614,125 610,129 606,131 603,132 601,131 598,129 597,125 601,125 603,125 606,125 613,125 606,129 603,129 601,129
SaE3_3bmAU0/00000031.jpg	1	602	194	645	238	604,208 604,213 605,218 606,223 607,228 610,231 613,234 616,237 620,238 625,238 631,236 636,234 640,230 643,225 644,220 645,214 645,208 608,201 610,199 613,199 616,199 619,201 625,201 629,200 632,199 636,200 639,202 621,206 621,210 621,213 621,217 617,219 619,220 621,221 623,220 625,219 611,207 612,205 615,205 617,207 615,208 612,208 628,208 630,206 632,206 635,207 633,208 630,208 613,225 616,224 619,224 621,225 623,224 627,225 630,226 627,228 624,229 621,230 619,229 616,228 614,225 619,226 621,226 623,226 629,226 623,227 621,227 619,227
SaE3_3bmAU0/00000055.jpg	0	577	94	640	156	588,110 587,116 586,123 585,129 586,136 588,143 592,148 598,152 605,154 614,154 622,151 629,147 633,141 636,135 638,128 640,121 641,114 591,104 594,101 598,101 603,101 607,103 615,104 620,103 625,103 630,105 633,108 610,109 609,114 608,119 607,124 602,126 604,127 607,129 611,128 614,127 595,109 597,108 600,108 603,110 600,110 597,110 618,111 622,110 625,110 628,112 624,112 621,112 595,132 600,132 604,132 608,133 612,133 617,133 623,134 617,138 611,139 607,139 603,139 599,137 597,132 604,133 607,134 611,134 621,134 611,137 607,137 604,136
SaE3_3bmAU0/00000035.jpg	0	573	95	625	147	580,115 579,119 579,124 580,129 581,134 583,139 586,143 591,146 596,147 603,147 609,145 613,141 617,136 619,130 620,124 620,119 620,114 583,109 585,107 589,106 592,106 595,108 600,108 604,106 608,106 611,107 614,109 597,111 597,115 597,119 596,123 593,125 595,126 597,127 599,126 602,125 586,113 589,112 591,112 593,113 591,113 588,113 603,113 606,111 608,111 610,112 608,113 606,113 588,131 591,130 595,130 597,131 600,130 603,130 608,131 604,135 600,136 597,137 595,136 591,135 590,131 595,132 597,132 599,131 606,131 600,134 597,135 595,134
SaE3_3bmAU0/00000051.jpg	0	584	84	636	136	592,101 591,107 591,113 591,119 592,125 594,131 598,136 603,140 610,142 618,142 625,139 631,134 636,129 639,122 640,116 641,109 642,103 594,95 597,93 601,92 605,93 609,94 618,95 622,93 627,93 631,94 634,97 613,100 612,105 611,109 611,114 606,116 608,117 611,118 614,117 617,116 598,101 601,99 604,99 607,102 604,102 601,102 620,102 623,100 626,100 629,101 626,102 623,102 600,121 604,121 608,121 611,122 615,121 620,121 625,122 620,128 614,130 611,131 607,130 603,127 601,122 608,122 611,123 615,123 624,123 615,127 611,128 608,127
SaE3_3bmAU0/00000039.jpg	0	567	84	619	136	575,103 575,108 575,113 576,117 577,122 579,127 583,131 588,134 594,135 600,134 606,132 611,128 614,122 615,117 616,111 616,106 616,101 578,97 580,94 584,93 587,93 591,94 596,94 600,92 604,92 608,93 611,95 594,99 593,103 593,107 593,111 589,113 591,115 593,115 596,114 598,113 581,101 583,99 586,99 589,101 586,101 583,101 599,100 602,98 605,98 607,99 605,100 602,100 585,120 588,119 591,119 594,119 596,119 600,119 604,119 600,123 596,124 594,125 591,125 588,123 586,120 591,121 594,121 596,120 602,120 596,122 594,122 591,122
SaE3_3bmAU0/00000025.jpg	0	583	98	626	142	593,109 591,113 590,117 590,122 590,126 590,131 592,134 595,137 599,139 605,139 611,138 616,136 620,133 623,129 625,124 626,119 627,115 595,105 597,103 600,103 602,104 605,105 609,106 613,106 616,106 620,108 622,110 606,110 605,113 604,116 603,119 600,121 601,122 603,123 605,123 607,122 597,109 599,109 601,109 602,110 600,110 598,110 611,112 614,111 616,112 617,113 615,113 613,113 595,125 598,125 600,125 602,126 604,126 607,127 610,128 606,129 603,129 601,128 599,128 597,127 596,125 600,127 602,127 604,127 609,128 603,127 601,127 599,126
SaE3_3bmAU0/00000095.jpg	0	533	68	641	175	562,111 559,121 559,131 563,142 567,152 571,163 574,174 578,184 588,188 602,187 617,182 631,174 643,164 652,151 656,135 657,120 657,105 561,91 563,87 568,87 573,89 578,91 591,91 599,87 609,85 618,87 626,91 583,104 581,112 578,121 575,130 573,135 576,138 580,139 585,138 591,136 565,104 568,99 574,100 579,105 574,107 568,107 600,105 604,99 612,99 617,104 612,107 605,107 574,152 575,147 578,146 582,147 587,146 597,148 608,153 598,160 589,163 584,164 580,163 576,158 576,152 579,150 582,151 587,150 604,153 588,157 583,157 579,156
SaE3_3bmAU0/00000066.jpg	0	577	88	652	163	584,114 584,122 585,129 587,137 589,145 592,153 598,159 605,163 615,164 624,163 633,158 640,152 644,144 646,136 647,127 648,118 648,109 588,105 591,101 596,99 601,99 606,101 614,100 620,98 627,97 633,99 637,103 611,108 611,113 612,119 612,125 606,129 609,130 612,131 616,130 619,128 593,112 596,110 599,110 603,111 600,112 596,112 620,110 624,108 627,108 631,110 627,110 624,111 598,138 603,137 608,136 612,136 616,135 622,135 628,137 623,143 618,146 613,147 609,147 603,145 600,139 608,138 613,138 617,138 626,137 617,143 613,143 608,143
SaE3_3bmAU0/00000027.jpg	0	583	94	626	137	593,104 591,108 590,113 590,117 590,122 591,126 594,130 597,133 602,134 608,135 614,134 619,131 622,128 625,123 627,118 628,114 629,109 594,99 597,97 600,97 603,98 606,100 610,101 614,100 618,100 621,102 624,104 607,104 606,108 605,111 605,115 600,116 602,117 604,118 607,118 609,117 597,103 599,103 601,103 603,105 600,104 598,104 612,106 615,105 617,106 619,107 617,107 615,107 596,120 599,119 602,120 604,120 606,120 609,121 613,122 609,124 605,125 603,125 600,124 598,123 597,120 601,121 603,122 606,122 612,122 605,123 603,123 601,122
SaE3_3bmAU0/00000093.jpg	0	526	53	655	182	568,108 565,118 564,129 568,140 573,150 576,161 579,172 584,181 593,185 605,184 620,180 634,172 647,161 656,148 660,133 661,117 660,101 566,87 569,84 574,84 579,86 584,89 596,88 604,84 613,83 623,84 630,89 588,101 586,110 583,118 581,127 578,133 581,135 585,137 590,135 596,133 570,101 573,97 579,97 585,102 579,104 573,105 605,102 609,96 617,97 622,101 617,105 610,105 580,149 581,145 585,143 588,144 593,143 602,145 613,150 604,158 595,161 590,161 586,161 583,156 582,150 586,147 589,147 594,147 609,150 594,154 589,155 586,154
SaE3_3bmAU0/00000013.jpg	0	578	84	621	127	589,102 589,106 588,109 589,113 589,117 590,121 591,124 594,127 598,128 603,129 609,128 614,126 618,122 621,118 622,113 623,109 623,104 590,96 591,95 594,95 596,96 598,97 603,97 606,96 609,96 613,97 615,99 600,101 599,104 598,107 598,111 595,112 597,113 598,114 600,114 602,113 592,101 593,100 595,100 597,102 595,102 593,102 606,102 608,101 610,102 612,103 610,104 608,103 594,117 595,117 597,117 598,118 600,118 603,118 607,119 603,120 600,120 598,120 596,119 595,118 594,117 597,119 598,119 600,119 606,119 600,118 598,118 597,117
SaE3_3bmAU0/00000077.jpg	0	585	80	660	155	598,112 596,120 596,129 598,138 600,147 602,156 606,164 612,170 621,173 633,172 645,168 655,162 663,154 668,145 671,134 673,124 675,113 599,98 602,94 607,92 612,92 617,94 628,94 635,91 643,92 650,95 656,99 621,104 619,110 618,115 616,121 613,127 615,128 618,129 622,129 626,127 604,108 606,105 611,105 615,107 611,108 606,109 634,107 639,104 644,104 648,107 643,108 639,108 610,142 611,136 616,135 619,135 624,135 631,136 639,142 632,149 625,152 620,152 616,152 612,149 611,142 616,138 619,138 624,138 636,142 624,148 620,148 616,147
SaE3_3bmAU0/00000034.jpg	0	578	98	621	142	583,114 582,119 582,124 583,129 584,134 586,139 589,144 593,147 599,148 605,148 611,146 616,142 619,137 621,131 623,126 623,120 624,115 585,109 588,107 591,106 595,106 598,108 603,108 606,106 611,106 615,108 618,110 600,112 600,115 599,119 599,123 595,125 597,127 599,128 602,127 604,126 588,113 591,111 593,111 596,113 593,113 591,113 606,113 608,112 611,112 613,113 611,114 608,113 591,131 594,131 597,131 599,131 602,131 606,131 610,131 606,136 602,138 599,138 597,138 594,136 592,132 597,132 599,132 602,132 609,132 602,135 599,136 597,135
SaE3_3bmAU0/00000029.jpg	0	588	89	631	132	591,102 590,107 589,111 590,116 590,121 592,126 595,130 598,134 603,135 609,135 615,133 620,130 623,126 626,121 627,115 628,110 628,105 594,98 596,96 599,96 602,96 605,98 609,98 612,97 616,97 620,98 623,100 606,101 606,105 605,109 604,113 601,115 603,116 605,117 607,116 609,115 596,102 598,101 600,101 602,102 600,103 598,103 612,103 614,102 616,102 618,103 616,104 614,104 598,119 600,119 603,119 605,120 607,120 610,120 615,120 610,124 607,125 605,125 602,125 600,123 599,120 603,121 605,121 607,121 613,121 607,123 605,123 603,122
SaE3_3bmAU0/00000078.jpg	0	573	76	663	166	595,116 594,124 593,133 595,141 596,151 598,161 602,169 608,176 618,178 630,177 642,174 653,168 661,160 667,150 670,139 672,129 674,118 598,101 601,98 605,96 610,96 615,98 625,98 632,95 640,95 647,98 653,102 618,108 617,114 615,119 613,126 609,131 612,133 615,134 619,133 624,132 602,112 605,110 609,110 613,111 609,113 605,113 632,111 636,108 641,109 645,112 641,112 636,112 607,147 609,141 613,139 616,140 621,139 629,141 637,147 629,154 622,156 617,156 613,156 609,153 609,147 613,143 617,143 621,142 634,147 621,152 617,152 613,151
SaE3_3bmAU0/00000070.jpg	0	594	96	668	171	601,125 601,132 602,140 603,148 605,156 607,165 612,171 619,176 629,178 640,177 649,173 658,167 663,159 666,150 667,141 668,132 668,123 604,112 607,108 612,106 617,106 622,108 632,108 638,106 645,106 651,108 656,111 627,116 626,122 626,127 626,132 620,138 623,139 627,140 630,139 634,137 609,120 612,117 616,117 620,120 616,120 612,121 638,119 642,117 646,117 650,119 646,120 642,120 615,151 618,146 623,144 627,145 632,144 638,145 644,150 639,156 632,158 628,159 623,159 618,157 617,151 623,147 627,147 632,147 642,150 632,155 628,155 623,155
SaE3_3bmAU0/00000072.jpg	0	594	88	668	163	606,119 605,127 605,134 607,143 608,151 610,160 614,168 620,173 630,175 641,174 651,171 661,166 668,158 672,150 674,140 676,131 677,121 608,106 611,102 615,100 621,100 626,102 636,102 643,100 650,100 656,103 661,107 630,111 629,117 627,122 626,127 622,133 625,134 628,135 632,134 635,133 612,115 615,112 619,112 623,115 619,116 615,116 642,114 646,111 651,112 655,115 650,116 646,116 618,148 620,142 625,139 629,140 633,139 640,141 646,147 640,153 634,155 629,156 625,155 621,153 620,147 625,142 629,142 633,142 644,147 634,151 629,152 625,151
SaE3_3bmAU0/00000038.jpg	0	567	90	619	141	576,108 575,112 575,117 576,122 578,127 580,131 583,135 588,139 594,140 600,139 606,136 610,132 614,127 615,121 616,115 616,110 615,105 578,102 580,100 583,98 587,98 590,100 596,99 599,97 603,97 607,98 610,100 593,104 593,108 593,112 593,116 589,118 591,119 593,120 596,119 598,118 582,106 584,104 586,104 589,105 586,106 584,106 599,104 601,103 604,103 606,104 604,105 602,105 585,123 588,123 591,123 594,123 596,123 600,123 604,123 600,127 597,129 594,129 591,129 588,127 587,124 591,124 594,124 596,124 603,123 596,127 594,127 591,127
SaE3_3bmAU0/00000014.jpg	0	585	90	621	126	590,102 589,106 589,109 589,113 589,117 590,121 592,124 594,127 598,128 604,128 609,127 614,126 618,122 621,118 622,114 623,109 623,104 591,96 592,95 594,95 597,95 599,97 603,97 606,96 610,96 613,97 616,99 601,101 600,104 599,107 598,111 596,112 597,113 599,114 601,114 603,113 593,101 594,101 596,101 598,102 596,102 594,102 606,103 608,102 611,102 613,103 611,104 608,104 594,117 596,117 598,117 599,118 601,117 604,118 608,118 604,120 601,120 599,120 597,119 596,118 595,117 598,118 599,119 601,119 607,118 601,118 599,118 598,118
SaE3_3bmAU0/00000079.jpg	0	573	86	663	176	591,121 589,129 590,138 591,147 593,156 594,167 599,175 605,182 615,184 627,183 639,179 650,173 658,165 664,155 668,144 670,134 671,122 594,107 597,103 601,102 607,102 611,104 622,103 629,101 637,101 644,103 650,107 615,114 613,120 611,126 610,132 606,138 609,140 612,141 617,139 621,138 598,118 600,115 605,115 609,117 605,119 601,119 629,117 633,114 638,115 642,117 638,118 633,118 603,153 605,147 609,145 613,146 618,145 625,147 633,153 626,159 619,161 614,162 609,161 606,159 605,153 609,148 613,148 618,148 631,153 618,157 614,157 610,157
SaE3_3bmAU0/00000092.jpg	0	526	53	655	182	568,107 565,117 565,128 568,138 573,147 576,158 579,169 584,179 593,182 605,182 620,178 634,170 646,160 655,147 658,132 659,117 659,101 567,85 570,82 574,82 580,84 584,87 597,86 605,82 614,80 623,83 631,87 590,100 587,108 585,117 583,125 579,131 582,133 587,135 592,133 597,132 571,101 574,97 580,98 585,102 579,104 574,104 606,102 610,97 617,98 623,101 617,104 611,104 581,148 582,143 586,142 589,143 594,142 603,144 612,149 604,156 596,160 590,161 587,160 583,155 583,148 586,146 590,146 595,146 608,149 595,153 590,153 587,152
SaE3_3bmAU0/00000086.jpg	0	554	76	643	166	568,108 566,117 567,127 570,136 573,146 576,156 580,166 586,174 596,176 608,175 621,171 633,164 643,155 650,144 653,132 655,119 657,106 569,90 573,86 578,86 583,86 588,89 600,88 608,85 617,85 625,87 632,91 593,101 591,108 590,115 588,123 585,129 588,131 591,132 596,130 601,128 574,104 578,102 582,102 587,104 582,106 578,106 609,103 613,101 619,101 624,103 619,105 613,105 583,145 586,140 589,138 593,138 598,137 605,139 614,144 606,150 599,153 594,153 590,153 586,150 586,145 590,141 593,141 598,141 611,144 598,147 594,148 590,148
SaE3_3bmAU0/00000047.jpg	0	584	95	636	147	589,112 588,117 588,123 588,129 590,135 592,141 595,146 600,150 607,151 614,151 621,148 626,143 630,137 632,131 634,124 634,118 635,112 592,106 594,103 598,102 602,102 606,104 612,104 616,102 620,102 625,103 628,105 609,109 608,113 608,118 607,122 603,125 605,126 608,127 610,126 613,125 595,110 598,109 601,109 603,111 600,111 598,111 615,110 618,108 621,108 624,110 621,111 618,111 598,133 601,131 605,131 608,132 611,131 615,132 619,133 615,138 611,140 608,140 605,140 601,138 600,133 605,133 608,133 611,133 618,133 611,137 608,137 605,137
SaE3_3bmAU0/00000016.jpg	0	585	90	621	126	591,102 590,106 590,109 590,113 590,117 590,121 592,124 594,127 598,128 604,129 609,128 614,126 618,123 621,119 622,115 624,111 624,106 592,96 594,95 597,95 599,96 601,97 605,98 609,97 612,97 615,98 618,100 602,102 602,105 601,108 600,111 597,113 599,114 600,115 602,114 604,114 594,101 596,101 598,101 599,102 597,103 595,102 608,104 610,103 612,103 614,104 612,105 610,105 595,117 596,117 598,118 600,118 602,118 605,119 608,119 604,120 601,120 599,120 598,119 596,118 595,117 598,119 600,119 601,120 607,119 601,119 599,118 598,118
SaE3_3bmAU0/00000064.jpg	0	569	80	643	155	579,104 579,112 580,120 582,128 584,135 588,143 593,149 600,153 609,154 618,152 626,147 632,141 636,134 638,125 639,117 640,109 640,100 583,96 586,92 590,90 596,90 600,92 609,91 614,89 620,88 625,90 629,94 605,99 605,104 606,110 606,116 600,120 603,121 606,122 610,120 613,119 588,102 591,101 594,100 598,102 594,103 591,103 613,101 617,99 620,99 624,101 620,101 617,101 594,129 598,127 603,126 607,126 611,125 616,125 621,127 617,133 612,136 607,137 603,137 598,135 596,129 603,128 607,128 611,127 619,127 611,133 607,134 603,134
SaE3_3bmAU0/00000036.jpg	0	567	95	619	147	577,114 577,119 577,124 578,129 579,134 581,138 585,142 589,145 595,146 601,145 607,143 611,139 615,134 616,129 617,123 617,118 617,113 580,109 582,106 586,105 590,105 593,107 598,106 601,105 605,104 609,105 612,108 595,110 595,114 594,118 594,122 590,124 592,126 594,127 597,126 599,124 584,112 586,111 588,111 591,112 588,113 586,113 600,112 603,110 606,110 608,111 606,112 603,112 587,130 590,130 592,130 595,130 597,129 601,129 605,130 601,134 597,135 595,136 593,135 589,134 588,130 593,131 595,131 597,131 604,130 597,133 595,133 592,133
SaE3_3bmAU0/00000024.jpg	0	583	98	626	142	592,110 590,114 589,119 589,123 589,127 590,132 592,135 595,138 599,139 604,140 610,139 616,137 620,134 623,130 625,125 626,121 627,116 594,106 596,104 599,104 602,105 604,107 608,108 612,107 616,108 619,109 622,111 605,111 604,114 603,117 602,120 599,122 600,123 602,124 604,124 606,124 596,111 598,110 600,110 602,112 599,112 598,112 610,113 613,112 615,113 617,114 615,115 612,114 595,126 597,127 600,127 601,128 603,128 606,128 610,129 605,130 602,130 600,130 598,129 596,128 595,127 599,128 601,129 603,129 609,129 603,128 601,128 599,128
SaE3_3bmAU0/00000017.jpg	0	585	94	621	130	592,103 590,106 590,110 590,114 589,118 590,122 591,125 594,128 598,130 603,130 609,130 614,128 618,125 620,121 622,117 623,112 624,108 593,97 594,96 597,96 599,97 601,98 605,99 609,98 612,99 616,100 618,103 603,102 602,106 601,109 600,112 597,113 598,115 600,115 602,115 604,115 594,102 596,101 598,102 599,103 597,103 596,103 608,105 610,104 612,104 614,106 612,106 610,105 594,117 596,118 598,118 600,119 602,119 605,119 608,120 604,121 601,121 599,121 597,120 596,119 595,118 598,119 600,120 601,120 607,120 601,120 599,119 598,119
SaE3_3bmAU0/00000062.jpg	0	570	80	633	142	574,106 575,114 576,121 577,128 580,135 583,142 589,148 596,152 605,153 613,151 620,146 626,140 630,133 632,125 633,117 633,109 633,101 578,98 581,94 585,92 591,91 595,93 603,92 609,90 614,90 620,91 624,95 600,100 600,105 601,111 601,116 595,119 598,121 602,122 605,120 608,119 584,104 586,102 590,101 593,103 590,104 587,104 608,102 611,100 615,100 618,101 615,102 612,102 589,128 594,126 598,126 602,126 606,125 612,125 617,126 613,133 607,136 603,137 599,136 594,134 591,129 599,127 603,127 606,127 615,127 607,133 603,133 599,133
SaE3_3bmAU0/00000044.jpg	0	573	90	625	141	581,107 581,112 580,117 581,122 582,128 584,134 587,138 592,142 599,144 606,143 612,140 618,136 622,130 624,124 625,118 626,112 626,107 584,101 587,99 590,98 595,98 598,99 603,99 608,97 612,97 617,99 620,101 601,104 600,108 600,112 599,116 594,118 597,120 599,121 602,120 605,119 588,105 590,104 593,104 595,105 593,105 590,106 607,105 610,103 612,103 615,105 613,105 610,105 590,125 593,124 597,124 599,125 602,124 607,124 611,126 607,131 602,132 599,133 596,132 592,130 591,126 597,126 599,126 602,126 610,126 602,130 599,130 596,130
SaE3_3bmAU0/00000018.jpg	0	578	89	621	132	592,103 590,107 589,110 589,114 589,118 589,122 590,126 592,129 596,131 601,131 607,131 613,130 617,127 620,123 622,119 624,115 625,110 593,97 595,96 597,97 599,98 601,99 606,100 609,100 613,100 616,101 618,103 602,104 601,107 600,110 599,113 596,114 597,115 599,116 601,116 603,116 594,103 596,102 598,103 599,104 597,104 595,104 608,106 610,105 612,106 614,107 612,107 610,107 593,118 595,119 597,119 598,120 600,120 604,121 607,121 603,122 599,122 597,122 596,121 594,120 593,119 597,121 598,121 600,121 606,121 600,120 598,120 596,119
SaE3_3bmAU0/00000060.jpg	0	560	88	635	163	573,118 573,125 574,131 575,139 577,145 580,152 586,156 593,160 601,161 609,159 617,155 623,150 627,144 629,136 629,128 629,121 629,113 576,108 580,105 584,103 589,103 593,105 602,104 606,102 611,102 616,103 620,105 598,111 598,116 598,122 599,127 593,130 596,131 599,132 602,131 605,129 582,115 584,113 587,113 591,114 588,115 585,115 606,113 609,111 612,111 615,113 612,113 609,114 586,138 591,136 596,136 600,136 604,135 609,135 614,137 610,142 604,144 600,145 596,145 591,143 588,138 596,137 600,137 604,137 612,137 604,142 600,142 596,142
SaE3_3bmAU0/00000037.jpg	0	567	95	619	147	576,112 575,116 576,121 577,126 578,131 581,136 584,140 589,143 595,144 601,143 606,140 611,136 614,131 616,125 616,119 616,114 616,109 578,106 580,104 583,102 587,102 591,104 596,103 600,102 604,101 608,102 611,104 594,108 593,112 593,115 593,120 589,122 591,123 594,124 596,123 599,122 582,110 584,108 586,108 589,110 586,110 584,110 599,109 602,107 604,107 607,108 604,109 602,109 586,128 589,127 592,127 594,127 597,127 600,127 605,127 601,131 597,133 595,133 592,133 589,132 587,128 592,128 594,129 597,128 603,127 597,131 594,131 592,131
SaE3_3bmAU0/00000058.jpg	0	570	101	633	163	579,120 578,126 578,132 578,139 579,145 582,151 586,156 593,159 601,161 609,160 617,157 624,153 629,147 631,140 633,133 634,126 634,119 582,112 585,109 588,107 593,107 597,109 606,108 611,107 616,106 621,108 625,111 602,115 601,120 600,124 600,129 595,132 598,133 601,134 604,133 607,132 586,118 589,116 592,116 595,118 592,118 589,118 610,117 613,115 616,115 620,117 616,118 613,118 589,140 593,138 597,137 601,138 605,137 610,138 616,139 611,144 605,146 601,146 597,146 593,144 590,140 597,139 601,139 605,139 615,140 605,143 601,144 597,143
SaE3_3bmAU0/00000061.jpg	0	570	87	633	149	574,112 574,119 574,126 576,133 578,139 581,146 586,151 593,155 602,156 610,155 618,151 624,145 628,138 630,130 630,122 630,115 630,108 577,102 580,99 584,97 589,97 594,98 602,98 607,96 612,96 617,97 621,100 598,105 599,111 599,116 599,121 594,124 597,125 600,126 603,125 606,124 582,108 585,107 588,107 591,108 588,109 585,109 606,107 610,106 613,105 616,107 613,108 610,108 587,133 591,131 596,130 600,131 604,130 609,130 614,132 610,137 605,140 601,140 596,140 591,138 588,133 596,132 600,132 604,132 613,132 604,137 600,137 596,137
SaE3_3bmAU0/00000068.jpg	0	585	96	660	171	592,124 592,132 593,140 594,148 597,156 600,164 606,171 614,175 623,177 634,175 642,170 650,163 654,155 656,145 657,136 658,127 658,117 595,114 598,110 603,109 609,108 614,110 623,110 629,107 635,107 642,109 646,113 619,117 619,123 620,128 620,134 614,139 617,140 621,141 624,140 627,138 601,121 604,119 607,119 611,120 607,121 604,122 628,119 632,117 636,117 640,119 636,120 632,120 606,149 611,147 616,146 621,146 625,145 631,145 636,148 631,155 626,157 621,158 617,158 611,156 608,149 617,147 621,148 625,147 634,148 625,154 621,155 616,155
SaE3_3bmAU0/00000048.jpg	0	584	95	636	147	591,111 590,116 590,121 590,127 591,133 592,140 596,145 601,149 608,151 616,151 623,148 629,144 633,138 635,132 637,125 638,119 639,113 594,105 597,103 601,102 605,102 608,103 614,103 619,102 624,102 628,104 632,107 611,108 610,113 610,117 609,122 604,124 607,126 609,127 612,126 615,125 598,110 600,108 603,108 606,110 603,110 600,110 618,110 621,109 624,109 627,111 624,111 621,111 599,131 602,130 606,130 609,130 613,130 617,130 623,131 617,136 613,138 609,139 606,138 602,136 600,131 606,131 609,132 613,131 621,132 613,136 609,136 606,135
SaE3_3bmAU0/00000087.jpg	0	545	68	653	175	567,108 565,118 566,128 569,138 573,148 576,159 580,169 586,178 596,181 609,180 622,175 634,167 644,157 652,146 655,133 657,119 658,105 569,88 572,85 577,84 582,85 586,88 600,87 607,84 615,84 623,86 630,89 592,101 590,109 588,116 586,124 584,130 586,132 590,133 594,132 599,130 574,105 576,103 581,103 586,105 581,106 576,107 608,104 612,101 617,102 622,104 617,106 612,106 583,147 584,141 588,139 593,140 597,139 606,141 614,147 607,154 599,158 594,158 589,158 585,154 585,147 589,143 593,143 598,142 611,147 598,152 594,152 589,152
SaE3_3bmAU0/00000040.jpg	0	573	84	616	127	576,99 576,104 576,109 577,114 578,119 580,124 584,128 588,131 594,132 601,131 607,128 611,125 614,119 616,114 617,108 617,102 617,97 578,93 581,91 584,90 588,90 591,91 596,91 600,89 604,88 608,89 611,91 594,95 594,99 594,103 593,108 589,110 592,111 594,112 596,111 599,110 582,97 584,95 587,95 589,97 586,98 584,98 600,97 602,94 605,94 608,96 605,97 603,97 586,117 589,116 592,116 594,116 596,115 600,116 604,117 601,120 597,122 594,122 592,122 589,120 588,117 592,117 594,118 597,117 603,117 597,119 594,119 592,119
SaE3_3bmAU0/00000023.jpg	0	578	98	621	142	592,111 590,115 589,119 589,123 589,128 589,132 591,136 594,139 598,140 604,141 610,140 615,139 620,136 623,132 624,127 626,122 627,118 593,107 595,105 598,105 601,106 603,107 608,108 611,108 615,108 618,110 621,112 604,112 603,115 602,118 601,120 597,121 599,123 601,124 603,124 606,123 595,111 597,110 599,111 600,112 598,112 597,112 610,113 612,113 614,113 616,114 614,114 612,114 593,126 595,125 598,125 600,126 602,126 606,127 609,128 605,130 601,130 599,130 597,129 595,128 594,126 598,127 600,127 602,127 608,128 602,129 599,129 597,128
SaE3_3bmAU0/00000075.jpg	0	583	76	673	166	604,108 602,116 602,124 604,132 605,141 607,151 610,160 616,166 626,168 638,168 650,164 660,159 669,151 674,142 677,132 679,122 681,111 606,94 609,91 614,89 619,90 623,92 633,91 640,89 648,89 654,92 660,96 627,101 625,107 623,112 621,117 618,123 620,125 623,126 627,125 632,124 610,105 612,102 617,102 621,105 617,106 613,106 640,104 644,101 648,102 653,105 648,105 644,105 615,139 617,133 621,131 624,132 629,131 636,133 644,139 637,145 629,148 625,148 621,148 617,145 617,139 621,134 624,134 629,134 642,139 629,144 625,144 621,144
SaE3_3bmAU0/00000011.jpg	0	578	84	621	127	589,103 588,106 587,109 588,112 588,116 589,120 590,123 592,126 596,128 601,128 607,127 612,126 616,123 619,119 620,114 621,109 621,105 589,96 591,95 592,95 594,96 596,97 600,97 604,96 607,96 610,97 613,99 598,101 597,104 596,107 595,111 593,112 594,113 596,114 598,114 600,113 591,101 592,101 594,101 595,102 594,103 592,102 603,103 605,102 607,102 609,103 607,104 605,104 592,117 594,117 595,117 596,118 597,118 600,118 604,119 600,119 597,119 596,119 595,119 593,118 593,117 595,119 596,119 597,119 603,119 597,118 596,117 595,117
SaE3_3bmAU0/00000050.jpg	0	584	87	646	149	592,104 592,110 592,116 592,122 593,128 595,134 598,139 604,143 611,145 619,144 626,141 632,137 636,132 639,125 640,118 641,112 642,105 595,98 598,96 602,95 606,95 610,97 617,97 622,96 627,96 632,97 636,100 613,102 612,107 612,112 611,116 606,118 608,120 611,121 614,120 617,119 598,103 601,102 604,102 607,104 604,104 601,104 621,104 624,103 627,103 630,104 627,105 624,105 601,125 605,124 608,125 612,125 615,125 620,125 626,125 621,130 615,132 611,132 608,131 604,130 602,125 608,126 612,126 615,126 624,126 615,129 612,130 608,129
SaE3_3bmAU0/00000071.jpg	0	594	96	668	171	606,122 605,129 605,137 606,145 607,154 609,163 613,170 619,176 629,177 640,176 650,173 659,168 665,161 669,152 672,142 674,133 675,124 609,109 612,105 616,103 621,104 626,106 636,106 642,104 649,104 655,106 660,110 629,114 628,120 627,125 626,131 622,136 624,137 627,138 631,137 635,136 612,118 615,115 619,115 623,118 619,119 615,119 641,118 645,115 649,115 653,118 649,119 645,119 617,150 620,145 624,143 628,143 632,143 639,144 645,150 639,155 633,158 628,158 624,158 620,156 619,150 624,146 628,146 632,146 643,150 632,154 628,154 624,154
SaE3_3bmAU0/00000028.jpg	0	583	89	626	132	592,103 591,108 590,112 590,116 591,121 592,126 595,130 598,133 603,134 610,134 615,133 620,130 623,126 626,121 627,116 628,112 629,107 595,98 597,96 600,96 603,97 605,98 610,98 613,97 617,98 621,99 623,101 607,102 606,106 606,110 605,113 601,115 603,116 605,117 607,116 609,116 597,103 599,102 601,102 603,103 601,103 599,103 612,104 615,103 617,104 619,105 617,105 615,105 597,120 600,119 603,120 605,120 607,120 610,120 614,121 610,123 607,124 604,124 602,124 600,122 598,120 603,121 605,121 607,121 613,121 607,122 604,122 602,122
SaE3_3bmAU0/00000090.jpg	0	545	68	653	175	567,109 564,119 564,129 568,139 572,149 575,160 579,170 584,178 593,181 606,181 620,176 633,169 645,160 653,148 657,134 658,120 659,105 566,86 569,83 574,83 579,84 584,87 598,87 606,83 614,82 623,84 631,89 590,101 588,110 586,118 583,127 581,132 584,134 587,136 592,134 597,132 571,103 574,98 579,99 585,104 579,106 573,106 606,103 610,98 617,98 622,102 617,105 611,106 581,149 582,145 586,143 590,143 594,142 603,144 612,149 604,157 596,160 591,160 587,160 583,156 583,149 587,147 590,147 595,147 609,150 595,153 591,154 587,153
SaE3_3bmAU0/00000094.jpg	0	533	68	641	175	565,109 563,119 563,130 567,141 571,151 574,163 577,174 582,183 591,187 605,186 619,181 633,173 645,162 654,150 658,135 659,120 660,104 564,89 567,86 572,86 577,87 581,90 594,89 602,86 611,84 621,86 629,90 586,102 584,111 581,120 579,129 577,134 579,137 584,138 589,136 594,134 568,103 571,99 577,100 582,104 576,106 571,106 603,104 608,98 614,99 620,103 615,106 608,106 578,151 579,146 583,145 586,146 592,145 601,147 611,151 603,159 594,162 588,163 584,162 581,158 580,151 583,148 587,149 592,148 608,152 593,156 588,156 584,155
SaE3_3bmAU0/00000063.jpg	0	570	80	633	142	576,104 577,112 578,119 579,127 582,134 585,141 591,147 598,151 606,152 615,150 622,145 629,139 633,132 636,124 636,115 637,107 637,99 579,95 583,92 587,90 592,90 597,91 606,91 611,88 617,88 622,89 627,93 602,98 602,104 603,109 603,115 597,118 600,119 604,120 607,119 610,117 585,101 588,99 591,99 595,101 592,102 588,102 611,100 614,98 618,98 621,99 618,100 614,100 591,127 595,125 600,124 604,124 608,124 613,124 619,125 614,131 609,134 605,135 601,135 595,133 592,127 600,126 604,126 608,125 617,126 608,131 604,132 600,132
SaE3_3bmAU0/00000088.jpg	0	545	68	653	175	566,110 564,120 565,131 569,141 572,151 576,162 580,173 586,181 595,184 608,182 621,177 633,169 644,159 652,148 656,135 658,121 659,107 567,88 570,85 575,84 580,86 585,89 599,88 606,85 615,84 623,86 631,90 591,103 589,110 587,119 585,127 583,133 585,135 588,136 593,135 598,133 572,106 575,104 580,104 585,106 579,108 575,108 607,106 611,103 616,103 622,105 616,107 611,107 582,150 583,145 587,143 591,143 596,142 605,144 614,149 607,158 599,161 593,162 588,161 585,157 584,150 588,146 592,146 597,145 611,150 598,155 593,156 588,155
SaE3_3bmAU0/00000065.jpg	0	569	80	643	155	581,109 581,117 582,124 584,132 586,140 590,147 595,153 603,157 612,158 621,156 629,152 636,146 640,139 642,130 643,122 643,113 644,105 584,101 587,96 592,94 598,94 603,96 611,95 616,92 623,92 629,94 633,98 608,102 608,108 608,114 609,120 603,123 606,125 609,126 613,124 615,123 590,106 593,104 596,104 600,105 597,107 593,107 616,104 620,103 624,103 627,105 624,105 620,105 595,133 600,130 605,130 609,130 613,129 619,129 624,131 620,137 614,140 610,141 605,141 600,139 597,133 605,132 609,132 614,131 622,131 614,137 610,138 605,138
SaE3_3bmAU0/00000057.jpg	0	569	96	643	171	581,118 580,125 579,133 581,142 583,150 587,159 591,167 598,173 606,176 615,175 623,170 629,162 633,153 636,144 638,136 638,127 638,119 583,109 587,105 592,105 597,106 601,108 610,108 615,107 621,107 625,109 629,112 606,114 605,118 604,123 604,128 598,132 601,134 604,135 608,134 611,133 589,115 592,114 595,114 598,115 595,116 592,116 614,116 617,116 621,116 624,118 620,118 617,117 592,145 596,141 601,140 605,141 609,141 615,142 621,146 616,154 610,158 605,158 601,157 596,153 594,145 601,144 605,144 609,144 619,146 610,152 605,152 601,152
SaE3_3bmAU0/00000033.jpg	0	583	98	626	142	585,113 584,118 584,123 585,128 586,133 588,138 591,143 595,147 600,148 607,148 613,145 617,142 621,136 623,131 625,125 625,119 626,113 588,108 590,106 594,105 597,106 600,107 605,108 609,106 613,106 616,107 619,109 602,111 602,115 601,119 601,123 597,125 599,126 601,127 604,126 606,125 591,112 593,111 596,111 598,112 595,112 593,112 608,112 610,111 613,111 615,112 613,113 610,113 594,131 597,130 599,130 601,131 604,130 607,130 612,131 608,136 604,137 601,138 599,137 596,135 595,131 599,131 601,132 604,131 610,132 604,135 602,135 599,135
SaE3_3bmAU0/00000030.jpg	0	579	90	631	141	590,104 589,108 589,113 589,118 590,123 591,128 594,133 597,137 603,139 609,138 615,136 620,132 624,127 626,121 627,116 628,111 628,105 593,100 595,98 598,97 601,98 604,99 608,99 612,98 616,98 619,99 622,101 606,103 605,106 605,110 604,114 600,116 602,117 604,118 607,117 609,116 595,103 597,102 600,102 602,103 599,104 597,104 611,104 613,103 616,103 618,104 616,104 613,104 596,121 599,121 602,121 604,122 607,122 610,122 615,122 610,126 606,127 604,128 601,127 599,125 597,122 602,123 604,123 606,123 613,122 607,125 604,126 602,125
SaE3_3bmAU0/00000089.jpg	0	545	68	653	175	566,110 564,120 564,131 568,141 572,151 576,162 579,172 585,181 595,183 607,182 620,177 633,169 643,160 651,148 655,135 657,121 658,107 567,88 570,84 574,84 579,86 584,88 598,88 606,84 615,84 623,86 630,90 590,103 588,111 586,119 584,127 582,133 584,135 588,137 593,135 598,133 572,106 574,103 579,103 584,106 579,107 574,108 607,105 611,102 617,102 622,105 616,107 611,107 581,150 582,145 586,143 590,144 595,143 604,144 613,149 605,157 597,161 592,161 588,161 584,157 583,150 587,147 591,147 596,146 610,150 597,154 592,155 587,154
SaE3_3bmAU0/00000020.jpg	0	578	94	621	137	592,107 590,111 589,115 588,118 588,122 589,127 590,130 592,133 596,135 602,136 608,135 613,134 617,131 620,127 622,123 623,119 625,114 593,102 595,100 597,101 600,101 602,103 606,104 610,104 613,104 616,106 619,108 603,108 602,111 601,114 600,117 597,118 598,120 599,121 601,120 603,120 594,107 596,106 598,106 599,108 598,108 596,108 608,110 611,109 613,110 614,111 612,111 610,111 593,122 595,123 597,124 599,124 601,124 604,125 607,125 603,126 600,126 598,125 596,125 594,124 593,123 597,125 598,125 600,126 606,125 600,124 598,124 597,123
SaE3_3bmAU0/00000052.jpg	0	584	84	636	136	590,100 590,106 590,112 590,118 591,124 594,130 598,136 603,140 610,141 618,141 625,138 631,134 636,128 639,122 640,115 641,108 642,101 593,94 596,91 600,91 604,92 608,94 617,94 621,92 626,92 631,93 634,96 612,99 611,104 611,108 610,113 605,115 607,116 610,118 614,117 617,116 597,99 600,98 603,98 606,100 603,101 600,100 620,101 623,99 626,99 629,101 626,101 623,101 599,121 603,120 607,121 610,121 614,121 619,121 625,122 619,127 614,129 610,129 606,129 602,126 600,121 607,122 610,123 614,122 623,122 614,126 610,127 607,126
SaE3_3bmAU0/00000096.jpg	0	533	68	641	175	560,112 557,122 557,132 560,142 565,152 568,164 571,175 576,185 585,189 599,188 614,184 628,176 641,165 650,153 654,137 655,122 654,107 559,92 562,89 566,89 571,90 576,93 589,92 597,89 606,87 615,89 623,94 580,106 578,114 575,123 572,132 571,138 573,140 577,142 582,140 588,138 563,106 566,102 572,102 577,107 571,109 566,109 597,107 602,101 609,101 614,106 609,109 602,109 573,154 573,150 577,149 580,149 584,148 594,150 604,154 596,161 587,165 582,165 578,164 575,160 575,154 577,153 580,153 585,153 601,155 586,158 581,159 578,157
SaE3_3bmAU0/00000043.jpg	0	573	84	625	136	580,103 579,108 579,113 580,118 581,124 583,129 586,134 591,138 597,139 604,139 610,136 615,132 619,126 622,120 623,114 624,108 624,102 582,97 585,94 588,94 592,94 596,95 601,94 605,93 610,92 614,94 617,96 598,100 598,104 597,108 597,112 593,115 595,116 597,117 600,116 603,115 586,101 588,100 591,100 593,101 591,102 588,102 605,101 607,99 610,99 613,100 610,101 608,101 589,122 591,121 595,120 597,121 600,120 604,121 609,122 605,127 600,128 597,129 595,128 591,126 590,122 595,122 597,122 600,122 607,122 600,125 597,126 595,125
SaE3_3bmAU0/00000026.jpg	0	583	94	626	137	593,107 591,111 591,116 590,120 591,124 591,128 594,132 597,135 601,136 607,137 613,136 618,134 622,131 625,126 626,122 627,117 628,112 595,103 597,101 600,101 603,101 605,103 610,104 613,103 617,103 621,105 623,107 607,107 606,111 605,114 604,117 600,119 602,120 604,121 606,121 608,120 597,107 599,106 601,107 603,108 601,108 599,108 612,109 615,108 617,109 619,110 617,111 614,110 596,123 599,123 601,123 603,124 605,124 608,124 612,125 608,127 604,127 602,127 600,126 598,125 597,123 601,125 603,125 605,125 611,125 605,125 603,125 601,125
SaE3_3bmAU0/00000021.jpg	0	578	98	621	142	591,109 589,113 588,117 588,121 588,125 589,130 590,133 593,136 597,138 603,138 608,138 613,136 617,133 620,129 621,124 623,120 624,116 592,104 594,103 597,103 600,104 602,105 606,106 610,106 614,106 617,108 619,110 603,109 602,113 601,116 601,119 597,121 599,122 600,123 602,123 604,122 594,109 596,108 598,109 600,110 597,110 595,110 608,112 611,111 613,112 615,113 613,113 610,113 593,125 596,125 598,126 600,127 602,127 604,127 608,128 604,129 601,128 599,128 597,128 595,127 594,125 598,127 599,128 601,128 607,128 601,126 599,126 597,126
SaE3_3bmAU0/00000074.jpg	0	594	80	668	155	605,111 604,119 604,127 606,136 608,145 610,154 614,162 620,168 629,169 640,169 651,165 661,159 668,151 673,142 675,132 677,123 678,113 606,98 610,94 614,92 620,92 625,94 635,94 642,92 649,92 656,95 661,99 629,103 627,109 626,114 624,120 620,125 623,127 626,128 630,127 634,126 611,107 614,104 618,104 622,107 618,107 614,108 641,106 645,103 650,104 654,107 650,108 645,107 617,140 619,134 623,133 627,133 632,133 639,134 646,141 639,146 632,149 628,149 623,149 619,146 618,140 623,136 627,136 632,136 643,140 632,145 628,145 623,145
SaE3_3bmAU0/00000080.jpg	0	557	80	665	187	587,125 585,133 585,142 587,151 589,160 590,170 594,178 600,185 610,187 623,186 635,182 647,177 655,169 661,159 665,148 667,137 668,126 591,109 594,106 598,105 602,105 607,107 618,106 624,104 632,104 638,106 645,109 610,117 609,123 607,129 606,136 602,141 604,143 608,144 612,142 617,141 594,122 597,119 601,119 605,120 601,122 597,122 625,120 629,117 633,118 637,120 633,121 629,121 600,157 602,151 606,149 609,149 614,149 622,150 629,156 622,161 615,164 610,165 606,164 602,162 602,156 606,152 609,152 614,152 626,156 615,160 610,160 606,160
SaE3_3bmAU0/00000009.jpg	0	577	86	613	122	587,101 586,104 586,107 586,110 587,114 587,118 587,121 588,125 592,126 597,127 602,126 607,124 612,121 615,117 616,113 617,108 617,103 586,94 588,94 589,94 591,95 592,96 596,96 599,95 602,96 605,97 608,99 593,100 592,103 591,106 590,109 589,110 589,112 591,112 593,112 595,112 588,99 589,99 590,99 592,100 590,100 589,100 599,101 601,100 603,101 604,102 602,102 601,102 589,115 589,115 590,115 591,115 593,115 596,116 599,117 596,118 593,119 591,118 590,118 589,116 589,115 590,116 591,117 593,117 598,117 593,117 591,116 590,116
SaE3_3bmAU0/00000054.jpg	0	577	87	640	149	589,105 588,112 587,118 587,125 588,131 590,138 594,143 600,147 607,149 616,148 623,146 630,142 635,136 638,129 640,122 641,115 642,108 592,100 595,97 599,96 604,97 608,99 616,100 621,98 626,98 631,100 634,103 611,105 610,110 609,115 608,120 603,121 606,123 609,124 612,123 616,122 596,105 599,104 602,104 605,106 602,106 599,106 619,107 623,105 626,106 629,107 626,108 622,108 597,127 601,126 605,127 609,128 613,128 618,127 624,128 618,133 612,135 608,135 605,134 600,132 598,127 605,128 609,129 613,129 622,129 612,132 608,133 605,132
SaE3_3bmAU0/00000012.jpg	0	578	84	621	127	589,103 588,106 588,110 588,113 589,117 590,121 591,124 593,127 597,128 602,129 608,128 613,126 617,122 620,118 621,114 622,109 622,105 590,97 591,96 593,96 595,96 597,98 601,98 605,97 608,96 611,97 614,99 599,102 598,105 597,108 596,111 595,113 596,114 597,115 599,114 601,114 592,102 593,101 595,101 596,103 595,103 593,103 604,103 606,102 609,102 611,103 609,104 606,104 594,118 595,118 596,118 597,118 599,118 602,119 605,119 602,120 599,120 597,120 596,120 595,119 595,119 596,119 597,119 599,120 604,119 599,118 597,118 596,118
SaE3_3bmAU0/00000032.jpg	0	579	95	631	147	588,111 587,115 587,120 587,125 589,130 590,136 593,140 597,144 602,146 608,146 614,143 619,139 623,134 626,128 627,122 627,117 628,111 590,106 593,104 596,103 599,103 602,105 606,105 610,103 614,103 618,105 621,107 604,109 603,113 602,116 602,121 598,122 600,124 602,125 605,124 607,123 593,110 595,109 597,109 600,110 597,110 595,110 610,110 612,109 614,109 616,110 614,110 612,110 595,128 597,128 600,128 603,128 605,128 609,128 614,128 610,133 605,135 603,135 600,134 597,133 596,128 600,129 603,129 605,129 613,129 605,133 603,133 600,132
SaE3_3bmAU0/00000032.jpg	1	602	199	645	242	604,210 604,216 605,221 606,227 608,231 611,235 614,238 618,241 622,241 627,241 631,239 636,236 639,232 642,228 644,222 645,216 646,211 608,206 611,203 614,203 617,203 621,205 627,206 631,204 635,203 639,203 641,206 623,211 623,215 623,218 623,222 618,224 621,225 623,225 625,224 628,224 611,211 613,210 616,210 618,212 616,213 613,213 629,212 631,209 634,209 637,211 635,212 632,212 615,230 618,229 621,229 623,229 625,229 628,229 631,229 628,232 625,234 623,234 621,234 618,233 616,230 621,230 623,230 625,230 630,230 625,231 623,232 621,232
SaE3_3bmAU0/00000046.jpg	0	579	95	631	147	586,112 585,117 585,123 586,128 587,134 589,140 593,145 598,148 605,150 612,149 619,146 624,142 628,136 630,129 631,123 632,117 633,111 588,105 591,103 595,102 599,102 603,103 609,103 613,101 618,101 622,102 626,105 606,108 606,112 605,117 604,121 600,124 602,125 605,126 608,125 611,124 592,110 594,108 597,108 600,110 597,110 594,111 613,110 616,108 618,108 621,109 619,110 616,110 595,132 599,131 602,130 605,131 608,130 612,131 617,132 612,136 608,138 605,138 602,138 598,136 597,132 602,132 605,132 608,132 615,132 608,135 605,136 602,135
SaE3_3bmAU0/00000059.jpg	0	560	96	635	171	574,121 574,128 575,135 577,142 579,148 583,154 588,159 595,163 603,164 611,163 618,159 623,153 627,146 629,139 630,131 630,123 630,116 576,113 579,109 583,107 588,107 593,108 602,107 607,105 612,105 617,107 621,110 599,114 599,119 599,123 599,128 594,133 596,134 600,135 603,133 606,132 582,118 585,117 588,116 591,117 588,118 585,119 607,116 610,115 613,115 616,116 613,117 610,117 589,143 593,141 597,141 601,141 604,140 609,140 614,141 610,145 606,147 602,148 598,148 593,147 590,143 597,143 601,143 604,142 612,141 605,144 601,145 598,145
SaE3_3bmAU0/00000084.jpg	0	545	68	653	175	571,116 569,125 570,134 572,144 575,153 577,163 582,172 589,179 599,181 611,180 623,176 635,169 645,160 651,150 654,137 656,126 657,113 574,98 577,95 581,94 586,95 591,97 603,97 610,94 618,94 626,95 633,98 596,108 594,115 593,122 591,129 588,134 591,136 594,137 599,136 603,134 578,112 581,109 585,109 589,111 585,113 581,113 611,110 615,108 620,108 625,110 620,112 615,112 586,150 588,145 592,143 596,143 601,142 608,144 616,149 609,155 602,158 597,159 592,158 589,156 588,150 593,146 596,146 601,145 613,149 601,153 596,153 592,153
