Z-dx8J7Kv-c/00000015.jpg	0	113	80	187	155	106,106 106,116 106,127 109,138 114,147 122,155 130,161 141,166 151,167 160,165 166,160 169,152 171,143 173,134 175,126 175,118 175,110 126,92 132,90 137,89 144,90 149,92 158,93 161,92 166,92 169,93 171,95 154,103 155,109 156,115 157,122 149,127 152,129 155,130 157,129 158,128 133,104 137,102 140,102 143,104 140,105 136,105 160,106 163,105 166,105 168,107 166,108 163,108 142,143 147,139 151,138 154,139 156,139 159,141 160,145 158,146 156,147 153,147 151,146 146,145 144,142 151,142 154,142 156,142 158,144 156,142 154,142 151,141
Z-dx8J7Kv-c/00000056.jpg	0	155	56	245	146	142,79 144,93 145,108 149,121 158,133 168,142 178,150 191,155 202,156 209,151 213,142 214,131 216,120 218,110 219,100 219,91 218,82 175,72 181,70 187,68 193,69 198,72 212,75 214,72 216,70 217,68 219,68 206,82 209,89 212,95 215,102 203,108 207,109 211,110 214,109 215,107 183,82 186,80 190,79 193,82 190,84 186,84 208,81 210,79 213,79 214,81 213,83 211,83 194,128 201,123 207,121 209,121 211,121 211,122 209,126 210,130 209,133 207,133 205,133 200,132 197,127 206,124 209,124 210,124 209,126 209,127 208,128 206,128
Z-dx8J7Kv-c/00000083.jpg	0	458	130	510	182	465,143 464,149 463,154 463,160 464,166 465,171 469,176 473,179 479,181 486,182 493,180 498,177 502,173 504,167 506,161 507,156 508,150 471,135 473,133 476,132 480,133 482,134 487,135 491,135 495,135 498,137 501,140 484,141 483,144 483,148 482,151 479,155 480,156 482,157 484,157 486,156 473,142 475,141 478,141 479,142 477,143 475,143 490,144 492,143 494,144 496,146 494,146 492,145 475,165 478,163 480,162 481,163 483,163 486,164 488,167 485,168 482,168 480,167 479,167 477,166 477,165 479,164 481,164 483,165 487,167 483,165 481,165 479,164
Z-dx8J7Kv-c/00000222.jpg	0	126	146	215	236	143,178 143,188 145,199 148,209 153,219 158,230 162,240 168,249 178,252 188,249 199,241 208,231 216,220 222,208 225,194 225,180 224,165 144,169 146,165 150,164 155,164 159,166 172,164 178,160 185,157 193,157 199,161 166,174 165,182 164,190 164,199 161,203 164,205 168,206 172,204 176,202 150,176 153,172 157,172 161,175 157,176 153,177 178,173 181,168 186,168 191,170 187,172 182,173 161,217 163,214 167,213 170,213 174,212 182,212 191,213 184,223 177,228 173,229 169,229 165,224 164,217 167,216 170,216 175,215 188,214 176,223 172,224 168,223
Z-dx8J7Kv-c/00000222.jpg	1	453	63	527	138	466,81 466,90 467,99 468,108 470,118 472,127 476,136 481,142 489,145 499,144 510,140 519,133 526,124 531,115 534,104 535,93 537,83 468,73 472,69 477,69 482,70 486,73 495,73 501,71 508,71 515,72 521,76 489,79 488,85 487,91 485,98 482,103 484,105 487,106 491,105 494,104 474,80 476,78 480,78 484,80 480,81 476,81 501,81 505,79 509,79 513,82 509,83 505,83 480,119 482,116 485,115 488,116 491,115 496,117 503,121 497,124 491,125 488,125 485,124 482,122 482,119 485,118 488,119 491,119 500,120 491,121 488,120 485,120
Z-dx8J7Kv-c/00000229.jpg	0	453	63	527	138	463,84 462,92 463,101 464,110 466,119 468,128 472,136 477,142 485,144 494,143 505,139 513,133 521,125 526,115 528,105 530,94 531,84 465,75 468,71 473,71 478,71 482,74 491,74 497,72 504,72 510,73 516,77 485,80 484,86 483,92 482,98 478,104 480,105 483,106 487,105 490,105 470,81 473,79 476,79 480,82 476,83 473,83 497,82 500,80 504,80 508,82 504,84 500,83 476,120 478,117 481,116 484,116 487,116 492,118 498,121 492,123 487,124 484,124 481,124 478,122 477,119 481,118 484,119 487,119 496,121 487,121 484,121 481,120
Z-dx8J7Kv-c/00000229.jpg	1	115	140	223	247	134,174 134,185 136,196 141,208 146,218 152,229 157,241 163,250 172,254 183,251 193,242 203,231 212,219 218,205 222,191 223,175 223,159 136,167 139,165 143,166 148,167 152,169 166,166 173,161 181,157 190,155 199,157 160,175 159,184 158,193 157,203 154,207 157,209 161,210 166,208 170,205 142,177 145,175 150,174 155,177 150,178 145,179 173,173 177,169 183,168 189,168 184,172 179,173 156,219 157,217 160,216 164,217 168,215 176,215 185,215 178,225 171,231 167,232 163,231 159,227 158,220 161,219 164,219 168,218 182,217 169,225 165,226 162,225
Z-dx8J7Kv-c/00000022.jpg	0	145	56	235	146	143,95 144,107 146,119 150,130 158,140 167,147 178,154 190,158 201,159 209,156 214,148 217,138 219,128 221,118 221,109 220,100 218,92 169,80 175,77 181,74 188,75 194,77 202,77 206,75 209,74 212,75 214,77 200,88 203,95 205,102 208,109 198,115 201,116 204,117 206,116 208,114 177,91 181,89 185,88 187,90 185,92 182,92 204,90 207,89 210,88 211,90 210,92 207,92 189,132 196,128 201,126 203,127 205,127 207,129 208,132 206,134 205,135 203,135 200,135 195,134 192,132 201,130 203,130 205,130 206,131 205,130 203,131 200,130
Z-dx8J7Kv-c/00000069.jpg	0	477	238	520	281	483,252 482,256 482,261 482,266 482,271 483,276 486,280 489,283 494,285 499,286 505,285 510,283 513,280 516,275 518,270 520,265 521,260 487,242 489,241 492,241 495,242 497,244 502,245 505,245 509,246 512,248 514,251 498,250 498,253 497,256 496,259 493,262 494,263 495,264 497,264 499,264 488,249 490,248 492,249 494,250 492,251 490,250 504,253 506,252 508,253 510,255 508,255 506,255 490,270 491,269 493,268 495,269 497,269 499,271 502,274 498,274 496,274 494,273 492,273 491,272 491,270 493,270 495,271 496,271 501,273 496,271 494,271 493,270
Z-dx8J7Kv-c/00000082.jpg	0	463	130	515	182	469,148 468,153 468,159 468,165 469,171 470,176 474,180 479,184 485,186 491,186 498,184 503,181 506,177 509,171 511,166 512,160 513,155 475,139 478,137 481,136 484,137 487,139 492,140 496,140 500,140 503,142 506,145 489,146 489,149 488,153 487,156 484,160 485,161 487,162 489,162 490,161 478,146 480,145 483,145 484,147 482,148 480,147 495,149 497,148 499,148 501,151 499,151 497,150 480,169 482,167 485,166 486,167 488,167 491,169 493,172 490,173 488,172 486,172 484,171 482,171 481,169 484,169 486,169 488,169 492,172 488,170 486,170 484,169
Z-dx8J7Kv-c/00000235.jpg	0	453	66	515	129	460,84 460,93 461,101 462,109 464,117 467,125 471,131 476,137 483,138 491,138 499,134 506,129 513,122 517,113 519,104 521,95 522,85 463,78 466,75 471,74 476,76 480,78 489,78 494,76 500,75 506,76 511,80 484,85 483,91 482,97 481,103 476,106 479,108 482,109 486,108 489,107 468,84 471,82 475,83 478,85 474,86 471,86 493,86 496,83 500,83 504,85 500,87 497,87 473,117 476,115 480,115 482,115 486,115 491,116 496,118 491,123 486,125 482,125 479,124 475,122 474,117 479,117 482,118 486,117 494,118 486,120 482,121 479,120
Z-dx8J7Kv-c/00000235.jpg	1	116	146	205	236	135,180 135,190 136,201 140,211 145,221 150,231 154,242 160,251 169,255 180,252 190,245 200,235 208,223 214,211 217,197 217,182 216,168 135,171 137,167 141,166 146,168 151,170 162,168 169,163 177,161 185,161 192,165 157,177 157,186 156,195 155,204 151,207 155,210 159,211 163,209 168,206 142,178 144,175 149,175 153,179 149,179 145,180 170,177 173,172 178,172 183,174 179,176 174,177 153,219 155,217 158,217 162,218 166,216 174,216 183,217 176,227 169,232 164,232 160,232 156,227 155,220 159,220 162,220 166,220 181,218 168,227 163,227 160,226
Z-dx8J7Kv-c/00000226.jpg	0	453	63	527	138	465,83 464,91 465,100 466,109 467,118 469,127 473,136 478,142 486,144 496,143 506,139 515,133 522,125 527,116 530,105 532,95 533,85 467,74 470,71 474,70 479,71 484,73 492,74 498,72 505,71 512,73 517,77 487,80 486,86 484,92 483,98 479,103 482,105 484,106 488,105 492,104 472,81 474,79 478,79 482,81 478,82 474,82 498,82 501,79 505,80 509,82 505,83 501,83 478,119 480,116 482,115 485,116 487,116 493,117 499,121 493,123 488,124 485,124 482,123 480,122 479,119 482,118 485,118 487,119 496,120 488,120 485,120 483,119
Z-dx8J7Kv-c/00000226.jpg	1	115	140	223	247	135,174 136,185 137,197 141,208 147,219 153,229 159,240 165,250 175,253 186,250 196,242 205,231 214,220 220,207 223,193 224,178 223,162 137,168 140,165 145,165 150,166 155,168 168,166 175,161 183,157 191,157 199,160 162,174 161,183 160,192 159,201 156,206 160,208 164,209 168,207 172,204 144,176 147,175 152,174 156,176 152,177 148,177 175,173 179,170 184,169 190,169 185,172 180,173 158,218 160,216 163,215 166,216 170,214 178,214 188,214 181,223 174,228 169,229 166,229 162,225 160,219 164,218 167,218 171,217 185,215 173,222 168,223 165,222
Z-dx8J7Kv-c/00000221.jpg	0	126	146	215	236	145,179 145,188 146,199 150,209 154,219 158,229 163,240 169,249 179,251 189,248 200,241 209,231 218,220 223,208 226,194 225,180 224,166 145,168 147,164 151,163 156,164 160,166 173,163 179,159 186,156 194,157 200,160 167,173 166,181 165,189 164,198 162,203 165,205 168,206 173,204 177,201 152,175 154,172 158,172 162,175 158,176 154,176 179,172 182,168 187,167 192,169 188,171 183,172 162,216 164,214 167,212 171,213 175,212 183,212 191,213 185,222 178,227 173,228 170,228 166,224 165,217 168,216 171,216 175,215 189,214 177,222 172,223 169,222
Z-dx8J7Kv-c/00000221.jpg	1	453	63	527	138	468,84 467,92 468,101 469,110 471,119 473,128 476,136 482,143 490,145 500,144 510,140 518,134 526,125 531,116 534,106 536,95 537,85 470,74 472,70 477,70 482,70 487,73 495,73 501,71 508,71 515,72 521,76 490,80 488,86 487,91 485,97 482,103 484,105 487,105 491,105 495,104 474,81 477,78 481,78 484,81 481,82 477,82 501,82 505,79 509,80 513,82 509,83 505,83 480,119 483,116 485,115 488,116 491,115 496,117 502,121 496,124 491,125 488,125 485,124 482,122 482,119 485,118 488,118 491,118 500,121 491,121 488,121 485,120
Z-dx8J7Kv-c/00000117.jpg	0	391	66	453	129	400,85 400,92 402,99 405,106 408,113 411,120 416,126 421,130 427,131 433,129 440,124 445,118 449,111 452,103 453,95 453,86 453,77 404,80 406,78 410,78 413,79 417,81 423,79 427,77 431,75 436,74 441,76 420,85 420,90 420,95 420,100 417,104 419,105 421,106 424,105 426,103 409,87 411,86 413,85 416,87 414,88 411,88 427,85 429,84 432,83 435,84 433,86 430,86 418,115 419,112 421,111 422,111 424,111 427,112 430,114 427,117 425,119 423,119 421,119 420,118 419,115 421,113 422,113 424,113 428,114 424,115 423,116 421,116
Z-dx8J7Kv-c/00000230.jpg	0	453	63	527	138	462,84 462,92 463,101 464,110 466,119 467,128 471,136 476,142 484,144 493,144 504,140 513,134 520,125 525,116 528,105 530,95 531,84 465,75 467,72 472,71 477,72 482,74 490,75 496,73 503,72 509,74 515,77 485,81 483,87 482,93 481,99 477,104 479,106 482,107 486,106 490,105 469,82 472,79 476,79 479,82 475,83 472,83 496,83 499,80 504,80 508,82 504,84 499,84 475,121 477,117 480,116 483,117 486,116 491,118 497,122 491,124 486,125 483,125 480,124 477,123 477,120 480,119 483,119 486,119 495,121 486,121 483,121 480,120
Z-dx8J7Kv-c/00000230.jpg	1	115	140	223	247	133,174 133,185 135,196 140,208 146,218 152,229 157,241 163,250 172,253 183,250 193,241 203,230 212,218 218,205 222,190 223,174 222,159 134,167 137,164 142,165 147,166 151,168 165,166 172,161 180,157 189,156 198,158 159,175 158,184 157,193 156,203 154,207 157,209 161,210 165,208 170,205 141,176 144,174 149,174 154,176 149,178 144,178 172,173 177,170 183,169 189,168 184,172 178,173 155,218 156,217 160,216 163,216 167,215 175,215 185,215 178,225 171,230 166,231 162,230 158,226 157,219 161,219 164,219 168,218 183,216 169,224 165,225 161,224
Z-dx8J7Kv-c/00000231.jpg	0	453	63	527	138	462,85 461,93 462,102 463,111 465,120 467,129 471,137 476,143 484,145 494,144 504,140 513,134 520,126 525,116 527,106 529,96 530,85 464,76 467,73 472,72 477,73 482,76 490,76 496,74 503,73 510,75 515,78 485,82 484,88 483,94 481,100 477,105 480,107 483,108 487,107 490,106 469,83 472,80 475,80 479,83 475,84 472,84 496,84 499,81 504,81 508,84 504,85 500,85 475,121 477,118 480,117 483,117 486,117 492,119 497,122 492,125 486,125 483,125 480,125 477,124 477,121 481,120 483,120 486,120 495,122 486,122 483,122 480,121
Z-dx8J7Kv-c/00000231.jpg	1	115	140	223	247	133,174 133,185 135,197 140,208 145,219 151,230 156,241 162,251 171,254 182,251 193,242 202,231 211,219 218,205 221,191 222,175 222,160 135,168 138,165 142,166 147,167 151,169 166,166 172,161 180,157 189,156 198,158 159,175 158,184 157,193 156,203 153,207 157,209 161,210 165,208 170,205 141,177 144,175 149,175 154,177 149,178 145,179 173,173 177,170 182,169 188,168 183,172 178,173 155,219 156,217 160,216 163,217 167,215 175,215 185,215 177,225 170,231 166,232 162,231 158,227 158,220 160,219 164,219 168,218 182,216 169,225 165,226 161,225
Z-dx8J7Kv-c/00000232.jpg	0	453	66	515	129	461,83 461,91 461,100 462,108 464,117 466,126 470,133 475,139 482,141 491,141 499,137 507,131 513,123 518,114 521,105 522,95 523,85 464,77 467,73 471,73 476,74 481,77 489,77 494,75 501,74 507,75 511,79 484,83 483,89 482,95 481,101 477,106 479,107 482,108 485,107 489,107 469,83 471,81 475,81 478,84 475,85 471,85 494,84 497,82 501,82 504,84 501,86 497,86 474,120 476,117 480,116 482,117 485,117 490,118 495,121 490,125 485,127 482,127 479,126 476,124 476,120 480,119 482,120 485,119 493,121 485,122 482,123 480,122
Z-dx8J7Kv-c/00000232.jpg	1	115	140	223	247	132,173 132,185 134,197 139,208 145,218 151,229 156,241 162,250 170,253 181,250 191,241 201,230 210,218 217,204 221,189 223,173 223,157 133,166 136,163 140,164 145,166 150,168 165,164 172,159 180,155 190,153 199,155 158,175 157,184 156,194 155,203 153,207 156,209 160,210 165,208 169,205 140,176 143,174 148,173 153,176 148,178 143,178 172,173 177,168 183,166 189,166 184,171 178,173 154,219 155,218 159,216 163,217 166,215 175,215 185,214 177,226 170,232 165,233 161,232 157,228 156,220 160,219 163,219 167,218 182,216 168,226 164,227 161,226
Z-dx8J7Kv-c/00000067.jpg	0	463	233	506	276	470,246 470,251 469,256 470,261 471,266 472,271 475,275 479,278 484,279 490,279 495,278 500,275 503,271 505,266 507,261 508,256 508,251 473,238 475,236 478,235 481,236 483,238 488,238 491,238 495,238 498,240 501,243 485,243 484,246 484,250 483,253 480,256 482,257 483,258 485,258 487,257 475,244 477,242 479,243 481,244 479,245 477,245 490,246 493,245 495,246 497,247 495,248 492,247 478,264 479,262 481,262 483,262 485,262 488,264 491,266 487,267 484,267 483,267 481,266 479,265 479,264 481,264 483,264 485,264 489,266 485,265 483,265 481,264
Z-dx8J7Kv-c/00000010.jpg	0	113	80	187	155	116,105 116,113 116,121 117,130 120,138 124,146 130,153 138,159 147,161 156,161 163,157 168,151 171,144 174,137 176,130 177,122 178,115 130,91 135,89 140,89 145,90 149,93 157,95 161,94 166,94 169,97 172,100 153,103 152,108 152,114 152,120 146,124 148,126 151,127 153,127 154,126 135,103 138,102 141,103 143,105 141,105 137,105 159,107 162,107 166,108 168,110 165,111 162,110 140,138 144,135 147,134 150,135 152,135 155,138 157,142 154,143 151,142 149,142 146,141 143,140 142,138 147,137 149,138 152,138 155,141 151,139 149,138 147,138
Z-dx8J7Kv-c/00000128.jpg	0	322	73	384	135	336,98 336,105 337,112 340,119 343,126 346,132 349,138 353,143 358,145 365,143 372,138 379,132 385,124 389,116 390,106 390,97 390,87 335,91 336,88 339,88 343,88 346,90 353,88 357,85 363,83 368,83 373,86 349,95 349,100 349,106 348,111 346,115 348,116 351,117 354,116 356,114 339,96 341,95 344,94 347,96 344,97 341,98 358,95 360,92 364,91 367,92 365,94 361,95 348,127 349,124 350,123 352,124 353,123 357,124 363,125 359,129 355,131 353,132 352,132 350,130 350,126 351,125 352,125 354,125 361,125 354,127 352,128 351,128
Z-dx8J7Kv-c/00000098.jpg	0	429	101	481	153	432,114 431,120 430,127 430,133 430,140 432,147 435,153 440,158 446,161 454,162 461,160 467,157 472,151 475,146 478,139 480,133 481,126 440,107 443,105 447,105 451,107 454,109 458,110 463,110 467,111 471,113 474,116 455,116 454,120 452,125 451,129 447,132 449,133 451,135 453,135 455,134 443,115 445,114 448,115 450,116 447,117 444,116 461,119 464,119 466,120 469,122 466,122 463,121 443,141 445,140 448,140 450,141 452,141 455,143 458,146 454,147 451,147 448,146 446,145 444,143 445,141 448,142 450,143 452,143 457,145 451,144 449,143 447,142
Z-dx8J7Kv-c/00000115.jpg	0	412	72	463	124	422,92 422,98 423,104 426,110 429,116 432,122 435,127 439,132 443,133 450,132 456,127 462,121 468,115 471,107 473,99 474,90 473,81 422,84 423,82 426,82 428,83 431,84 437,82 442,79 447,77 452,77 457,79 434,89 434,94 433,99 433,104 431,107 433,108 435,108 438,107 440,106 426,90 427,89 429,89 432,90 430,91 427,91 443,88 445,86 448,86 451,86 448,88 445,89 433,118 433,115 435,114 436,114 438,113 442,114 446,116 443,120 440,122 438,123 436,123 434,121 434,117 435,116 437,116 438,116 445,116 439,118 437,119 435,118
Z-dx8J7Kv-c/00000224.jpg	0	126	146	215	236	142,180 141,190 143,200 146,211 151,221 156,231 161,241 167,250 176,253 186,250 197,242 206,232 214,221 220,209 223,195 223,181 222,167 141,170 143,166 148,164 153,165 157,167 169,165 176,160 183,157 191,158 198,161 164,174 163,183 162,191 161,200 158,204 162,206 166,207 170,205 175,203 148,177 150,174 155,173 159,176 155,177 151,178 177,173 180,169 185,169 190,170 185,172 181,173 160,218 161,215 165,214 168,214 172,213 180,213 189,214 183,224 175,229 171,230 167,230 163,226 162,219 165,217 169,217 173,217 187,215 174,224 170,225 166,224
Z-dx8J7Kv-c/00000224.jpg	1	453	63	527	138	465,83 465,91 466,100 467,109 469,118 471,128 474,136 480,142 487,145 497,144 507,140 516,133 523,125 528,116 531,105 533,95 534,84 467,74 470,70 475,69 480,70 485,73 494,74 500,72 506,71 513,73 518,77 488,80 487,86 486,91 484,98 480,103 483,105 486,106 490,105 493,104 472,80 475,78 479,78 482,81 479,81 475,82 499,81 503,79 507,79 511,82 507,83 503,83 478,119 481,116 484,115 486,116 489,116 495,117 501,121 495,124 490,125 486,125 484,124 481,122 480,119 484,118 486,118 489,119 498,120 489,121 486,121 484,120
Z-dx8J7Kv-c/00000100.jpg	0	429	107	481	159	431,120 430,126 430,132 430,138 431,145 433,152 435,158 440,163 446,166 454,166 461,164 466,160 471,154 474,148 477,141 478,134 479,127 437,112 439,109 443,109 447,110 450,112 455,113 459,112 464,112 468,114 471,118 452,119 451,123 450,128 449,132 446,136 447,137 449,138 451,138 453,137 440,120 442,119 444,119 447,121 444,121 442,121 458,122 461,122 464,122 466,124 463,125 461,124 442,145 444,144 446,143 448,144 450,144 453,146 457,149 453,150 449,150 447,150 445,149 443,148 443,145 446,146 448,146 450,147 455,148 450,147 448,147 446,146
Z-dx8J7Kv-c/00000019.jpg	0	126	46	215	136	120,83 121,95 123,107 127,119 135,128 145,136 156,143 167,147 177,147 185,144 190,136 192,127 194,118 197,109 198,101 198,92 196,84 147,70 153,67 159,65 166,65 171,68 180,68 183,66 187,66 189,67 191,69 178,79 179,85 182,92 184,99 174,104 177,106 180,107 183,106 184,104 155,81 159,79 162,79 164,80 162,82 159,82 182,81 184,80 187,80 189,82 187,83 184,83 166,121 172,118 177,116 179,117 181,117 183,118 184,122 182,124 181,124 179,125 176,124 172,123 169,121 177,119 179,120 181,120 182,121 181,120 179,120 177,120
Z-dx8J7Kv-c/00000214.jpg	0	461	63	536	138	474,84 474,92 474,101 475,110 477,119 479,128 483,137 489,142 497,144 507,144 517,139 526,133 533,125 538,115 540,105 542,95 543,85 476,76 479,73 484,72 489,73 494,76 503,76 509,74 515,73 522,75 527,78 497,82 496,88 495,94 493,100 489,105 492,107 495,108 499,107 503,106 481,82 484,80 488,80 491,83 488,84 484,84 508,83 512,81 516,81 520,84 516,85 512,85 486,120 489,118 493,117 495,118 499,117 504,118 510,121 505,123 499,124 496,124 492,124 489,123 488,120 493,120 495,120 499,120 508,121 499,121 496,121 493,120
Z-dx8J7Kv-c/00000214.jpg	1	127	128	235	235	149,170 149,181 151,193 155,204 161,215 167,225 172,236 179,245 187,248 198,244 209,237 219,226 228,215 235,202 239,188 240,172 240,157 150,160 153,157 157,156 163,157 168,159 181,156 189,151 198,148 207,148 216,152 176,168 175,177 174,186 172,195 170,200 173,202 177,203 182,201 186,198 157,170 160,167 165,167 170,170 165,172 160,172 189,167 193,162 200,161 206,161 201,165 195,167 171,214 173,211 176,210 179,210 183,208 192,209 202,210 194,219 187,224 182,225 179,225 175,221 174,214 177,213 180,213 184,212 199,211 185,218 181,219 178,218
Z-dx8J7Kv-c/00000049.jpg	0	394	303	446	355	403,319 403,325 405,331 407,337 410,343 413,348 416,353 419,359 423,360 429,360 435,355 441,349 446,343 449,336 450,328 451,319 451,311 404,313 406,312 408,313 411,315 414,317 419,316 423,314 427,313 432,313 437,314 416,321 416,326 415,331 414,336 413,337 414,339 416,340 419,339 421,338 407,319 409,319 411,319 413,320 411,321 409,321 424,321 426,321 429,321 432,320 429,322 426,322 415,345 416,345 417,344 418,345 419,345 423,345 427,346 424,350 420,352 419,352 417,351 416,349 416,346 417,346 418,346 419,346 425,346 420,348 418,348 417,347
Z-dx8J7Kv-c/00000081.jpg	0	472	142	516	185	475,152 474,157 473,163 473,169 474,175 475,180 479,185 483,189 489,191 495,192 502,190 507,187 511,183 513,178 516,172 517,167 518,161 481,144 484,143 487,142 490,143 493,145 498,147 502,146 506,147 509,149 511,152 494,152 494,155 493,159 492,162 489,165 490,167 492,168 494,168 495,167 483,151 486,150 488,151 490,152 487,153 485,152 500,155 502,154 505,155 507,157 504,157 502,156 485,174 487,172 490,172 491,173 493,173 496,175 498,178 495,179 492,179 490,178 488,178 486,176 486,174 489,174 491,175 493,175 497,177 492,176 491,176 489,175
Z-dx8J7Kv-c/00000085.jpg	0	452	124	504	176	455,137 454,142 454,148 453,153 454,159 455,165 459,170 463,174 470,177 477,177 484,176 489,173 493,168 496,162 497,157 499,151 499,145 462,129 465,128 468,127 471,127 474,129 479,130 483,129 487,130 490,132 492,135 476,135 475,139 474,142 473,146 470,149 472,151 473,152 475,151 477,151 465,136 467,135 469,135 471,137 468,137 466,137 481,139 484,138 486,139 488,141 486,141 483,140 467,159 469,157 471,157 473,157 474,157 477,159 480,162 476,163 473,162 472,162 470,161 468,160 468,159 471,159 472,159 474,159 479,162 474,160 472,159 470,159
Z-dx8J7Kv-c/00000106.jpg	0	478	47	552	121	493,73 493,81 495,89 497,97 501,105 505,113 510,121 515,127 522,128 530,126 539,121 546,114 553,105 556,95 558,86 559,75 559,64 492,67 494,65 499,64 503,65 507,67 518,65 524,61 531,58 539,58 545,61 512,74 511,80 510,87 509,93 506,96 509,98 512,99 516,97 521,95 497,75 499,73 503,73 508,75 504,76 500,77 524,72 527,69 532,68 537,69 533,72 528,72 506,108 508,105 511,104 514,104 517,103 523,104 530,105 525,112 519,116 515,116 512,116 509,114 508,108 511,107 514,107 517,106 528,106 518,110 515,111 512,111
Z-dx8J7Kv-c/00000073.jpg	0	491	228	535	271	496,234 495,240 494,245 494,250 494,256 495,261 498,266 501,270 506,273 512,274 519,273 524,270 527,266 531,261 533,256 535,251 536,245 500,227 503,226 507,226 510,228 512,230 517,233 520,233 524,233 528,235 530,238 513,236 512,240 511,244 510,248 507,249 508,251 510,252 512,252 513,252 503,234 505,233 507,234 509,236 506,236 504,235 519,240 521,239 523,240 525,242 523,242 520,241 503,256 505,256 507,256 509,257 511,257 513,259 516,261 512,262 509,262 507,261 506,260 504,259 504,257 507,258 509,258 510,259 515,261 510,260 508,259 507,258
Z-dx8J7Kv-c/00000113.jpg	0	429	78	481	130	432,100 433,106 435,112 439,118 442,123 447,128 451,133 455,137 460,138 467,136 473,131 478,125 483,118 485,110 486,102 485,94 485,85 432,92 434,90 437,89 441,89 446,89 453,88 457,84 462,82 468,82 473,84 450,95 450,99 450,104 450,109 448,113 450,114 452,114 455,113 457,111 437,98 439,96 442,95 446,97 442,98 439,99 458,94 460,92 464,91 468,91 465,94 461,94 448,123 450,121 452,120 453,120 455,119 458,119 463,120 460,124 457,126 455,127 453,127 451,126 450,123 452,122 454,122 455,121 461,120 456,123 454,123 453,123
Z-dx8J7Kv-c/00000091.jpg	0	435	113	487	164	439,131 438,137 438,142 439,148 440,154 442,160 445,165 450,170 457,171 464,171 470,169 476,166 479,160 482,154 483,148 484,142 485,135 445,123 447,120 451,119 454,120 457,121 462,122 466,120 470,121 474,122 477,125 459,128 459,132 458,136 457,140 454,144 456,145 458,146 460,145 462,145 448,130 450,128 452,128 455,130 452,131 450,131 465,131 468,130 470,130 473,132 470,132 468,132 451,154 453,152 456,151 457,151 459,151 462,153 465,156 462,157 459,157 457,157 455,156 453,156 453,154 455,153 457,153 459,154 464,155 459,154 457,154 455,154
Z-dx8J7Kv-c/00000031.jpg	0	185	46	275	136	171,81 172,95 174,109 179,122 188,133 199,142 211,149 224,153 234,153 242,149 246,140 249,130 251,119 252,108 252,98 251,88 249,80 202,67 208,63 215,60 223,61 229,63 237,63 240,61 243,61 246,61 248,63 235,74 238,82 241,89 244,97 233,104 237,106 240,107 243,105 245,103 211,77 215,75 219,74 221,77 219,78 215,79 238,76 241,74 244,74 245,77 243,78 241,77 224,124 231,120 237,118 240,119 242,118 243,119 242,123 242,126 241,127 239,128 235,127 230,127 227,124 236,122 239,122 241,122 240,123 241,122 239,122 236,122
Z-dx8J7Kv-c/00000055.jpg	0	155	56	245	146	142,79 144,94 146,108 150,122 159,134 169,143 181,151 193,155 204,156 211,151 214,141 216,131 217,120 219,110 220,100 219,90 218,82 175,72 181,69 188,67 195,68 200,72 212,74 213,71 215,69 216,68 218,68 207,81 210,88 213,94 216,101 205,108 209,109 212,110 215,109 216,107 183,83 187,80 191,79 193,82 191,84 187,84 209,81 211,79 214,79 215,81 214,83 211,83 196,127 202,123 208,121 211,122 212,121 213,123 210,126 211,130 210,133 209,134 206,133 201,132 198,127 207,125 210,125 211,125 209,126 211,127 209,128 207,128
Z-dx8J7Kv-c/00000051.jpg	0	394	303	446	355	402,317 402,323 404,329 406,335 409,341 412,347 415,352 417,357 422,359 428,358 434,354 440,348 445,341 448,334 449,326 450,317 449,309 402,312 404,311 407,312 410,313 412,315 418,315 421,313 426,311 430,311 435,312 415,319 414,324 414,330 413,335 412,336 413,338 415,339 418,338 420,336 406,318 408,317 410,317 412,318 410,319 408,319 422,319 425,318 428,318 431,318 428,320 425,320 414,344 415,344 416,343 417,343 418,343 421,344 426,344 423,348 420,349 418,349 417,349 416,347 416,344 416,344 417,345 418,345 424,344 419,346 418,346 417,345
Z-dx8J7Kv-c/00000051.jpg	1	151	44	259	152	145,81 147,96 149,111 154,124 162,136 173,144 185,152 199,157 212,157 221,151 225,141 227,131 228,120 229,110 231,101 231,91 230,82 175,73 182,69 189,67 196,67 202,69 222,69 223,66 225,64 227,62 229,61 213,81 215,87 218,93 221,100 208,108 213,109 218,110 221,108 223,106 184,85 188,82 193,81 197,83 193,86 189,87 216,80 219,77 223,76 224,78 223,81 220,81 199,129 206,123 212,121 215,121 217,119 219,120 218,125 220,129 218,132 216,133 213,134 206,133 202,128 212,124 215,124 217,123 217,124 218,126 216,127 213,128
Z-dx8J7Kv-c/00000025.jpg	0	163	44	270	152	159,92 160,105 163,118 168,131 177,141 187,150 198,156 211,161 221,161 229,157 234,149 236,140 238,129 240,119 240,109 240,99 238,91 190,79 196,76 202,73 209,74 215,76 224,77 226,75 230,74 232,74 234,75 221,87 224,94 227,101 229,108 219,115 223,116 226,117 229,116 230,114 198,90 202,88 206,87 208,88 206,90 202,91 225,88 228,88 231,88 232,89 231,90 228,90 211,133 218,129 223,128 225,128 227,128 229,129 228,133 228,136 226,136 224,137 222,136 217,135 214,133 222,131 225,131 226,131 227,132 226,131 225,132 222,131
Z-dx8J7Kv-c/00000095.jpg	0	429	95	481	147	437,112 436,118 435,124 435,130 436,137 438,144 442,149 446,155 452,157 459,158 466,155 472,152 476,146 480,141 482,134 484,127 485,121 444,105 447,103 450,103 454,104 456,106 461,107 465,106 470,107 473,109 476,112 458,113 457,117 456,122 455,126 452,129 453,131 455,132 457,131 459,131 447,113 449,112 451,112 453,114 451,114 448,114 464,116 466,115 469,116 471,118 469,118 466,118 448,138 450,137 453,136 454,137 456,137 459,139 462,142 458,143 455,143 453,143 451,142 450,141 450,138 453,139 454,139 456,140 460,142 455,140 454,140 452,139
Z-dx8J7Kv-c/00000066.jpg	0	458	228	501	271	462,244 462,248 462,253 463,258 464,263 465,268 468,271 473,274 478,275 483,274 488,273 493,270 496,266 498,261 499,256 500,251 500,246 466,235 468,233 471,232 473,233 476,234 481,235 484,234 487,234 491,236 493,238 478,239 477,243 477,246 477,249 474,252 475,253 477,254 478,253 480,253 468,241 470,239 472,239 474,241 472,242 469,241 483,242 485,241 487,241 489,243 487,243 485,243 471,261 473,259 475,258 477,258 478,258 481,259 483,262 481,263 478,263 476,263 475,262 473,262 472,261 475,260 477,260 478,260 482,261 478,260 477,260 475,260
Z-dx8J7Kv-c/00000027.jpg	0	175	46	265	136	167,81 167,95 169,108 174,121 182,132 192,141 203,148 216,152 226,153 234,149 239,141 242,131 243,120 244,110 246,100 245,91 243,82 196,69 202,65 209,63 216,64 222,66 229,67 232,65 236,64 239,64 240,66 227,77 230,84 233,91 235,98 225,105 228,107 232,108 234,107 236,104 204,79 208,77 212,76 214,78 212,80 208,80 231,78 233,76 236,76 238,79 236,80 234,80 217,125 223,120 228,118 230,119 232,118 234,120 234,124 233,126 232,127 230,128 227,128 223,127 219,124 228,122 230,122 232,122 232,123 232,122 230,123 228,122
Z-dx8J7Kv-c/00000093.jpg	0	435	107	487	159	439,120 438,125 437,131 437,137 438,144 440,150 443,155 448,160 455,162 462,163 469,160 474,156 478,151 480,145 482,138 484,132 484,125 444,112 447,110 450,109 454,110 457,112 462,113 466,111 470,111 474,114 477,117 459,118 458,123 457,127 456,131 453,135 455,136 457,137 459,136 461,136 447,119 449,118 452,118 454,120 451,120 449,120 465,121 467,120 470,121 472,122 470,123 467,122 449,144 452,142 454,142 456,143 458,142 461,144 464,147 460,148 457,148 455,148 453,147 451,146 451,144 454,144 456,144 458,144 463,146 458,145 456,145 454,145
Z-dx8J7Kv-c/00000105.jpg	0	486	47	560	121	503,80 503,86 503,92 505,100 506,107 509,115 512,122 517,128 523,130 533,130 543,126 553,121 562,113 567,104 569,93 569,82 570,71 498,68 498,64 502,63 506,64 510,65 521,64 528,60 536,59 544,60 551,64 516,73 514,78 513,84 512,89 508,95 511,97 515,97 520,96 525,94 503,76 505,74 508,73 512,75 508,76 505,77 529,73 532,71 537,70 542,72 537,73 533,74 509,108 509,106 512,105 515,105 519,104 527,105 535,106 529,112 522,115 518,116 514,115 511,113 510,108 513,108 516,108 520,107 533,107 521,110 517,110 514,110
Z-dx8J7Kv-c/00000013.jpg	0	106	76	195	166	105,112 105,121 105,131 108,141 112,150 118,158 126,166 135,171 144,173 153,173 160,168 164,161 167,153 169,145 172,137 173,129 173,121 125,99 130,97 136,97 141,98 145,101 154,102 158,101 163,102 166,104 169,107 150,111 150,117 150,123 151,129 144,134 146,136 149,137 151,137 153,136 131,112 134,110 137,111 140,112 137,114 133,113 157,115 160,115 163,116 165,118 162,119 159,118 136,148 141,146 145,145 147,146 150,146 153,148 155,152 152,153 149,153 147,152 144,152 140,150 138,148 144,148 147,149 149,149 153,151 149,149 147,149 145,148
Z-dx8J7Kv-c/00000053.jpg	0	155	56	245	146	146,85 147,99 149,113 154,126 162,137 173,146 184,152 196,157 206,157 213,153 217,143 219,133 221,121 223,111 224,101 222,91 220,83 177,74 182,70 189,68 196,68 201,70 209,70 211,68 214,66 216,67 217,68 207,80 210,87 213,93 217,100 205,108 209,109 213,110 216,109 217,107 185,83 189,81 192,80 194,82 192,84 189,84 209,81 211,79 214,79 215,81 214,82 212,82 196,129 203,124 208,121 211,122 213,121 214,123 212,127 213,131 212,134 210,135 207,134 202,133 199,128 208,126 211,126 212,126 211,127 212,128 210,129 207,129
Z-dx8J7Kv-c/00000077.jpg	0	487	180	530	223	495,190 493,195 492,200 492,206 492,212 493,218 495,223 499,227 504,230 511,231 517,229 522,226 527,222 530,217 532,212 534,207 535,201 499,184 502,183 505,183 508,184 510,187 515,189 519,189 523,190 526,192 529,195 512,193 511,197 510,200 509,204 505,206 506,207 508,209 510,209 512,208 501,190 503,190 506,190 507,193 505,193 503,192 517,196 519,195 522,197 524,199 521,199 519,198 501,212 503,212 506,212 507,213 509,214 512,215 514,218 511,219 508,219 505,218 504,217 502,215 502,213 505,214 507,215 509,215 513,217 508,216 506,216 505,215
Z-dx8J7Kv-c/00000111.jpg	0	446	84	498	136	459,101 459,106 460,112 462,118 464,123 466,129 469,135 472,140 477,141 483,140 491,136 497,131 502,123 505,115 506,107 506,98 505,89 456,93 457,91 459,91 461,92 464,93 470,92 474,89 479,87 484,87 489,89 467,98 467,103 466,107 465,112 464,116 466,117 468,117 471,116 473,115 460,100 461,98 463,98 465,99 463,100 461,100 476,97 477,95 480,95 484,95 481,97 478,98 468,126 467,124 468,123 469,123 471,123 475,123 480,124 476,128 473,130 471,130 470,130 469,128 469,126 469,125 470,125 471,124 478,124 472,127 470,127 469,127
Z-dx8J7Kv-c/00000005.jpg	0	135	87	197	149	134,104 133,112 132,120 133,128 136,136 140,143 145,149 151,154 159,157 166,158 173,155 178,150 182,145 184,139 187,132 189,126 189,119 148,94 152,92 157,91 162,93 165,97 172,99 176,99 181,100 184,103 186,107 168,106 168,111 167,116 167,121 160,124 162,126 164,128 167,128 168,127 152,104 155,103 158,104 160,106 157,107 154,106 173,111 177,111 180,112 181,114 179,114 176,113 154,135 158,134 161,134 163,135 165,135 168,137 169,142 166,142 163,142 162,141 159,140 157,138 156,136 161,136 163,137 165,138 168,141 164,138 162,138 160,137
Z-dx8J7Kv-c/00000029.jpg	0	175	32	282	140	167,75 168,90 170,104 175,118 185,129 196,138 209,146 222,150 233,150 241,146 246,137 248,127 250,116 251,105 252,95 252,85 250,76 200,63 207,60 214,57 221,58 227,61 235,61 237,59 240,58 242,58 245,58 233,71 236,79 239,86 242,93 230,101 235,102 239,103 242,102 244,100 209,74 213,72 217,71 219,73 217,75 214,75 236,72 238,71 241,71 242,73 241,74 239,74 222,120 229,116 235,114 237,115 239,114 241,116 240,120 240,123 238,124 236,124 233,123 228,122 225,120 234,118 237,119 239,119 239,119 238,119 237,119 234,118
Z-dx8J7Kv-c/00000228.jpg	0	453	63	527	138	464,83 463,92 464,100 465,109 466,118 468,128 472,136 477,142 485,144 495,144 505,140 514,133 521,125 526,115 529,105 531,95 532,84 466,75 469,71 473,70 478,71 483,74 491,74 497,72 504,71 510,73 516,77 485,80 484,86 483,92 481,98 478,103 480,105 483,106 487,105 491,104 471,81 473,79 477,79 480,81 477,82 473,82 497,82 500,80 504,80 508,82 504,83 500,83 476,120 478,117 481,115 484,116 487,116 492,117 498,121 492,123 487,124 484,124 481,123 478,122 478,119 481,118 484,118 487,119 496,121 487,121 484,121 481,120
Z-dx8J7Kv-c/00000228.jpg	1	115	140	223	247	136,175 136,186 138,197 142,208 147,219 152,230 157,241 163,251 172,254 183,251 193,243 203,233 212,221 218,208 222,194 223,178 223,162 137,169 140,166 144,166 149,167 154,169 166,167 173,162 181,158 190,158 198,161 160,175 160,184 158,193 157,202 155,206 158,209 162,210 167,207 171,205 144,177 147,175 151,175 156,177 152,178 147,179 174,173 178,170 183,169 189,169 184,172 179,173 157,219 158,217 161,216 164,216 168,215 177,215 186,215 179,225 172,230 168,231 164,231 160,226 159,219 162,219 165,219 169,218 184,216 170,224 166,225 163,224
Z-dx8J7Kv-c/00000072.jpg	0	487	233	530	276	494,242 493,247 492,252 492,257 492,263 493,268 496,273 499,277 504,279 510,280 516,279 521,277 525,273 528,269 531,264 532,258 534,253 499,234 501,233 505,233 507,235 510,237 514,240 518,239 522,240 525,242 527,245 511,243 510,247 509,250 508,254 504,256 506,257 507,259 509,259 511,258 501,241 503,240 505,241 506,243 504,243 502,242 516,247 518,246 521,247 523,249 520,249 518,248 501,263 503,262 505,262 507,263 509,263 511,265 514,268 510,269 507,268 505,268 503,267 502,265 502,263 505,264 506,265 508,265 512,267 508,266 506,265 504,264
Z-dx8J7Kv-c/00000008.jpg	0	121	72	196	146	119,97 118,105 118,114 119,123 123,131 128,139 135,146 143,151 151,154 160,154 167,150 172,145 175,138 177,131 180,123 181,116 182,109 136,86 141,84 146,84 151,86 155,89 163,91 167,90 172,91 175,93 177,96 159,99 158,104 158,109 158,115 152,118 154,120 156,122 158,121 160,121 141,98 144,97 148,97 150,100 147,100 144,100 164,103 168,102 171,103 173,106 170,106 167,105 146,131 150,129 153,128 156,130 158,130 160,132 162,136 159,137 156,136 154,136 152,135 149,133 147,131 153,131 155,132 157,133 160,135 157,133 155,132 152,131
Z-dx8J7Kv-c/00000225.jpg	0	126	146	215	236	141,180 140,190 142,200 146,211 150,221 155,231 160,241 165,250 175,253 185,250 196,242 205,232 214,221 220,209 222,195 223,181 221,167 141,170 143,166 147,165 152,166 156,168 168,165 175,161 182,158 190,159 196,162 163,175 162,183 161,192 160,201 158,205 161,207 165,208 169,206 173,204 147,177 150,174 154,174 158,177 154,178 150,178 175,174 178,170 183,169 188,171 184,173 179,174 159,219 160,216 164,215 167,215 171,214 179,214 188,215 181,224 174,229 170,230 166,230 162,226 161,219 164,218 168,218 172,217 186,216 173,224 169,225 165,224
Z-dx8J7Kv-c/00000225.jpg	1	453	63	527	138	465,82 464,91 465,99 466,108 468,118 470,127 473,136 479,142 487,144 496,144 507,140 515,133 523,125 528,116 531,105 532,94 533,84 467,74 470,70 475,70 480,71 485,73 493,74 499,72 506,71 512,73 518,76 488,80 486,86 485,92 484,98 480,103 482,105 485,106 489,105 493,104 472,80 475,78 479,78 482,81 478,82 475,82 499,81 502,79 506,80 510,82 506,83 502,83 478,119 480,116 483,115 486,116 489,116 494,117 500,120 494,123 489,124 486,124 483,123 480,122 480,119 483,118 486,119 489,119 498,120 489,120 486,120 483,120
Z-dx8J7Kv-c/00000003.jpg	0	142	101	204	163	141,116 140,124 140,132 141,140 143,147 146,154 152,160 158,164 165,167 173,168 179,165 184,161 188,155 190,149 192,143 194,137 195,130 155,106 159,104 164,104 168,106 172,109 178,112 182,111 186,112 189,115 191,118 174,118 174,123 173,128 173,133 167,136 169,137 171,139 173,139 175,138 159,116 162,115 164,116 166,118 163,119 161,118 179,123 183,122 185,123 187,126 184,126 182,125 161,147 165,145 168,145 170,146 172,146 174,148 175,152 173,153 170,152 168,151 166,150 164,149 163,147 167,147 169,148 171,149 174,152 171,149 169,148 167,147
Z-dx8J7Kv-c/00000014.jpg	0	113	88	187	163	107,112 107,122 108,132 110,141 114,150 120,158 127,165 136,169 146,171 155,171 162,166 166,159 168,150 170,142 173,134 174,125 174,117 124,98 130,95 135,94 141,95 146,98 155,99 159,98 164,98 168,100 170,103 151,108 151,114 152,120 152,127 145,132 148,133 150,135 153,134 155,133 130,109 134,108 138,108 140,110 137,111 134,111 158,112 161,111 164,112 166,114 164,115 161,114 137,147 143,144 147,143 150,144 152,144 155,146 157,150 154,151 151,151 149,151 146,150 142,149 140,147 147,146 149,146 152,147 155,149 152,147 149,147 147,146
Z-dx8J7Kv-c/00000108.jpg	0	467	66	529	129	472,86 473,93 474,101 477,109 480,116 484,123 488,129 493,134 500,136 508,134 515,130 522,123 528,116 531,107 532,97 532,88 532,78 476,81 479,79 482,79 486,80 490,81 495,81 499,78 505,76 510,75 515,77 492,87 492,93 492,99 491,105 489,108 491,109 493,110 496,109 499,107 481,87 483,85 486,85 489,87 486,88 483,89 500,86 503,83 506,83 510,84 507,86 503,87 491,119 492,117 493,116 495,116 496,115 500,116 505,117 501,121 498,123 496,123 494,123 492,122 492,119 494,118 495,118 496,117 503,117 497,119 496,120 494,120
Z-dx8J7Kv-c/00000240.jpg	0	453	66	515	129	460,84 459,92 460,101 461,109 463,117 465,125 469,132 475,138 482,140 491,139 499,135 506,129 512,121 517,113 519,104 520,94 522,85 462,77 466,74 470,74 475,75 480,77 489,78 494,76 500,75 506,76 511,79 483,84 483,90 481,96 480,103 476,107 479,108 482,109 485,108 488,107 467,84 470,82 474,82 477,85 474,86 470,86 493,85 496,83 500,83 504,85 501,87 497,87 473,119 476,117 479,116 482,117 485,116 490,117 495,119 490,124 485,126 482,126 479,126 475,124 474,119 479,119 482,119 485,119 493,120 485,122 482,122 479,121
Z-dx8J7Kv-c/00000240.jpg	1	116	146	205	236	134,181 134,191 136,201 140,211 144,221 149,231 154,242 160,251 169,254 179,252 190,245 199,235 208,224 214,211 216,197 217,183 216,168 134,171 136,167 141,167 145,168 150,170 162,168 169,164 177,161 185,162 191,166 157,178 156,186 155,195 154,204 151,207 154,210 158,211 163,209 167,207 141,178 143,175 148,175 152,179 148,179 144,180 170,177 173,173 178,172 183,175 179,177 174,177 154,220 155,217 158,217 161,218 165,217 174,217 183,218 176,227 168,232 164,232 160,232 156,227 156,220 158,220 162,220 166,220 180,218 167,226 163,227 159,226
Z-dx8J7Kv-c/00000042.jpg	0	400	308	452	360	409,323 409,329 411,335 413,342 416,347 420,353 423,358 425,363 430,366 436,365 442,360 448,355 453,348 457,340 458,332 459,323 459,315 410,317 412,316 414,317 417,318 420,320 425,320 429,318 434,316 439,316 444,318 422,325 422,330 421,336 421,341 419,342 421,344 423,345 425,344 428,343 413,323 415,323 418,323 420,324 417,325 415,325 431,325 433,324 436,324 439,324 436,326 433,326 422,351 422,350 423,349 424,350 426,349 429,350 433,351 430,355 427,357 425,357 424,356 423,354 423,351 423,351 424,351 426,351 432,351 426,353 425,353 424,352
Z-dx8J7Kv-c/00000002.jpg	0	142	101	204	163	145,118 144,125 144,133 145,140 147,147 151,154 155,160 162,165 169,167 176,168 183,165 188,161 191,155 194,150 196,144 198,137 199,131 158,108 162,106 166,106 170,107 173,110 180,112 184,112 188,113 192,115 194,118 176,119 176,124 175,128 175,133 169,136 171,138 173,139 175,139 177,139 162,118 165,117 167,118 169,120 166,120 164,119 182,123 185,123 187,124 189,126 187,126 184,125 164,147 167,145 170,145 172,146 174,146 176,148 178,152 175,153 173,152 170,151 169,151 166,149 165,147 170,148 171,148 173,149 177,152 173,149 171,148 169,148
Z-dx8J7Kv-c/00000092.jpg	0	435	113	487	164	439,125 439,130 438,136 438,142 439,148 441,155 444,160 449,165 455,167 463,167 470,165 475,161 479,156 481,150 483,143 484,137 485,130 445,117 447,115 450,114 454,115 457,117 462,117 466,116 470,116 474,118 477,121 459,123 458,127 457,131 456,136 453,139 455,140 456,141 459,141 461,140 448,124 450,123 452,123 454,124 452,125 449,125 465,126 468,125 470,125 472,127 470,127 467,127 450,149 452,147 454,146 456,147 458,147 461,148 465,151 461,153 458,153 456,153 454,152 451,151 451,149 454,149 456,149 458,149 463,151 458,150 456,150 454,149
Z-dx8J7Kv-c/00000086.jpg	0	446	118	498	170	452,136 451,141 450,147 450,153 450,158 452,164 455,169 460,173 466,175 473,176 480,174 486,171 490,167 492,161 494,155 495,150 496,144 459,128 461,126 464,126 468,126 471,128 475,128 479,128 483,128 486,131 488,133 472,134 471,137 470,141 469,144 467,148 468,149 469,150 471,150 473,150 461,135 463,134 465,134 467,136 465,136 463,136 478,137 480,137 482,137 484,139 482,139 480,139 463,158 465,156 467,155 469,156 470,156 473,158 476,161 472,161 469,161 468,160 466,160 464,159 464,158 467,157 468,158 470,158 474,160 470,158 468,158 466,157
Z-dx8J7Kv-c/00000016.jpg	0	116	66	205	156	108,100 109,110 110,121 113,132 120,141 128,149 137,155 147,160 158,161 166,159 171,153 173,144 175,135 177,127 179,119 179,111 178,103 130,86 136,83 142,81 148,82 153,85 162,86 165,84 170,84 173,85 175,88 159,96 160,102 162,109 163,115 154,121 157,122 161,123 163,123 165,121 138,97 141,96 145,95 147,97 145,98 141,98 164,99 167,98 170,98 172,100 170,101 167,100 148,136 153,133 157,132 160,133 163,132 165,134 166,138 164,140 162,140 160,140 157,139 152,138 150,136 157,135 160,136 162,136 164,138 162,136 160,136 157,135
Z-dx8J7Kv-c/00000064.jpg	0	443	218	487	262	448,235 448,240 448,245 449,250 451,254 453,259 456,262 460,265 465,265 470,265 475,263 479,259 482,255 484,250 485,245 485,240 486,235 451,227 453,225 456,225 459,225 461,226 466,227 469,225 473,225 476,227 478,229 464,231 463,234 463,238 463,241 461,244 462,245 463,245 465,245 467,244 454,232 455,231 458,231 460,232 458,233 455,233 469,233 471,232 473,232 475,233 473,234 471,234 458,252 460,250 462,249 463,250 465,249 467,250 470,252 467,253 465,254 463,254 462,253 460,253 459,252 462,251 463,251 465,251 469,252 465,251 463,251 462,251
Z-dx8J7Kv-c/00000036.jpg	0	175	46	265	136	161,80 162,95 165,110 171,124 181,135 193,144 206,151 219,154 230,153 237,148 240,138 241,127 242,115 244,105 244,95 243,85 240,76 194,70 200,65 207,62 215,60 222,62 229,62 232,59 235,58 237,58 239,59 228,73 231,80 235,88 239,96 227,105 231,106 235,106 238,105 239,102 203,79 208,76 212,75 215,76 212,79 208,79 230,73 232,72 235,71 236,73 235,74 233,74 217,125 225,120 231,118 234,118 236,117 237,117 234,121 236,125 236,128 234,129 231,129 225,128 220,125 231,122 234,121 235,121 234,121 235,122 234,123 231,123
Z-dx8J7Kv-c/00000024.jpg	0	165	56	255	146	155,96 156,109 158,122 163,135 171,144 182,152 193,158 205,162 216,162 224,158 229,150 231,141 233,131 234,121 234,111 233,102 231,94 183,82 189,78 196,76 203,76 209,78 218,78 221,76 224,75 227,76 228,78 216,89 218,96 221,103 224,109 214,117 217,118 220,119 223,118 224,116 192,92 196,90 200,89 202,91 200,93 196,93 219,91 222,89 225,89 226,91 225,92 222,92 205,135 212,131 217,128 219,129 221,129 223,130 222,134 222,136 221,137 219,138 216,137 211,137 208,135 217,132 219,132 220,132 221,133 220,132 219,133 217,133
Z-dx8J7Kv-c/00000017.jpg	0	116	56	205	146	112,93 113,104 114,115 118,126 124,135 133,143 142,149 153,154 163,154 171,152 176,146 179,137 180,128 182,119 184,111 184,102 183,94 136,79 141,76 147,74 154,74 159,77 167,78 170,76 175,76 178,77 180,80 165,88 166,94 168,101 169,108 160,113 163,115 166,116 169,115 170,114 143,90 147,88 150,87 153,89 150,91 147,91 169,90 172,89 175,90 177,92 175,93 172,92 154,129 159,126 163,124 166,125 168,125 170,127 171,131 169,132 168,133 165,133 162,132 158,131 156,129 163,128 166,128 168,128 169,130 168,128 165,128 163,128
Z-dx8J7Kv-c/00000062.jpg	0	429	214	472	257	436,230 436,235 436,239 437,244 439,249 441,253 444,257 448,259 453,259 458,259 463,256 466,253 469,249 471,244 472,239 472,234 472,229 439,222 441,220 443,219 446,219 449,221 453,221 456,219 460,219 463,220 466,223 451,225 451,229 451,232 451,236 448,239 450,239 451,240 453,239 454,239 441,227 443,226 445,226 447,227 445,228 443,228 456,227 458,226 460,226 462,227 460,228 458,228 446,247 448,245 450,244 451,244 453,244 455,245 458,247 455,248 453,248 451,248 450,248 448,248 447,247 450,246 451,246 453,246 456,246 453,246 451,246 450,246
Z-dx8J7Kv-c/00000062.jpg	1	190	66	252	129	205,88 205,95 206,103 209,110 212,117 214,125 217,132 220,138 226,140 234,138 241,133 249,126 255,119 259,111 261,101 262,91 262,81 203,80 204,77 207,76 210,78 214,79 221,77 227,74 233,72 239,73 244,75 217,85 216,90 215,95 214,101 213,106 215,107 217,107 220,106 224,105 207,87 209,85 212,84 215,87 212,88 209,88 227,85 230,82 233,82 237,83 234,85 230,85 214,119 214,116 216,114 218,115 221,114 226,115 232,117 227,123 223,125 220,126 218,126 216,124 215,119 217,117 219,117 221,116 229,118 222,121 219,122 217,122
Z-dx8J7Kv-c/00000125.jpg	0	342	80	405	142	353,99 353,107 355,114 357,121 360,128 363,135 367,141 371,146 377,148 383,146 390,141 396,135 402,127 406,119 407,110 408,101 408,92 355,95 358,93 361,92 364,93 368,95 375,93 379,90 384,89 389,89 394,90 371,99 371,105 371,110 370,115 368,118 370,120 372,120 374,119 377,118 360,101 362,101 365,100 368,101 365,102 363,102 379,99 382,98 384,98 388,98 385,100 382,100 368,129 369,128 371,127 372,127 374,126 377,127 382,128 378,132 375,134 373,135 372,135 370,133 369,129 371,129 373,129 374,128 380,129 375,130 373,131 371,131
Z-dx8J7Kv-c/00000120.jpg	0	370	66	432	129	377,86 378,93 380,101 383,108 386,115 390,122 394,128 399,134 405,135 412,133 418,128 424,121 428,113 431,105 432,96 432,87 432,79 381,83 383,81 387,81 391,81 395,83 402,81 406,79 411,77 417,77 421,80 399,88 399,93 398,98 398,104 395,107 397,109 400,109 402,108 405,107 386,88 388,86 392,86 395,88 392,90 389,90 405,87 408,84 412,84 415,85 412,87 409,87 395,118 397,116 399,115 400,115 402,114 405,115 409,117 406,121 403,123 401,123 400,123 397,121 397,118 399,117 401,117 402,117 407,117 403,119 401,119 399,119
Z-dx8J7Kv-c/00000018.jpg	0	129	63	204	138	119,89 119,100 121,111 124,121 131,131 139,138 148,145 159,149 170,150 178,147 183,140 186,131 187,122 188,113 190,105 190,96 188,89 141,74 146,71 152,69 159,69 164,72 173,72 177,70 181,70 184,72 186,74 171,82 172,89 174,96 176,103 167,108 170,110 173,111 175,110 176,108 148,84 152,82 156,82 159,84 156,86 152,86 175,85 178,84 181,84 183,86 181,87 178,87 159,124 165,121 170,119 172,120 174,120 176,121 177,125 176,127 174,128 172,128 169,128 165,126 162,124 170,123 172,123 174,123 175,125 174,123 172,123 170,123
Z-dx8J7Kv-c/00000060.jpg	0	155	56	245	146	141,82 143,96 144,111 149,124 158,134 168,142 179,149 191,153 202,153 209,149 212,140 213,130 214,120 216,111 217,101 217,92 215,84 172,74 178,71 185,69 192,69 197,73 209,76 210,73 211,71 213,70 215,70 204,82 207,88 210,95 213,101 201,109 205,110 209,110 212,109 213,107 181,83 184,81 188,80 191,83 188,84 185,84 206,82 208,80 211,80 212,82 211,83 208,83 193,127 199,123 205,121 208,122 209,121 210,122 208,125 209,129 208,131 206,131 203,131 199,130 196,126 204,124 207,124 208,124 207,125 208,126 207,126 204,126
Z-dx8J7Kv-c/00000060.jpg	1	389	297	440	349	398,312 398,318 400,324 402,330 405,336 408,341 411,347 414,352 418,354 424,353 430,349 435,343 440,336 443,329 445,321 445,312 445,304 399,307 401,306 403,307 406,308 408,310 414,310 418,308 422,306 427,306 431,308 411,314 410,319 410,325 409,330 407,331 409,333 411,334 414,333 416,332 402,313 404,313 406,313 408,314 406,315 404,315 418,314 420,313 423,313 426,313 424,315 421,315 410,339 410,338 411,338 412,339 414,338 417,339 421,339 418,343 415,345 414,345 412,344 411,342 411,340 412,340 413,340 414,340 420,340 415,341 413,341 412,341
Z-dx8J7Kv-c/00000233.jpg	0	453	66	515	129	461,83 460,92 461,100 462,108 464,117 467,125 470,132 476,138 483,140 491,139 499,135 507,129 513,121 518,113 520,103 522,94 522,84 463,77 466,74 471,73 476,75 480,77 488,78 494,75 500,74 506,75 511,79 484,84 483,90 482,96 481,102 477,106 479,107 482,108 485,108 489,107 468,83 471,81 475,82 478,84 474,85 471,85 493,85 497,82 501,82 504,85 501,86 497,86 474,119 476,117 480,116 482,117 485,116 490,117 495,119 490,124 486,126 482,126 479,126 476,124 475,119 480,119 482,119 485,119 493,120 485,121 482,122 480,121
Z-dx8J7Kv-c/00000233.jpg	1	115	140	223	247	132,174 133,185 135,197 140,208 146,219 151,230 156,241 161,250 170,254 180,250 190,242 200,231 209,219 216,206 221,191 223,175 223,159 133,167 136,165 141,166 146,168 151,170 165,167 172,162 181,158 190,156 200,158 158,176 157,185 156,194 155,203 152,207 155,210 159,211 164,208 169,206 139,177 143,175 148,174 153,177 148,179 143,179 172,174 177,169 183,168 190,168 184,172 178,174 154,219 155,218 158,217 162,217 166,216 174,216 184,215 177,226 169,232 165,233 161,232 157,227 156,220 159,219 162,220 167,219 182,217 168,226 163,227 160,226
Z-dx8J7Kv-c/00000058.jpg	0	155	56	245	146	142,79 143,93 145,108 149,121 157,132 167,141 178,149 191,154 202,154 209,150 212,141 214,131 215,120 217,110 218,100 218,91 216,82 174,73 180,70 186,68 193,69 198,72 211,75 211,73 212,70 214,68 216,68 205,82 208,89 211,95 214,102 202,109 206,110 210,111 213,110 214,107 182,83 185,80 189,80 191,83 189,84 185,85 207,82 209,80 212,79 213,81 212,83 209,83 194,127 201,123 206,121 208,122 210,121 211,123 209,125 209,129 208,131 207,132 204,132 200,131 197,127 205,125 208,125 209,125 208,125 208,126 207,127 205,127
Z-dx8J7Kv-c/00000058.jpg	1	389	297	440	349	399,313 399,319 401,325 403,331 406,337 409,342 412,347 414,352 418,354 424,353 430,349 436,344 440,337 444,330 445,322 446,314 446,306 399,307 401,306 404,307 406,309 409,311 414,311 418,308 422,307 427,307 432,308 411,315 411,320 410,326 410,331 408,332 410,334 412,334 414,334 416,333 403,314 404,314 407,314 409,315 406,316 404,316 419,316 421,315 424,315 427,315 424,317 421,317 411,340 411,339 412,338 413,339 414,338 418,339 421,341 419,344 416,346 414,346 413,345 412,343 412,340 412,340 413,341 414,341 420,341 415,342 414,342 413,341
Z-dx8J7Kv-c/00000216.jpg	0	461	63	536	138	472,84 471,93 472,101 473,110 475,120 477,129 481,136 487,142 495,144 505,143 515,139 524,133 531,125 536,116 538,105 540,95 541,85 474,75 478,72 483,72 488,73 492,75 501,76 507,74 514,73 520,75 526,78 495,82 494,88 493,93 491,100 487,105 490,106 493,107 497,107 501,106 479,82 482,80 486,80 490,83 486,84 482,84 507,83 510,81 515,81 518,83 514,85 510,85 485,120 487,117 491,116 494,117 497,117 502,118 508,121 503,123 497,124 494,124 491,123 487,122 486,120 491,119 494,120 497,120 506,121 497,120 494,120 491,120
Z-dx8J7Kv-c/00000216.jpg	1	127	128	235	235	145,169 145,181 148,193 154,204 160,214 165,225 170,237 176,246 185,249 196,246 208,237 218,226 228,214 235,200 241,185 243,169 243,152 144,158 148,154 153,154 159,155 165,157 178,154 187,148 197,144 208,143 219,146 173,166 172,176 171,186 169,196 167,201 170,204 175,204 179,202 184,199 152,169 155,165 161,165 167,169 162,171 156,171 189,165 194,158 201,157 208,158 203,163 195,164 169,216 170,213 174,211 177,211 180,210 189,210 199,211 191,222 184,227 180,228 176,228 172,224 171,216 174,214 177,214 181,213 196,212 182,220 178,221 175,221
Z-dx8J7Kv-c/00000061.jpg	0	424	214	467	257	430,228 430,233 431,237 432,242 434,247 436,251 439,255 443,257 447,258 452,258 457,255 461,252 464,248 465,243 466,238 467,232 467,227 433,221 435,219 438,219 441,219 444,220 448,220 451,219 454,219 457,219 460,222 446,225 446,228 446,232 446,235 443,238 444,239 446,239 448,238 449,238 436,226 438,225 440,225 442,226 440,227 438,227 451,226 453,225 455,225 457,226 455,227 453,227 441,245 443,244 445,243 446,243 448,243 450,244 452,245 450,247 448,247 446,247 445,247 443,247 442,245 445,245 446,245 448,245 451,245 448,245 446,245 445,245
Z-dx8J7Kv-c/00000061.jpg	1	204	59	266	122	218,91 218,97 220,104 223,110 226,116 230,122 233,128 237,133 242,135 248,133 255,128 263,123 269,115 273,107 275,98 275,88 274,79 216,80 217,78 220,77 222,77 225,78 232,76 237,72 242,70 249,71 254,73 229,84 229,89 228,94 227,99 227,104 229,105 231,105 233,104 236,103 221,87 222,85 224,84 227,85 224,86 222,87 239,83 241,80 244,80 248,81 245,82 242,83 230,117 229,114 230,112 232,113 234,112 239,113 244,115 241,120 237,123 235,123 233,123 231,121 231,117 231,114 233,114 235,114 242,115 236,119 234,120 232,119
Z-dx8J7Kv-c/00000068.jpg	0	472	238	516	281	477,250 476,255 476,260 476,265 477,270 478,275 480,278 484,281 489,283 494,283 500,282 504,280 508,276 510,271 512,266 513,261 514,256 480,241 483,239 485,239 488,240 490,242 496,243 499,242 502,243 505,245 507,247 492,247 491,250 491,254 490,257 487,260 488,261 490,262 491,262 493,261 482,247 484,246 486,247 488,248 486,249 484,248 497,250 499,250 502,250 504,252 501,252 499,252 484,268 486,266 488,266 489,267 491,266 494,268 496,271 493,271 490,271 489,271 487,270 485,269 485,268 488,268 489,268 491,268 495,270 491,269 489,269 487,268
Z-dx8J7Kv-c/00000119.jpg	0	383	72	435	124	388,87 389,93 390,100 393,107 395,113 398,120 401,126 405,131 411,132 417,131 423,126 429,120 433,113 437,105 438,97 439,89 439,80 391,82 393,80 396,80 399,81 403,82 409,81 413,78 417,76 422,76 427,78 406,87 405,92 405,97 405,102 403,106 404,107 406,107 409,106 411,105 395,88 397,87 399,87 402,88 400,89 397,90 413,87 415,85 418,85 421,85 419,87 416,88 403,116 403,114 405,113 407,113 408,112 411,113 415,115 412,119 409,121 408,121 406,121 404,119 404,116 405,115 407,115 409,115 414,115 409,117 407,117 406,117
Z-dx8J7Kv-c/00000087.jpg	0	440	118	492	170	448,136 447,141 446,147 446,153 447,158 449,164 452,169 457,174 463,176 470,176 477,175 482,172 486,167 489,162 491,156 492,150 493,144 455,128 458,126 461,125 464,126 467,128 472,128 475,127 479,128 483,130 485,133 469,134 468,137 467,141 466,144 463,148 465,149 466,150 468,150 469,150 458,135 459,134 462,134 463,136 461,136 459,136 474,137 477,137 479,137 481,139 479,139 476,139 459,158 461,156 464,155 465,156 467,156 470,158 473,161 469,161 466,161 464,161 463,160 461,159 460,158 463,157 465,158 467,158 471,160 467,158 465,158 463,158
Z-dx8J7Kv-c/00000236.jpg	0	453	66	515	129	460,84 460,93 461,101 462,109 463,117 466,125 471,132 476,137 483,139 491,138 499,135 507,129 513,122 517,114 520,104 521,95 522,85 463,78 466,75 471,74 476,75 480,78 488,78 494,76 500,75 506,76 511,80 484,84 483,91 482,97 481,103 476,106 479,108 482,109 485,108 489,107 468,84 471,82 475,82 478,85 474,86 470,86 493,86 496,83 501,83 504,85 501,87 497,87 473,118 476,116 479,115 482,116 486,115 491,116 496,119 491,123 486,125 482,126 479,125 475,123 475,118 479,118 482,118 486,118 494,119 486,121 482,121 479,121
Z-dx8J7Kv-c/00000236.jpg	1	116	146	205	236	135,181 135,190 136,201 140,211 144,221 149,232 154,242 160,251 170,254 181,252 191,245 200,234 209,223 214,211 217,197 217,183 215,168 135,171 137,167 141,167 146,168 150,170 162,168 169,164 177,161 185,162 191,166 157,178 156,186 156,195 155,204 151,207 155,210 159,211 163,209 168,207 142,179 144,176 148,176 152,179 148,179 144,180 170,177 173,173 178,172 183,175 179,176 174,177 154,220 155,218 158,217 161,218 166,217 174,217 183,217 176,226 169,231 164,231 160,230 157,226 156,220 159,220 162,221 166,220 180,218 168,225 163,226 160,224
Z-dx8J7Kv-c/00000219.jpg	0	453	63	527	138	469,82 468,91 469,100 470,108 472,118 474,127 477,135 482,141 490,144 500,143 510,140 519,134 527,126 532,116 535,106 537,95 538,84 470,74 473,71 478,71 483,72 487,75 496,75 503,73 510,72 516,74 522,77 491,81 489,87 488,93 487,99 483,103 485,105 488,106 492,106 496,105 475,81 478,79 482,79 485,82 481,82 478,82 502,82 506,80 510,80 514,82 510,84 506,84 481,119 483,116 486,116 489,117 492,116 497,118 503,121 498,123 492,124 489,124 486,123 483,122 482,119 486,119 489,119 492,119 501,120 492,120 489,120 486,119
Z-dx8J7Kv-c/00000219.jpg	1	127	128	235	235	141,168 142,180 144,192 149,204 155,214 161,225 166,237 172,247 181,250 192,247 203,239 213,227 223,215 230,201 236,186 239,170 239,153 140,157 144,154 150,154 156,155 162,157 176,154 185,149 195,145 206,144 216,147 169,166 168,177 167,188 166,198 162,202 166,204 171,206 176,203 182,200 147,168 151,165 157,164 163,168 157,170 151,170 186,165 191,159 198,157 206,159 200,163 192,164 163,215 165,213 169,212 173,212 177,211 186,211 196,211 188,222 180,228 176,229 171,228 167,224 166,216 170,215 174,216 178,215 193,212 179,220 174,221 171,221
Z-dx8J7Kv-c/00000023.jpg	0	155	56	245	146	148,98 149,111 151,124 156,135 165,144 176,152 187,158 199,161 209,161 217,158 221,149 224,140 226,130 227,121 227,111 226,102 224,94 176,83 182,79 189,76 196,76 202,78 210,78 213,76 217,76 219,77 221,79 208,90 211,96 214,103 216,110 206,117 210,118 213,119 215,118 217,116 185,93 189,91 193,90 195,92 193,94 189,94 212,91 214,90 217,90 219,92 217,93 215,93 198,135 205,130 210,128 212,129 214,129 216,131 215,134 215,136 213,137 212,137 209,137 204,137 200,134 210,132 212,132 214,132 214,133 213,132 212,133 209,132
Z-dx8J7Kv-c/00000118.jpg	0	389	72	440	124	394,85 395,92 396,99 398,106 401,113 404,119 408,125 412,130 418,131 425,129 431,125 436,118 441,111 443,104 445,95 445,87 445,79 397,81 399,79 403,79 406,80 409,81 416,80 420,77 424,75 429,75 433,77 413,86 412,91 412,96 412,101 410,104 411,105 413,106 416,105 418,104 402,87 404,86 406,86 409,87 406,88 404,88 420,86 422,84 425,84 428,84 425,86 423,86 409,115 410,113 412,111 414,112 415,111 419,112 423,114 420,118 417,119 415,120 413,119 411,118 411,115 412,114 414,114 416,113 421,114 416,116 414,116 413,116
Z-dx8J7Kv-c/00000011.jpg	0	113	88	187	163	113,110 113,119 113,127 115,136 118,144 123,152 129,159 137,165 146,167 154,167 162,163 166,157 170,150 172,142 174,135 175,127 176,119 128,97 132,94 137,93 143,95 147,98 155,99 160,98 165,99 168,102 171,105 151,108 151,113 151,119 151,125 145,129 147,131 149,133 151,132 153,131 133,108 136,107 139,107 141,109 138,110 135,110 158,112 161,112 164,112 166,115 164,115 160,115 138,144 142,140 146,139 148,141 151,141 154,143 156,147 153,148 150,148 147,148 145,147 142,145 140,144 145,143 148,143 150,144 154,147 150,144 148,144 145,143
Z-dx8J7Kv-c/00000217.jpg	0	461	63	536	138	471,86 471,94 471,102 473,111 474,120 477,129 481,136 487,142 495,143 505,143 515,139 523,133 530,125 535,115 537,105 538,95 539,85 473,76 476,73 481,72 486,73 491,76 499,76 505,74 512,73 518,75 524,78 494,82 493,88 492,94 491,100 487,105 490,106 493,107 496,107 500,106 479,83 481,80 485,80 489,83 485,84 481,84 505,83 509,81 513,81 517,83 513,84 509,84 484,120 487,117 490,116 493,117 496,116 502,117 508,120 502,122 497,123 494,124 491,123 487,122 486,120 491,119 493,120 496,119 506,120 497,120 494,120 491,119
Z-dx8J7Kv-c/00000217.jpg	1	127	128	235	235	144,169 144,180 146,192 152,204 158,215 164,226 169,237 175,247 183,250 194,246 206,238 216,228 226,215 234,202 240,187 243,171 244,154 142,158 146,154 152,153 158,154 165,156 178,153 187,148 197,145 209,144 220,147 171,166 170,176 169,186 167,197 164,201 168,203 172,204 178,202 183,199 150,168 153,164 159,164 166,168 160,170 154,171 188,164 193,158 201,156 208,158 202,163 195,164 166,216 167,213 171,211 175,211 178,210 187,210 198,211 190,222 182,227 178,228 173,228 169,224 169,216 172,214 175,214 179,213 195,212 181,220 176,221 173,220
Z-dx8J7Kv-c/00000050.jpg	0	394	303	446	355	403,319 403,325 405,331 407,337 410,343 413,348 416,353 419,358 423,360 429,359 435,355 440,349 445,343 449,335 450,327 451,319 450,310 403,313 405,312 407,312 410,314 413,315 418,315 422,313 427,312 432,312 436,313 415,320 415,325 414,330 414,336 412,337 414,339 416,339 418,339 421,338 407,319 408,318 411,318 413,320 411,320 408,320 423,320 425,319 428,319 431,319 429,321 426,321 415,345 415,344 416,343 417,344 418,343 422,344 426,345 423,349 420,351 418,351 417,350 416,348 416,345 416,345 417,345 419,345 425,346 419,347 418,347 417,346
Z-dx8J7Kv-c/00000127.jpg	0	337	84	389	136	341,100 342,107 344,115 346,122 349,129 352,135 356,141 360,145 366,146 372,145 378,140 384,134 389,126 392,118 394,110 394,101 394,92 343,94 345,92 348,91 352,92 355,94 362,92 366,89 371,88 376,88 381,90 359,99 359,104 358,110 358,115 356,119 358,120 360,120 363,119 365,118 347,101 349,100 352,100 355,101 352,102 349,103 367,100 369,98 372,98 376,98 373,100 370,100 356,130 357,128 359,126 361,127 363,126 366,127 370,128 367,133 364,135 362,135 360,135 358,134 357,130 360,129 361,129 363,128 369,129 363,131 361,131 360,131
Z-dx8J7Kv-c/00000071.jpg	0	487	238	530	281	491,246 490,251 489,257 489,262 490,267 491,273 493,277 497,281 501,284 507,285 513,284 518,281 522,277 525,273 527,267 529,262 530,257 496,239 498,238 501,238 504,239 507,242 511,244 515,244 519,245 522,247 524,250 508,248 507,251 506,255 505,259 502,260 503,262 504,263 506,263 508,263 498,245 500,245 502,246 503,248 501,248 499,247 513,251 515,251 518,252 520,254 517,254 515,253 498,268 500,267 502,267 504,268 506,268 508,270 511,272 507,273 504,273 502,272 501,271 499,270 499,268 502,269 503,269 505,270 509,272 505,270 503,270 501,269
Z-dx8J7Kv-c/00000097.jpg	0	429	101	481	153	434,111 432,117 432,124 432,130 432,137 434,144 437,151 442,156 448,159 456,160 463,158 469,154 473,149 477,143 479,136 481,129 483,123 441,105 445,103 448,104 452,105 455,107 460,109 464,108 469,109 472,111 475,114 456,114 455,119 454,123 453,128 449,131 451,132 452,134 455,133 457,133 444,113 447,113 449,113 451,115 448,115 446,115 462,118 465,117 468,118 470,120 467,120 465,120 445,139 447,138 450,138 452,139 454,139 457,141 460,144 456,146 452,145 450,145 448,144 446,142 446,140 449,140 451,141 453,142 458,144 453,142 451,142 449,141
Z-dx8J7Kv-c/00000090.jpg	0	435	118	487	170	440,134 439,140 439,145 440,151 440,158 442,164 446,169 450,174 457,175 465,176 471,173 477,169 480,164 483,158 484,152 485,145 486,139 446,127 449,124 452,123 456,124 459,125 464,126 467,124 471,124 475,126 478,129 461,131 460,135 459,139 459,143 456,147 457,148 459,149 461,148 463,148 450,134 452,132 454,132 456,133 454,134 451,134 467,134 469,134 471,134 473,135 471,136 469,135 453,157 454,155 456,154 458,155 460,154 463,156 466,159 463,160 460,160 458,160 456,160 454,159 454,157 456,156 458,157 460,157 464,159 460,157 458,157 456,157
Z-dx8J7Kv-c/00000094.jpg	0	435	101	487	153	438,115 437,120 437,126 437,133 438,139 440,145 443,151 447,156 454,159 461,159 468,157 473,153 478,148 481,142 483,135 485,129 486,122 444,107 447,105 451,105 454,106 457,108 462,109 466,108 470,108 474,110 477,113 458,114 457,119 456,123 455,128 452,131 454,132 456,133 458,133 460,132 447,115 449,114 452,114 454,116 451,116 449,116 465,118 467,117 470,117 472,119 470,120 467,119 449,140 451,139 453,138 455,139 457,139 460,140 463,143 459,145 456,145 454,145 452,144 450,143 450,140 453,140 455,141 457,141 462,143 457,142 455,142 453,141
Z-dx8J7Kv-c/00000063.jpg	0	171	55	245	130	189,90 189,97 189,105 192,112 195,119 199,126 203,133 207,139 213,140 221,139 228,134 236,128 242,120 246,112 248,102 248,93 248,83 192,79 193,76 196,75 199,76 202,77 208,76 213,73 219,72 224,73 229,76 206,83 205,88 205,94 204,99 202,105 204,106 206,107 209,106 212,104 197,86 198,83 201,83 203,85 201,86 198,87 214,84 217,81 220,81 223,83 220,84 217,84 204,120 204,115 206,114 208,114 210,113 214,114 218,117 215,122 211,124 209,125 207,125 205,123 206,119 206,116 208,116 210,116 216,117 210,120 208,121 207,121
Z-dx8J7Kv-c/00000063.jpg	1	439	218	482	262	442,232 442,237 442,241 443,246 444,251 446,256 449,259 453,261 458,262 463,261 468,259 472,256 475,252 476,247 477,241 477,236 478,231 445,224 447,222 449,221 452,221 455,223 460,223 463,222 466,222 469,223 472,225 457,228 457,231 457,234 457,238 454,241 456,241 457,242 459,241 460,241 447,229 449,228 451,228 453,229 451,230 449,230 462,229 464,228 466,229 468,230 466,231 464,230 451,248 453,247 455,246 457,246 459,246 461,247 464,249 461,250 459,250 457,251 455,250 453,250 452,248 455,248 457,248 459,248 463,248 459,248 457,248 455,248
Z-dx8J7Kv-c/00000088.jpg	0	440	118	492	170	445,136 444,141 443,147 443,153 444,158 446,164 449,169 454,174 460,176 468,176 475,175 480,171 484,167 487,161 488,155 489,149 490,143 452,128 454,126 458,125 461,126 464,128 469,128 472,127 476,128 480,130 482,133 465,134 465,137 464,141 463,144 460,148 462,149 463,150 465,150 467,150 455,135 456,134 459,134 461,135 458,136 456,136 471,137 474,136 476,137 478,139 476,139 473,138 456,158 458,156 461,155 462,156 464,156 467,158 470,161 466,162 463,161 461,161 459,160 458,159 457,158 460,157 462,158 464,158 468,160 463,158 462,158 460,157
Z-dx8J7Kv-c/00000065.jpg	0	448	223	491	266	455,239 455,244 455,249 455,254 457,259 459,263 462,267 466,269 471,270 476,270 481,268 485,266 488,262 490,257 491,252 492,247 493,241 458,231 460,229 463,228 466,228 468,230 473,230 476,229 480,230 483,231 485,234 470,235 470,238 470,241 470,244 467,248 468,248 470,249 471,249 473,248 460,236 462,235 464,235 466,236 464,237 462,237 476,237 478,236 480,237 482,238 480,239 478,238 464,256 466,254 468,253 470,254 471,253 474,255 477,257 474,258 471,258 469,258 468,258 466,257 465,256 468,255 470,255 471,255 475,257 471,256 470,256 468,255
Z-dx8J7Kv-c/00000057.jpg	0	155	56	245	146	143,81 144,94 145,109 149,122 157,132 167,142 178,149 190,154 201,154 208,150 212,141 214,130 215,120 217,110 218,101 218,92 216,83 174,74 180,70 186,68 193,69 198,71 212,74 213,71 214,69 215,68 217,68 205,81 208,88 211,95 213,101 202,108 206,109 210,110 212,109 214,107 182,83 185,80 189,80 192,82 189,84 185,84 207,81 209,79 212,79 213,81 212,83 209,83 194,127 200,123 206,121 208,121 210,120 210,122 209,125 209,129 208,132 206,132 204,132 199,131 196,127 205,125 207,124 208,124 208,125 208,126 207,126 205,127
Z-dx8J7Kv-c/00000057.jpg	1	389	297	440	349	398,313 399,319 401,325 403,331 406,337 409,343 412,348 415,353 419,355 425,354 431,349 436,344 441,337 444,329 446,322 446,313 445,305 399,308 401,307 404,308 407,310 409,312 414,312 418,309 422,308 427,307 432,309 412,316 411,321 411,326 410,331 409,333 410,334 412,335 415,334 417,333 403,314 405,314 407,314 409,315 407,316 405,316 419,316 421,315 424,315 427,315 424,317 421,317 411,340 412,340 413,339 414,340 415,339 418,340 422,341 420,345 417,346 415,346 414,346 413,343 412,341 413,341 414,341 415,341 421,341 416,343 414,343 413,342
Z-dx8J7Kv-c/00000033.jpg	0	185	46	275	136	171,80 171,94 173,108 177,121 186,133 196,142 208,150 221,154 232,155 240,151 245,141 247,131 248,119 250,108 251,98 250,88 247,79 202,67 208,63 215,61 222,61 228,63 236,63 238,62 241,61 243,61 245,62 234,75 237,82 240,90 243,98 231,106 235,107 239,108 241,107 243,105 210,78 214,76 217,75 220,77 217,79 214,79 237,77 239,75 242,75 243,77 242,78 239,78 222,126 229,121 235,119 237,120 239,119 240,120 239,124 239,127 238,129 236,130 233,129 228,128 224,125 234,123 237,123 239,123 238,124 238,124 237,124 234,124
Z-dx8J7Kv-c/00000030.jpg	0	185	46	275	136	171,80 172,94 174,107 179,120 188,131 198,139 210,146 222,151 233,151 242,147 246,139 249,128 250,117 251,107 252,97 251,87 248,79 202,65 208,61 215,59 222,59 228,61 236,61 239,60 243,59 245,60 247,62 234,72 237,80 240,87 243,95 232,102 236,104 239,105 241,103 243,101 210,76 214,74 218,73 221,75 218,77 215,77 237,75 240,73 243,73 244,75 242,76 240,76 223,122 230,117 235,116 238,117 240,116 241,117 240,121 240,124 239,125 237,126 234,125 229,124 226,121 235,119 238,120 240,120 239,120 239,120 237,120 235,120
Z-dx8J7Kv-c/00000089.jpg	0	432	115	494	177	444,136 443,142 442,147 442,153 443,159 444,165 447,170 452,174 459,176 466,177 473,175 478,171 482,166 484,160 486,154 487,148 488,142 450,128 452,126 455,125 458,125 461,127 466,127 469,126 473,127 477,129 479,131 463,133 462,137 461,140 461,144 458,148 459,149 461,150 463,150 464,149 452,135 454,134 456,134 458,135 456,136 454,136 469,136 471,135 473,136 475,138 473,138 471,138 455,158 456,156 459,155 460,156 462,156 465,157 468,161 464,161 462,161 460,161 458,160 456,160 456,158 458,157 460,158 462,158 467,160 462,159 460,158 458,158
Z-dx8J7Kv-c/00000020.jpg	0	135	46	225	136	127,85 128,97 129,109 134,120 142,129 152,137 162,144 174,148 184,148 192,146 197,138 199,129 201,119 203,110 205,101 204,92 202,84 154,70 160,67 166,65 173,65 178,68 187,68 190,66 193,66 196,66 198,68 185,79 187,86 189,92 191,99 182,105 185,107 188,108 190,107 192,105 162,81 166,79 170,79 172,81 169,82 166,82 188,81 191,80 194,80 196,82 194,83 191,83 173,122 179,118 184,116 187,117 189,117 191,119 191,122 190,124 189,125 186,125 183,125 179,124 176,121 184,120 187,120 189,120 190,122 189,121 187,121 184,120
Z-dx8J7Kv-c/00000052.jpg	0	155	46	245	136	144,84 145,99 148,113 153,126 163,137 174,146 186,152 198,157 209,156 216,151 219,142 220,131 223,121 224,111 225,101 224,92 221,84 176,74 182,70 190,67 197,67 203,69 211,69 213,67 215,66 217,66 219,66 209,80 212,87 215,94 219,100 207,109 211,110 215,110 218,109 220,107 185,84 189,82 193,80 195,82 193,84 190,85 211,81 213,79 215,79 216,81 215,82 213,82 198,129 205,124 212,121 214,122 216,121 218,122 214,127 217,131 216,135 214,136 211,136 204,134 201,129 211,126 214,126 216,125 213,126 216,128 214,129 211,130
Z-dx8J7Kv-c/00000004.jpg	0	135	94	197	156	138,111 137,119 137,126 137,134 140,142 143,149 148,155 155,159 162,162 169,163 176,161 180,156 184,151 187,145 189,139 191,133 192,126 152,100 156,98 161,98 165,99 168,103 176,106 180,105 184,106 187,110 188,113 171,112 171,117 170,122 170,127 164,130 166,132 168,133 170,134 171,133 156,110 158,109 161,110 163,113 160,113 157,112 177,117 180,117 183,118 184,120 182,121 179,120 158,141 162,140 165,139 166,141 168,141 170,143 172,147 169,148 166,147 165,146 163,145 161,144 160,142 164,142 166,143 167,144 170,146 167,144 166,143 164,142
Z-dx8J7Kv-c/00000227.jpg	0	453	63	527	138	464,83 463,91 464,100 465,109 467,118 469,128 473,136 478,142 486,144 495,143 505,139 514,133 521,125 526,115 529,105 531,94 532,84 466,74 469,71 474,70 479,71 483,74 492,74 498,72 505,71 511,73 517,77 487,80 485,86 484,92 483,98 479,103 481,105 484,106 488,105 491,104 471,80 474,78 477,78 481,81 477,82 474,82 498,82 501,80 505,80 509,82 505,83 501,83 477,119 479,116 482,115 484,116 487,116 493,117 499,121 493,123 488,124 485,124 482,123 479,122 479,119 482,118 484,118 487,119 496,120 487,120 485,120 482,120
Z-dx8J7Kv-c/00000227.jpg	1	115	140	223	247	136,175 136,186 138,197 142,208 148,219 153,230 158,240 164,250 173,253 184,250 194,242 204,231 213,219 219,206 222,192 223,176 223,160 136,168 139,165 144,165 149,167 154,168 166,166 173,161 181,157 190,156 198,159 161,175 160,184 159,193 158,202 155,206 159,208 163,209 167,207 172,205 143,176 146,174 151,174 156,176 151,177 147,178 174,173 178,169 184,168 190,168 185,171 179,172 157,218 158,217 162,215 165,216 169,215 178,214 187,214 180,225 173,230 168,231 164,230 160,226 159,219 163,218 166,219 170,218 184,216 171,224 167,225 163,224
Z-dx8J7Kv-c/00000124.jpg	0	354	84	406	136	358,98 358,105 360,112 362,119 365,125 368,132 372,137 377,142 382,144 388,142 395,137 400,131 405,124 408,116 409,107 410,98 409,90 360,93 362,91 366,91 369,92 373,93 380,92 384,89 389,87 394,87 398,89 376,98 376,103 376,108 375,114 373,117 375,118 377,118 380,117 382,116 364,100 367,99 369,98 372,99 369,101 367,101 384,98 387,96 390,96 393,96 390,98 387,99 373,128 374,126 376,125 378,125 380,124 383,125 387,126 384,131 381,133 379,133 377,133 375,131 375,128 377,127 378,127 380,126 386,126 381,129 379,129 377,129
Z-dx8J7Kv-c/00000239.jpg	0	444	63	519	138	460,86 460,95 461,104 462,112 464,121 466,130 469,139 475,145 482,147 491,146 501,142 509,136 517,128 522,119 525,109 527,98 528,88 463,78 466,75 470,74 476,75 480,78 489,78 495,76 502,75 508,77 513,80 483,84 482,90 481,96 480,102 476,107 478,109 481,109 485,109 488,108 468,84 471,82 474,82 478,85 474,86 471,86 494,85 498,83 502,83 506,86 502,87 498,87 473,123 476,120 479,119 481,119 485,119 490,120 495,124 490,126 485,127 482,127 479,127 476,126 475,123 479,121 481,121 485,121 493,123 485,123 482,124 479,123
Z-dx8J7Kv-c/00000239.jpg	1	116	146	205	236	134,180 134,190 135,201 139,211 143,221 149,232 154,242 159,252 169,255 180,253 190,245 199,235 208,224 214,211 216,197 216,183 215,168 135,171 137,167 141,167 146,168 150,170 163,168 169,164 177,161 185,162 191,165 157,178 157,186 156,195 155,204 151,207 155,210 159,211 163,209 168,207 141,179 144,175 148,176 153,179 149,180 144,180 170,177 173,173 178,173 183,175 178,177 174,177 152,219 154,218 158,217 161,218 165,217 174,217 183,217 176,227 169,232 164,233 160,232 156,227 155,220 158,220 161,221 166,220 181,218 167,227 163,227 159,226
Z-dx8J7Kv-c/00000238.jpg	0	453	66	515	129	460,84 460,92 461,101 462,109 463,117 466,125 470,132 475,138 482,140 490,139 498,135 506,130 512,122 517,114 519,105 521,95 522,86 463,78 466,74 471,74 476,75 480,78 489,78 494,76 501,75 507,77 511,80 484,84 483,91 482,97 481,103 476,106 479,108 482,109 485,108 489,107 468,84 471,82 475,82 478,85 474,86 470,86 493,86 497,83 501,83 504,86 501,87 497,87 473,118 476,116 479,115 482,116 485,116 490,117 495,119 491,124 485,126 482,127 479,126 475,123 474,118 479,118 482,118 485,118 493,119 485,122 482,122 479,121
Z-dx8J7Kv-c/00000238.jpg	1	116	146	205	236	134,181 134,191 136,201 139,212 144,222 150,232 154,242 160,252 169,255 180,252 190,244 199,234 208,223 214,211 216,197 217,183 215,168 134,171 137,168 141,167 146,168 150,171 162,168 169,164 177,161 184,162 191,165 157,178 156,187 155,195 154,204 151,208 155,210 159,211 163,209 167,207 141,179 143,176 148,176 152,179 148,180 144,180 170,177 173,173 178,173 183,175 178,177 174,177 153,220 154,218 158,217 161,218 165,217 173,217 183,217 176,228 168,232 164,233 160,232 156,228 155,221 158,221 161,221 166,220 180,218 167,227 163,228 159,226
Z-dx8J7Kv-c/00000122.jpg	0	356	73	418	135	369,95 369,102 370,108 372,115 375,121 378,127 382,133 386,138 392,140 399,138 405,133 411,127 415,119 417,111 419,103 419,94 419,86 371,90 373,88 376,87 380,87 383,89 390,87 394,84 399,82 404,82 408,84 387,93 386,99 386,104 386,109 383,112 385,114 388,114 390,113 392,112 375,96 377,94 380,94 383,95 380,96 377,97 394,93 396,91 400,91 403,92 400,94 397,94 384,123 385,121 386,119 388,120 390,119 393,120 397,122 394,126 391,127 389,128 387,128 385,126 385,123 387,122 388,122 390,121 395,122 390,124 388,124 387,124
Z-dx8J7Kv-c/00000116.jpg	0	406	72	458	124	412,87 413,94 415,100 417,106 420,113 423,119 426,125 430,129 435,131 441,129 448,125 453,118 457,111 460,103 461,95 461,87 461,78 413,81 415,80 418,80 421,80 424,82 430,81 434,78 438,76 443,75 448,77 427,87 427,91 427,96 427,101 425,105 427,106 429,106 431,105 433,104 417,88 419,87 421,87 424,88 421,89 419,89 435,86 437,85 440,84 443,84 441,86 438,87 426,115 427,113 428,112 429,112 431,111 434,112 438,114 435,118 432,120 431,120 429,120 427,118 427,115 428,114 430,114 431,114 436,114 432,116 430,116 428,116
Z-dx8J7Kv-c/00000096.jpg	0	429	95	481	147	436,111 434,117 433,123 434,130 434,136 436,143 440,149 444,155 450,157 457,158 465,156 470,152 475,147 478,141 481,135 483,128 484,122 443,104 446,102 449,103 453,104 456,106 460,107 465,107 469,107 473,109 476,112 457,113 456,118 455,122 454,127 450,129 452,131 454,132 456,132 458,131 446,112 448,112 450,112 452,114 450,114 447,114 463,116 466,116 469,117 471,118 468,119 465,118 447,138 449,137 451,137 453,138 455,138 458,140 461,142 457,144 454,143 452,143 450,142 448,141 449,139 451,139 453,139 454,140 459,142 454,140 452,140 451,139
Z-dx8J7Kv-c/00000043.jpg	0	400	308	452	360	409,323 409,329 411,336 413,342 416,348 419,353 422,359 425,364 429,366 435,365 441,360 447,354 452,348 456,340 457,332 458,323 458,315 409,317 411,316 414,317 416,318 419,320 425,320 429,318 433,316 438,316 443,317 421,324 421,330 420,335 420,341 418,342 420,344 422,345 425,344 427,343 413,323 414,323 417,323 419,324 416,325 414,325 430,325 432,324 435,324 438,324 435,326 432,326 421,350 421,350 422,349 424,350 425,349 429,350 433,351 430,355 426,356 425,356 423,356 422,353 422,351 423,351 424,351 425,351 431,351 426,353 424,353 423,352
Z-dx8J7Kv-c/00000026.jpg	0	175	56	265	146	165,88 166,101 168,114 172,127 180,137 190,146 201,152 213,157 224,157 232,154 237,145 240,136 241,125 242,115 243,105 243,96 241,87 194,74 200,71 207,69 214,69 220,72 227,72 230,70 234,70 236,70 238,72 225,82 228,89 230,97 233,104 223,110 226,112 229,113 231,112 233,110 202,85 206,83 210,82 212,84 210,86 206,86 228,84 231,83 234,83 235,85 234,86 231,85 214,129 221,125 226,123 228,124 230,123 231,125 231,129 230,131 229,132 227,132 224,132 220,131 217,129 225,127 228,127 230,127 230,128 229,127 228,127 225,127
Z-dx8J7Kv-c/00000215.jpg	0	461	63	536	138	473,85 472,93 473,102 474,111 476,120 478,129 482,136 487,142 496,144 506,144 516,140 524,133 531,125 536,116 539,106 540,96 541,86 475,76 478,73 483,72 488,73 493,76 502,76 508,74 515,73 521,75 526,78 496,82 495,88 494,93 493,99 488,105 491,106 494,107 498,107 502,106 480,82 483,80 487,80 491,83 487,84 483,84 507,83 511,81 515,81 519,84 515,85 511,85 486,120 489,117 492,117 495,117 498,117 504,118 510,121 504,123 498,124 495,124 492,123 488,122 487,120 492,119 495,120 498,120 508,121 498,120 495,120 492,120
Z-dx8J7Kv-c/00000215.jpg	1	127	128	235	235	147,170 147,181 149,193 154,204 160,215 166,225 171,236 177,246 186,248 197,245 208,237 218,227 228,215 234,202 239,187 240,172 240,156 148,160 151,157 156,156 161,157 166,159 179,156 187,151 196,148 206,148 215,151 174,168 173,177 172,186 171,195 168,201 171,203 175,204 180,202 185,199 155,170 158,168 163,167 168,170 163,172 158,172 188,167 192,162 199,161 205,162 200,166 194,167 170,214 171,212 174,210 178,210 181,209 190,209 201,210 193,221 185,226 181,227 177,226 173,222 172,215 175,213 178,213 182,212 198,211 183,220 179,221 176,220
Z-dx8J7Kv-c/00000021.jpg	0	145	56	235	146	134,89 135,101 137,113 141,125 149,134 159,142 169,148 181,153 192,153 201,150 206,143 208,133 210,123 211,113 212,104 211,95 209,87 161,74 167,71 173,69 180,70 186,72 194,72 198,71 201,70 204,71 206,72 192,83 194,90 197,97 199,103 190,110 193,112 196,113 198,111 199,109 169,86 173,84 177,83 179,85 176,87 173,87 196,86 198,84 202,84 203,86 202,87 199,87 181,127 188,123 193,121 195,122 197,121 199,123 199,127 198,129 197,130 195,130 192,130 187,129 184,127 192,125 195,125 197,125 198,126 197,125 195,126 192,125
Z-dx8J7Kv-c/00000099.jpg	0	423	101	475	153	431,116 429,122 428,128 428,135 429,142 431,149 434,155 439,160 446,163 453,164 460,161 466,157 471,152 475,146 477,140 479,133 480,126 438,109 441,107 445,107 449,108 452,111 457,112 461,111 466,112 470,114 472,117 453,118 452,122 451,126 450,131 446,134 448,135 450,136 452,136 454,136 441,117 444,116 446,117 448,118 446,119 443,118 459,121 462,120 465,121 467,123 464,123 462,122 443,143 445,142 447,141 448,142 451,142 453,144 456,147 452,149 449,149 447,148 445,147 444,146 444,143 447,144 448,144 450,145 455,147 450,145 448,145 446,144
Z-dx8J7Kv-c/00000080.jpg	0	475	147	527	199	480,159 479,164 479,170 478,176 479,182 481,187 484,192 488,196 494,198 500,199 507,198 511,195 515,191 518,186 520,180 522,174 523,168 486,151 489,149 492,150 496,151 498,153 504,155 508,155 511,155 514,157 517,160 500,160 499,163 499,167 498,171 494,173 496,175 497,176 499,176 501,175 489,158 491,157 493,158 495,160 493,160 490,160 505,163 508,162 510,163 512,165 510,165 507,164 490,182 492,180 495,180 497,181 498,181 501,183 503,186 500,187 497,186 495,186 494,185 492,184 491,182 495,182 496,183 498,183 502,186 498,184 496,183 494,183
Z-dx8J7Kv-c/00000009.jpg	0	121	87	183	149	120,102 120,110 119,118 120,127 123,135 127,143 133,150 141,154 149,157 158,156 165,153 170,147 173,141 175,133 177,126 179,119 179,112 133,89 137,87 142,86 147,87 151,90 160,92 164,91 169,92 172,95 174,99 155,100 155,105 155,111 154,116 148,120 150,122 153,123 155,123 157,123 138,100 141,99 144,99 146,102 143,102 140,102 161,105 165,104 168,105 170,107 167,108 164,107 142,133 146,131 150,131 152,132 154,132 157,134 159,138 156,139 153,139 151,138 148,137 145,136 144,134 149,133 152,134 154,135 157,137 153,135 151,135 149,134
Z-dx8J7Kv-c/00000054.jpg	0	155	46	245	136	142,85 144,99 147,114 152,127 162,138 173,147 185,153 197,157 208,157 214,152 216,142 218,132 220,121 221,111 222,101 221,92 218,84 175,75 181,71 188,68 195,68 201,70 208,70 210,68 213,67 215,67 217,68 207,80 210,87 213,93 217,100 205,109 209,110 213,110 216,109 218,106 184,84 187,81 191,80 194,82 191,84 188,85 208,80 210,79 213,79 214,80 213,81 211,81 196,129 203,123 209,121 212,122 214,120 215,122 212,127 215,131 214,135 212,136 208,136 202,134 199,129 209,125 212,125 214,125 211,126 214,128 212,129 209,130
Z-dx8J7Kv-c/00000126.jpg	0	343	84	394	136	347,101 348,108 349,115 351,122 354,129 357,136 361,141 366,145 371,146 377,145 383,140 389,134 393,127 396,119 398,110 399,102 398,93 349,95 351,93 355,93 359,93 362,95 369,94 373,92 378,90 383,90 387,92 366,100 366,105 365,110 365,116 363,120 365,121 367,121 369,120 371,119 354,102 356,101 359,101 362,102 359,103 356,103 373,101 376,99 379,99 382,99 379,101 376,102 362,131 364,129 366,128 367,128 369,127 372,128 376,129 373,134 370,136 368,136 367,136 364,134 364,131 366,130 368,130 369,129 375,130 370,132 368,132 366,132
Z-dx8J7Kv-c/00000114.jpg	0	411	66	474	129	426,91 426,97 428,103 431,110 434,117 438,123 442,129 446,134 451,135 458,134 464,128 470,122 475,114 478,106 479,97 480,88 480,79 426,86 428,84 431,83 435,84 438,86 442,84 447,80 453,78 459,78 464,81 442,90 442,95 441,101 441,106 439,110 441,111 444,111 446,110 448,109 431,91 433,89 436,89 439,91 436,92 433,93 449,89 451,85 455,85 458,86 456,89 452,89 441,119 442,118 443,117 444,117 446,117 449,117 454,118 451,122 448,124 446,124 445,124 443,122 443,119 444,119 445,119 446,119 452,118 447,120 445,121 444,120
Z-dx8J7Kv-c/00000223.jpg	0	126	146	215	236	142,179 142,189 144,200 147,210 152,221 156,231 161,241 167,250 177,252 187,249 198,242 207,232 216,221 222,209 224,196 225,181 224,167 143,169 145,165 149,164 154,165 158,166 171,164 177,160 185,157 192,157 199,161 165,174 164,182 163,190 162,199 159,204 162,206 166,207 171,205 175,202 149,176 151,173 156,173 160,176 156,177 152,177 178,173 181,169 185,169 190,170 186,172 182,173 161,217 162,215 165,214 168,214 172,213 180,213 190,214 183,223 176,228 171,229 167,229 163,225 163,218 166,217 169,217 173,216 187,215 174,223 170,224 167,223
Z-dx8J7Kv-c/00000223.jpg	1	453	63	527	138	466,82 466,90 466,99 468,108 469,118 472,127 475,136 480,143 489,145 498,144 509,140 518,133 525,124 530,115 533,104 534,94 535,83 468,73 471,70 476,69 481,70 485,73 494,74 500,72 507,71 514,72 519,76 489,80 487,86 486,91 484,98 481,103 483,105 486,106 490,105 494,104 473,80 476,78 480,78 483,80 479,81 476,81 500,81 503,79 508,79 512,82 508,83 503,83 479,119 481,116 484,115 487,116 490,115 495,117 501,120 496,123 490,125 487,125 484,124 481,122 481,119 484,118 487,119 490,119 499,120 490,120 487,120 484,120
Z-dx8J7Kv-c/00000012.jpg	0	113	88	187	163	111,114 110,123 110,132 112,141 116,149 120,157 126,164 135,169 144,171 153,171 160,167 165,161 168,153 170,145 173,138 174,130 174,123 126,100 131,97 136,96 142,98 146,101 155,103 159,101 164,102 167,105 170,108 151,111 150,117 150,123 150,129 144,133 146,135 149,136 151,136 153,135 131,112 134,110 138,111 140,113 137,114 134,113 157,116 160,115 164,116 166,118 163,119 160,118 136,147 141,145 145,144 148,145 150,145 153,147 155,151 152,152 149,152 146,151 144,151 140,149 138,148 145,147 147,147 149,148 153,151 149,148 147,148 145,147
Z-dx8J7Kv-c/00000032.jpg	0	185	46	275	136	170,81 171,95 173,109 178,123 187,134 198,143 209,150 222,154 234,154 242,150 246,141 249,131 250,119 251,109 252,99 251,89 249,80 202,68 208,64 215,61 223,61 229,64 237,64 240,62 243,61 245,62 247,63 235,75 238,83 241,90 245,98 233,106 237,107 240,108 243,107 244,104 211,78 215,76 219,76 221,78 219,79 215,80 238,77 240,75 243,75 244,77 243,79 241,78 223,126 230,121 236,119 240,120 242,119 243,120 241,124 242,127 241,129 239,130 235,129 230,128 226,125 236,123 239,123 241,123 240,124 241,124 239,124 236,124
Z-dx8J7Kv-c/00000007.jpg	0	128	80	190	142	127,99 126,107 126,115 127,123 130,131 134,139 139,145 146,150 154,153 162,153 168,150 173,145 177,139 179,132 182,126 183,119 184,112 141,87 145,85 150,85 155,86 158,89 166,92 170,91 175,92 178,95 180,99 162,99 161,104 161,109 161,115 155,118 157,120 159,122 161,121 163,121 145,97 148,96 151,97 153,100 150,100 147,99 167,104 171,103 174,104 176,107 173,107 170,106 148,130 152,128 156,128 158,129 160,129 163,132 165,136 162,137 159,136 156,135 154,134 151,133 150,131 155,131 157,132 160,132 163,135 159,133 157,132 155,131
Z-dx8J7Kv-c/00000059.jpg	0	155	56	245	146	142,78 143,93 144,107 148,120 156,132 167,141 178,149 191,153 202,153 209,149 213,140 215,129 217,119 219,109 220,100 220,90 218,82 173,73 179,70 185,68 192,69 198,72 212,75 213,73 215,70 216,69 218,68 205,82 208,89 210,95 213,102 202,108 206,109 210,110 212,109 214,107 181,82 185,80 189,79 191,82 189,84 185,84 208,82 209,79 212,79 214,81 212,83 210,83 193,127 200,123 206,121 209,122 211,121 211,122 209,125 210,128 209,131 207,131 204,131 199,130 196,127 205,124 208,124 209,124 208,125 209,126 208,126 205,126
Z-dx8J7Kv-c/00000059.jpg	1	389	297	440	349	398,313 399,319 400,325 403,331 405,337 409,342 411,347 414,352 419,354 424,353 430,349 436,343 440,337 444,329 445,321 445,313 445,305 399,307 401,307 403,307 406,309 408,310 414,310 418,308 422,306 427,306 431,308 411,315 411,320 410,325 409,331 408,332 409,333 412,334 414,333 416,332 402,314 404,313 406,313 408,314 406,315 404,315 418,315 421,314 423,314 426,314 424,316 421,316 410,339 411,339 411,338 413,339 414,338 418,339 422,340 419,344 416,345 414,345 412,345 411,342 411,340 412,340 413,340 414,340 420,340 415,342 413,342 412,341
Z-dx8J7Kv-c/00000234.jpg	0	453	66	515	129	460,84 460,92 461,101 462,109 464,117 467,125 471,131 476,137 483,138 492,138 500,134 507,128 513,121 517,113 520,104 521,94 522,85 463,78 466,75 471,74 476,75 480,78 489,78 494,76 501,75 507,76 512,79 484,84 483,90 482,96 481,102 477,106 479,107 482,108 486,108 489,107 468,84 471,82 475,82 478,85 474,86 471,86 494,85 497,82 501,83 505,85 501,86 497,86 473,118 476,116 480,115 483,116 486,115 491,116 496,118 491,123 486,125 483,125 480,125 476,123 475,118 480,118 483,118 486,118 494,119 486,120 483,121 480,120
Z-dx8J7Kv-c/00000234.jpg	1	116	146	205	236	136,180 135,190 137,200 141,211 145,221 150,231 155,241 161,251 170,254 181,251 191,244 201,234 209,223 215,210 217,196 217,182 216,167 135,170 137,167 141,166 146,167 150,170 162,167 169,163 177,160 185,161 192,164 158,177 157,186 156,194 155,203 152,207 155,209 159,210 164,208 168,206 142,178 144,175 148,175 153,178 149,179 144,179 170,176 173,172 178,172 183,174 179,176 174,176 154,220 155,218 158,217 162,217 166,216 174,216 183,217 176,227 169,231 164,232 161,231 157,227 156,220 159,220 162,220 167,220 181,218 168,225 163,226 160,225
Z-dx8J7Kv-c/00000084.jpg	0	452	124	504	176	459,140 458,145 458,151 458,157 459,163 460,168 464,173 468,176 475,178 481,179 488,177 493,174 497,170 500,165 502,159 503,153 503,148 466,132 468,130 472,129 475,129 478,131 483,132 486,131 490,132 494,134 496,137 479,138 479,141 478,145 477,148 474,152 475,153 477,154 479,154 481,153 469,139 471,137 473,138 475,139 472,140 470,139 485,141 487,140 490,141 492,143 489,143 487,142 471,162 473,159 475,159 476,159 478,159 481,161 484,164 480,165 478,165 476,164 474,164 472,163 472,162 475,161 476,161 478,161 482,164 478,162 476,162 474,161
Z-dx8J7Kv-c/00000220.jpg	0	126	146	215	236	146,178 145,187 147,198 150,209 155,219 160,229 164,239 170,248 179,251 190,248 200,241 209,231 218,220 224,207 227,193 227,179 226,164 146,168 148,164 152,163 157,163 162,165 174,163 181,158 188,155 196,156 202,160 168,172 168,181 167,189 166,197 163,202 166,204 170,205 174,203 178,201 152,175 155,171 159,171 163,174 160,175 156,176 181,171 184,167 189,167 193,169 190,171 185,171 164,216 165,214 169,212 172,213 176,211 184,212 193,213 186,222 179,227 175,228 171,228 167,224 166,217 170,215 173,215 177,215 190,214 178,222 174,223 170,222
Z-dx8J7Kv-c/00000220.jpg	1	453	63	527	138	468,84 468,92 468,101 470,110 472,119 474,128 477,137 482,142 490,145 499,144 509,140 518,134 525,126 530,117 533,107 535,96 537,85 470,74 473,70 478,70 483,71 487,73 496,74 502,72 509,71 515,73 521,77 490,80 489,86 488,92 486,98 483,103 485,105 488,106 492,105 495,104 475,81 478,79 482,79 485,81 481,82 478,82 501,82 505,79 509,80 513,82 509,83 505,83 481,120 483,117 486,115 488,116 491,116 497,118 502,121 497,124 491,125 488,125 486,124 483,123 483,120 486,118 488,119 491,119 500,121 491,121 488,121 486,120
Z-dx8J7Kv-c/00000006.jpg	0	128	87	190	149	130,100 129,108 128,116 129,125 132,132 136,140 142,146 149,151 157,154 164,154 171,151 176,147 179,141 182,134 184,127 186,121 186,114 144,89 148,87 153,87 158,88 161,92 169,94 174,94 178,95 181,99 183,102 165,102 165,107 164,112 164,117 157,120 159,122 162,124 164,124 166,123 148,99 151,99 154,100 156,102 153,102 150,101 170,106 174,106 177,107 178,110 176,110 173,109 151,132 156,130 159,130 161,131 163,132 165,134 167,138 164,138 161,137 159,137 157,136 154,134 153,132 158,133 160,133 162,134 165,137 162,135 160,134 158,133
Z-dx8J7Kv-c/00000218.jpg	0	461	63	536	138	470,85 469,93 470,102 472,111 474,120 476,129 480,136 486,142 495,144 505,143 515,139 523,132 530,124 534,114 536,104 538,94 538,84 472,76 475,73 480,72 485,73 490,75 498,76 504,74 511,73 517,74 523,77 493,82 492,88 491,94 490,100 486,105 489,107 492,107 496,107 499,106 477,82 480,80 484,80 487,83 483,84 480,84 504,83 508,81 512,81 516,83 512,84 508,84 483,120 486,118 490,117 493,117 496,117 501,118 507,120 502,123 496,124 493,124 490,123 486,122 485,120 490,120 493,120 496,120 505,120 496,120 493,120 490,120
Z-dx8J7Kv-c/00000218.jpg	1	135	146	225	236	149,178 148,187 150,198 153,209 157,219 162,229 166,239 172,248 182,251 193,248 203,240 213,231 222,220 228,207 230,194 231,179 230,165 149,167 151,163 155,162 159,163 164,164 177,162 183,158 190,155 198,156 204,159 170,172 170,180 169,188 168,197 165,202 168,204 172,205 176,202 181,200 155,175 157,171 162,171 166,174 162,175 158,175 184,171 186,167 191,166 196,168 192,170 187,171 166,216 167,213 171,211 174,212 178,211 186,211 195,212 189,222 181,226 177,227 173,227 169,223 169,216 171,215 175,215 179,214 193,213 180,222 176,223 172,222
Z-dx8J7Kv-c/00000237.jpg	0	453	66	515	129	460,84 460,92 460,100 461,109 463,117 466,125 470,132 475,137 482,139 490,139 498,135 506,129 512,122 517,113 519,104 521,95 522,85 463,78 466,75 471,74 476,75 480,78 488,79 494,76 500,76 507,77 511,80 484,85 483,91 482,97 481,103 476,106 479,108 482,109 485,108 489,107 468,84 471,82 474,82 478,85 474,86 470,86 493,86 496,83 501,83 504,86 501,87 497,87 472,118 475,116 479,115 482,116 485,116 490,117 495,119 491,124 485,126 482,126 478,126 475,123 474,118 479,118 482,118 485,118 493,119 485,121 482,122 479,121
Z-dx8J7Kv-c/00000237.jpg	1	116	146	205	236	135,181 135,191 136,201 140,212 145,222 150,232 155,242 160,251 170,254 180,252 191,244 200,234 209,223 214,211 217,197 217,183 216,168 135,171 137,168 141,167 146,168 151,171 162,168 169,164 177,161 185,162 191,166 157,178 157,187 156,195 155,204 152,208 155,210 159,211 163,209 168,207 142,179 144,175 148,176 153,179 149,180 144,180 170,177 173,173 178,172 183,175 178,177 174,177 154,220 155,218 158,217 161,218 165,217 174,217 183,217 176,227 169,232 164,233 160,232 156,228 156,221 159,220 162,221 166,220 180,218 167,227 163,228 160,226
Z-dx8J7Kv-c/00000001.jpg	0	142	101	204	163	149,118 148,125 148,132 149,139 151,146 154,153 158,159 164,163 171,165 179,166 185,163 190,159 193,154 196,148 198,142 200,136 201,130 160,108 164,105 168,105 172,106 175,109 182,110 186,110 190,111 193,114 195,117 178,117 178,122 177,127 177,131 171,134 173,136 175,138 177,137 179,137 164,117 166,116 169,116 171,118 168,119 166,118 183,122 186,121 189,122 191,124 188,124 186,124 166,145 170,144 173,143 174,144 176,144 179,146 181,150 178,151 175,150 173,150 171,149 169,147 168,146 172,146 174,146 176,147 179,149 176,147 174,147 172,146
